97.07
91.54
96.29
107.54
106.05
95.13
87.15
88.21
95.34
107.16
115.32
113.76
110.29
105.37
102.42
104.15
108.93
111.04
106.06
94.17
91.09
97.39
100.66
104.96
111.31
114.76
114.15
112.24
108.39
98.79
92.37
96.42
101.28
99.50
91.84
93.46
104.64
104.44
96.07
95.92
105.52
106.90
107.02
102.80
91.19
90.01
93.63
96.67
94.21
93.27
100.17
101.68
97.23
89.55
90.66
101.01
105.40
98.20
91.55
98.14
106.35
102.58
90.45
90.67
92.00
96.83
103.30
108.56
107.64
97.65
93.34
98.63
100.95
98.89
92.02
86.96
88.45
97.21
103.46
102.94
94.15
90.92
89.08
95.40
106.44
114.27
112.53
103.71
94.15
92.46
101.53
108.08
101.31
98.16
97.49
90.96
85.62
86.53
96.12
112.72
118.40
118.65
113.68
101.41
91.71
88.05
87.85
95.12
97.11
100.64
102.42
107.05
112.37
114.65
112.39
109.13
98.15
86.59
85.89
88.74
89.09
90.61
92.53
103.19
104.80
107.79
107.59
97.34
88.37
88.41
92.94
94.51
102.41
104.75
97.23
87.56
85.58
86.39
91.28
92.80
94.97
97.38
103.98
102.62