96.47
90.33
93.49
94.66
97.20
98.08
96.59
101.34
98.19
88.86
87.92
89.29
98.50
105.64
105.90
106.48
106.34
100.24
96.63
102.40
111.22
115.52
114.45
109.70
105.36
102.98
97.95
93.70
95.60
96.54
98.33
99.03
102.82
103.41
101.17
103.57
108.52
104.72
96.01
92.32
91.70
96.30
98.77
102.96
102.89
93.90
87.15
85.69
90.46
92.68
92.06
89.27
89.30
96.05
107.49
105.79
99.48
100.95
105.56
106.51
105.93
98.10
91.79
92.35
96.84
101.58
100.73
97.33
101.91
108.37
110.85
111.90
113.25
113.65
111.85
102.50
97.47
92.77
89.93
93.42
92.44
98.53
108.31
112.89
112.90
112.51
109.45
99.09
89.08
85.12
88.56
92.63
103.94
108.97
106.01
96.39
88.73
85.41
90.78
105.06
112.75
106.10
93.56
94.89
106.72
110.22
100.35
91.84
90.01
94.33
106.15
111.37
104.19
99.91
95.66
92.31
98.68
108.42
111.92
107.00
92.77
84.62
90.12
103.20
108.01
99.31
90.68
88.42
89.88
90.71
91.46
89.43
90.20
98.03
104.96
105.33
106.22
109.73
104.09
91.59
89.84
92.28
98.95
105.25