100.97
97.89
103.15
108.62
108.93
103.94
93.90
91.07
91.05
99.06
104.00
96.43
86.89
89.73
94.05
100.46
105.59
110.78
109.96
103.69
102.25
107.63
108.61
97.89
88.51
90.70
100.91
111.25
115.53
110.27
104.18
103.21
102.04
99.67
98.44
103.52
105.20
96.30
86.32
84.21
85.99
88.18
97.04
114.28
114.91
109.45
99.97
94.42
91.21
92.22
91.06
96.22
100.26
97.86
102.09
103.98
104.96
105.34
97.72
90.39
92.34
104.40
111.90
112.76
106.26
99.00
90.45
85.84
88.83
99.39
104.80
97.66
95.39
93.55
94.16
97.28
99.51
104.52
103.63
97.00
97.88
98.28
98.90
94.28
93.27
98.97
108.63
106.38
103.84
102.80
105.56
100.63
88.86
88.03
98.71
98.82
90.87
85.90
85.52
89.61
99.68
101.32
103.36
106.76
108.27
105.34
98.58
92.04
94.32
105.83
104.62
96.14
89.05
91.06
103.75
105.14
99.47
90.39
84.92
85.49
88.98
93.66
106.80
113.67
110.56
108.26
102.69
94.16
88.05
90.72
91.02
91.18
91.84
97.53
96.97
100.98
99.62
100.07
96.58
96.39
96.49
101.13
101.81
93.68