100.61
97.42
99.04
106.94
110.17
112.47
112.05
105.69
98.88
100.20
97.98
100.19
96.87
92.81
91.26
89.76
91.72
102.07
103.46
101.50
99.64
103.64
103.07
100.80
100.77
98.79
94.78
96.55
102.65
103.54
98.87
100.66
102.39
98.38
96.76
102.34
98.63
93.50
99.37
110.87
114.28
111.66
104.07
102.62
97.36
87.77
87.24
95.11
103.94
110.02
106.37
93.64
84.57
84.66
88.82
90.01
88.72
90.39
92.96
101.09
105.62
108.28
110.30
111.87
111.80
107.59
102.40
100.02
97.88
97.33
91.57
85.91
89.15
101.65
102.90
106.35
100.50
95.24
93.84
90.12
88.61
87.97
91.90
100.42
103.64
107.53
110.28
111.51
108.11
105.09
104.27
105.67
102.45
98.09
96.31
94.48
97.74
100.28
105.57
109.44
111.16
110.01
100.35
94.82
90.69
91.46
100.80
112.26
112.73
108.04
95.78
87.25
93.40
105.40
101.04
97.14
94.25
89.30
91.66
95.10
96.16
97.05
93.73
94.53
102.52
100.33
93.94
88.26
89.82
96.96
104.01
100.26
90.17
91.29
100.56
110.40
114.35
108.23
92.19
87.17
95.58
106.85
110.10
106.34