101.98
105.11
113.09
116.68
116.80
115.91
110.61
99.42
86.74
83.21
84.63
85.20
85.10
85.46
88.02
93.02
105.20
104.44
93.38
87.00
89.21
101.28
107.63
108.38
103.29
101.88
107.03
110.65
104.78
90.01
86.08
87.97
89.02
92.07
92.55
100.95
111.79
110.38
105.72
106.38
108.78
104.66
99.21
91.76
87.30
87.59
87.66
87.13
86.80
89.11
89.54
88.27
88.85
90.13
91.35
89.44
94.93
95.54
91.01
87.52
92.48
107.92
111.10
111.89
110.97
101.67
96.89
102.58
108.11
106.94
96.34
89.37
86.55
87.81
96.19
98.76
104.75
104.09
99.88
91.64
86.03
90.47
106.31
106.63
94.27
87.73
91.72
97.39
102.48
96.98
97.09
95.91
94.86
101.19
103.59
106.70
101.70
100.73
106.43
108.76
107.54
97.82
94.06
102.63
110.78
107.37
95.54
93.79
98.08
106.45
108.22
106.19
107.22
105.25
102.04
98.03
89.93
85.28
85.96
86.95
86.96
89.39
99.02
110.74
108.25
103.19
94.69
90.01
95.08
106.46
109.37
110.14
109.68
105.53
105.89
106.75
108.61
110.05
111.96
105.16
90.13
84.55
85.18
87.66