98.49
93.64
100.76
108.62
105.90
103.72
99.65
90.87
87.06
86.10
90.18
91.46
91.79
96.05
105.67
106.50
95.72
87.06
85.75
87.24
92.42
98.35
102.91
109.89
112.56
105.31
98.93
96.13
95.74
91.73
87.27
89.92
92.97
94.85
102.41
101.91
101.27
102.66
97.13
88.26
84.44
84.48
86.62
88.07
92.93
94.24
89.80
92.51
98.04
95.02
89.16
93.06
96.51
99.37
106.41
105.16
105.73
107.38
101.45
92.23
87.27
89.75
90.44
87.51
91.19
101.83
99.82
100.38
104.16
106.01
98.64
95.16
100.80
104.66
108.77
113.09
111.82
110.46
107.56
96.56
94.71
100.17
101.29
105.44
104.80
95.65
94.16
97.87
105.63
111.49
112.10
107.06
99.51
98.31
99.42
101.18
97.18
91.41
96.52
103.21
97.21
95.37
97.83
98.33
97.94
103.66
104.92
104.85
98.42
91.77
88.29
87.01
87.51
87.88
90.57
99.20
104.94
97.54
87.77
88.21
100.52
114.76
116.11
114.63
112.78
105.83
100.68
98.65
92.54
87.73
86.59
90.26
103.67
108.69
108.43
110.26
109.21
105.21
98.60
93.27
87.63
87.86
91.88
95.28