97.63
92.28
102.06
114.70
112.47
101.13
91.24
91.12
100.97
104.98
107.68
111.37
110.33
98.61
85.80
84.07
85.46
88.28
100.27
104.60
97.52
94.36
102.12
105.89
106.53
100.75
99.11
94.73
94.10
98.81
107.23
110.79
111.81
104.61
98.26
92.42
88.90
91.92
91.91
90.48
92.35
95.88
97.23
104.24
102.86
104.96
104.73
97.55
92.67
95.42
96.71
100.05
100.53
102.16
102.33
105.09
110.57
110.36
98.90
88.99
90.22
93.72
95.60
95.84
98.02
103.80
100.16
90.53
87.08
94.61
101.55
96.68
88.26
87.38
93.11
106.74
115.63
115.31
106.88
95.42
96.95
107.70
110.42
104.49
95.72
88.72
86.70
87.33
95.55
108.60
108.72
103.02
95.91
92.18
93.64
91.87
91.68
92.18
95.77
104.62
108.27
111.40
105.90
99.18
90.86
88.16
90.56
94.15
94.56
101.86
111.58
107.25
94.58
93.46
104.55
103.11
100.08
102.85
106.43
101.20
89.16
87.64
90.21
96.30
107.59
104.07
92.18
93.68
102.17
100.19
96.64
100.29
96.45
99.20
102.17
107.02
108.66
104.53
98.78
98.89
95.64
92.15
95.71
96.02