102.82
97.05
94.65
95.67
98.64
96.82
102.05
111.70
111.98
109.93
108.66
109.66
106.50
100.81
93.39
93.04
103.69
108.70
107.65
107.49
103.83
94.50
94.33
104.29
112.06
106.80
102.21
104.52
101.91
99.75
92.88
92.17
94.39
98.24
98.20
93.09
90.69
93.49
97.68
95.15
94.19
99.89
103.44
107.09
100.52
87.89
83.63
86.79
88.59
87.83
87.38
87.28
90.68
104.67
115.09
116.70
109.24
100.74
93.69
92.53
96.74
106.73
113.42
115.69
114.50
108.43
105.15
100.72
92.06
91.34
99.20
108.27
112.69
109.70
96.30
92.12
94.19
95.76
103.82
101.95
98.87
102.08
106.18
107.36
99.74
94.27
92.11
97.07
104.99
111.93
105.95
94.58
86.16
86.92
88.67
96.54
104.16
103.13
106.41
111.22
109.55
98.70
87.13
86.21
87.24
90.82
90.99
91.68
92.10
95.60
96.11
102.38
111.92
109.67
106.66
107.94
108.80
101.19
92.29
96.91
109.83
106.45
94.58
92.87
93.44
92.79
89.19
87.96
95.87
109.96
108.26
105.37
100.53
99.08
93.66
86.98
85.24
86.18
86.37
90.55
95.01
104.09
102.59
96.97