99.43
99.28
110.77
113.82
111.13
102.94
100.88
95.74
88.61
86.39
94.05
102.36
106.61
106.80
104.86
105.49
107.49
110.71
110.57
103.35
95.91
97.87
98.53
103.66
108.19
110.57
110.47
105.91
104.46
100.00
97.65
92.71
96.08
104.68
101.13
93.80
90.22
88.01
86.19
89.92
91.11
93.45
95.01
98.87
108.65
115.61
116.43
113.63
110.64
109.16
108.84
105.79
101.97
95.10
87.85
89.63
90.46
91.33
91.86
99.44
107.78
108.74
107.02
102.17
102.46
105.62
103.41
97.95
96.48
99.04
105.47
108.61
111.60
108.32
106.04
107.09
110.62
111.95
105.78
93.76
94.63
95.03
94.04
94.20
95.23
95.10
98.98
103.70
110.21
111.56
106.17
94.65
88.52
90.27
94.47
96.81
105.46
109.67
101.14
88.49
85.58
85.90
88.92
94.23
102.23
111.84
111.22
106.21
106.42
110.32
106.31
102.39
94.41
88.25
93.40
95.65
98.50
103.32
100.35
97.72
93.42
90.18
88.41
91.50
95.31
103.24
108.70
106.22
104.90
98.35
91.05
94.78
106.54
114.39
114.84
113.53
111.23
108.93
99.48
96.71
99.84
105.71
105.66
102.40