98.86
91.50
92.57
96.48
95.28
95.10
92.86
90.08
87.53
88.08
94.63
101.18
101.24
102.53
99.06
96.88
95.18
90.43
90.53
96.49
103.79
100.33
102.45
103.03
95.06
91.00
98.67
99.85
93.63
97.63
106.85
108.82
104.65
103.95
109.03
109.77
109.48
110.87
111.76
110.72
106.40
102.75
93.55
90.40
95.98
106.07
111.35
112.15
110.23
101.17
94.26
91.83
89.21
90.00
91.45
93.00
97.68
98.41
92.34
88.70
86.86
86.04
88.68
92.50
98.76
95.66
97.50
105.27
111.48
111.53
110.57
103.83
98.78
101.40
101.68
98.38
102.42
107.31
108.40
107.98
100.26
93.65
93.17
93.55
91.85
88.12
91.56
100.92
101.42
96.01
98.92
108.28
112.21
104.58
95.48
89.54
90.79
90.86
92.83
99.73
108.19
111.33
113.08
113.59
109.71
100.42
93.42
89.74
93.10
96.48
98.83
97.79
98.33
103.91
111.18
106.32
90.85
85.68
94.52
109.75
106.66
94.09
85.37
84.69
85.48
87.98
91.55
102.12
104.17
94.53
93.14
94.40
93.90
99.02
105.22
107.84
99.35
86.79
83.54
85.41
91.96
105.78
106.74
95.26