97.05
90.20
90.97
92.52
93.31
97.67
101.32
102.40
106.81
111.36
112.77
108.84
100.13
100.26
98.96
98.36
100.87
97.23
89.94
91.87
101.67
100.75
98.76
105.30
107.60
110.06
105.10
90.73
83.28
85.29
90.30
96.80
108.74
115.61
117.35
111.59
105.76
97.32
88.23
90.10
95.37
100.79
104.06
109.51
111.00
103.45
89.73
84.35
85.18
87.80
90.00
92.10
91.36
90.94
96.28
106.72
103.85
96.71
90.00
88.79
90.29
89.04
90.46
100.63
113.35
115.51
113.52
102.20
87.77
89.75
91.84
88.93
89.34
95.72
103.28
99.96
92.77
94.34
93.29
99.55
98.78
91.27
86.11
85.63
85.88
90.45
107.72
118.02
114.60
110.57
102.27
92.38
89.62
95.04
98.70
101.85
96.80
99.08
108.07
109.20
101.62
94.73
91.29
94.89
106.00
106.00
102.40
95.11
90.65
87.04
91.82
100.74
106.25
102.98
94.30
92.57
90.53
93.74
102.41
110.72
112.13
107.38
94.42
91.63
99.03
107.31
102.22
97.18
94.83
90.71
88.95
96.51
98.43
101.33
105.13
106.99
104.55
104.23
102.08
103.78
103.94
102.05
102.26
103.56