97.22
90.57
100.30
112.06
109.80
97.28
88.65
86.06
88.44
89.32
90.15
99.00
109.49
103.69
90.94
87.98
97.96
110.06
113.44
113.87
114.45
109.45
95.63
93.54
93.68
98.91
101.89
94.48
90.80
96.17
102.49
103.43
104.00
98.31
99.75
107.99
110.74
108.62
98.62
89.73
90.00
100.16
111.19
108.77
104.50
99.52
93.57
98.00
99.93
96.21
99.76
104.60
99.58
96.64
91.29
87.94
87.56
91.16
92.07
99.96
108.79
113.66
112.36
100.96
90.51
86.90
94.24
107.63
115.40
116.65
107.91
91.18
86.25
91.69
103.09
105.33
97.26
88.62
85.03
84.91
87.85
98.01
106.47
103.87
99.92
96.15
100.77
105.36
106.74
105.51
96.36
89.36
87.25
91.07
99.65
103.70
100.26
92.26
88.58
92.94
106.05
115.35
109.25
97.71
97.92
96.73
89.91
85.15
85.13
86.77
92.15
108.35
113.17
111.34
109.85
106.74
97.68
88.29
88.29
94.77
105.38
110.24
107.28
97.30
95.00
101.18
97.60
87.87
84.25
85.64
87.88
98.08
105.55
98.42
95.94
94.18
98.63
103.42
106.53
99.61
94.32
97.20
104.11
98.81