98.51
89.94
87.91
95.00
99.17
107.35
104.08
101.94
100.81
99.85
98.11
94.83
90.81
93.09
92.99
96.70
100.28
103.65
101.73
91.96
93.70
105.35
105.61
98.53
91.66
93.93
93.71
99.08
97.67
96.84
100.34
95.59
98.36
107.72
108.30
107.98
105.74
106.82
108.31
107.02
97.98
86.78
86.81
88.63
87.57
88.69
93.41
103.13
108.22
111.98
112.54
108.18
102.61
104.01
100.60
94.84
94.45
92.55
97.55
96.06
89.39
88.42
97.44
98.86
100.61
106.79
110.25
111.73
109.90
99.68
96.87
96.67
90.24
88.99
95.90
96.72
94.21
91.86
98.21
103.39
106.82
107.33
105.77
96.65
92.72
97.74
108.49
105.44
92.20
85.76
87.94
90.76
100.90
101.81
98.51
90.91
86.95
86.13
88.40
91.35
98.74
111.47
115.69
110.42
101.09
98.74
102.74
100.48
100.68
105.26
106.15
107.16
109.99
104.98
90.66
83.84
87.20
96.15
103.60
102.98
101.18
97.12
93.09
94.40
96.93
97.95
95.80
97.38
93.98
95.76
102.21
103.83
102.75
101.38
102.29
99.52
92.47
89.37
91.70
97.92
103.61
107.94
103.23
100.02