97.45
92.44
105.37
116.79
112.12
108.25
107.47
103.76
96.20
98.85
103.61
100.22
94.89
94.07
96.90
105.15
111.01
111.66
112.00
108.90
99.68
93.40
94.51
104.52
111.87
109.70
103.89
99.64
101.44
105.98
105.12
103.59
95.99
91.56
94.31
93.64
87.99
87.52
87.38
89.91
101.45
102.03
101.03
102.91
105.39
107.69
107.54
103.34
97.41
93.45
98.73
107.21
101.54
97.00
94.78
92.42
98.06
102.78
97.87
94.65
97.49
94.88
97.51
107.99
114.69
116.16
111.05
101.03
89.69
85.24
85.98
88.15
92.84
106.28
115.18
117.29
115.17
110.25
108.15
109.69
103.38
96.11
98.60
101.85
100.14
91.31
88.58
93.26
92.98
93.52
99.95
109.07
114.37
110.91
106.46
103.72
94.91
88.31
94.98
104.45
103.73
105.93
111.25
113.32
109.19
101.41
91.85
86.25
88.65
95.24
102.99
105.79
97.91
90.06
90.94
97.66
103.12
100.11
102.17
104.07
101.65
95.09
91.32
92.71
93.65
93.01
99.10
110.74
115.48
111.26
97.87
92.39
91.18
89.61
86.75
85.53
87.45
90.14
90.55
90.59
96.18
107.90
104.03
92.59