97.66
89.26
87.60
89.99
98.31
98.65
97.14
93.37
96.77
95.35
89.46
93.65
106.22
103.80
100.98
104.81
106.32
97.39
94.66
97.22
99.82
97.29
94.46
96.49
104.21
109.71
107.09
105.60
107.21
105.05
96.29
88.21
85.42
89.07
96.74
102.90
107.14
110.24
113.30
115.19
112.21
101.43
91.25
88.54
90.60
89.35
86.47
89.75
104.15
108.46
108.03
109.62
103.92
89.80
84.96
87.81
94.34
94.27
95.36
105.07
105.59
102.55
98.17
96.51
97.31
101.16
103.70
107.00
105.03
100.99
101.93
99.03
101.89
106.71
105.16
104.48
97.62
87.52
90.11
92.79
95.32
92.59
97.36
100.70
96.16
89.35
86.37
86.80
90.28
96.28
95.86
97.08
92.80
87.11
88.73
99.51
111.41
108.71
105.23
95.80
88.04
89.72
94.34
102.07
99.20
91.98
93.25
94.52
90.27
94.21
95.97
92.37
89.14
95.28
108.22
112.57
108.45
105.51
98.24
96.50
104.76
106.36
102.93
103.34
102.84
105.70
104.84
103.45
105.13
101.18
102.33
100.39
101.93
97.90
97.99
97.87
95.27
100.54
100.79
101.53
104.37
105.98
100.13
88.48