97.36
89.90
93.91
105.60
112.67
112.27
108.67
107.31
99.92
92.96
95.96
101.07
107.82
106.22
106.01
110.38
112.31
108.80
106.73
100.87
89.95
84.08
84.66
87.90
98.86
105.01
109.04
103.39
92.73
89.93
88.31
89.03
95.15
102.41
97.98
97.59
106.17
109.28
105.49
93.62
89.70
94.91
99.80
103.25
105.06
105.46
101.30
92.18
92.26
104.37
105.23
93.84
89.23
97.30
108.90
108.90
106.29
106.05
101.98
97.01
95.00
99.78
97.72
97.21
102.67
103.10
105.53
105.35
107.24
111.07
104.75
96.89
101.34
100.62
96.04
89.81
93.29
95.17
97.25
101.04
97.99
94.03
96.35
104.08
102.49
94.98
87.88
91.85
102.24
108.92
107.46
95.88
94.11
95.50
99.86
100.72
105.78
106.00
105.96
110.01
113.06
113.38
108.14
98.46
96.11
93.07
91.82
97.47
103.47
104.23
104.87
104.54
96.06
95.79
106.86
112.87
107.94
95.77
88.00
91.95
94.44
97.07
104.76
107.26
100.13
93.88
89.15
94.66
106.14
105.59
97.89
96.99
95.69
98.79
98.29
94.88
98.31
99.71
97.90
99.10
100.56
102.50
98.59
95.22