99.19
92.59
93.82
97.06
98.62
92.97
90.50
95.30
98.48
103.10
102.85
102.78
100.70
92.83
94.07
105.89
113.91
109.27
104.37
98.64
99.30
97.44
89.75
87.51
96.24
111.22
108.28
95.47
87.97
90.72
103.24
102.76
101.97
95.17
87.30
91.08
101.42
107.23
110.12
110.39
108.77
99.60
91.71
95.37
101.93
106.85
100.16
96.67
98.18
106.14
105.41
94.15
92.97
98.35
103.68
103.23
100.22
101.65
108.60
105.68
94.96
90.15
95.31
101.27
102.80
100.81
104.22
100.63
96.75
103.26
112.46
115.33
112.01
101.57
92.25
94.27
95.38
95.31
98.51
105.33
111.04
113.15
105.03
94.88
89.54
94.82
98.82
99.41
96.11
94.80
93.50
98.51
107.13
113.29
112.99
106.73
102.40
101.53
96.43
93.64
90.93
89.64
90.40
99.79
109.96
113.50
108.20
96.84
86.79
87.30
92.36
98.68
98.72
91.51
89.88
92.81
92.49
95.95
104.58
101.28
101.47
106.98
109.31
107.22
97.58
87.60
84.99
90.10
104.28
112.10
110.95
100.91
96.76
93.29
90.74
90.75
92.74
99.15
98.42
101.31
103.80
107.65
101.32
87.98