101.04
96.34
96.30
97.71
96.81
93.01
99.17
102.40
105.20
107.43
103.79
91.79
85.05
88.34
91.99
101.50
101.75
105.48
105.75
97.19
95.72
103.83
110.50
113.00
104.54
93.82
87.75
89.27
99.83
107.07
100.73
100.67
104.79
107.87
109.41
100.61
95.79
102.75
108.20
110.18
106.74
99.89
96.94
93.20
88.66
93.19
107.71
116.02
110.33
103.33
96.01
95.18
100.74
103.19
102.74
94.49
88.47
88.94
89.82
90.61
91.96
97.85
108.88
111.09
102.00
92.60
90.52
94.15
92.09
88.34
86.18
87.68
88.42
88.46
95.31
111.31
113.91
106.55
96.46
98.21
98.32
95.96
95.13
92.50
89.81
91.78
98.40
100.30
95.25
95.57
101.56
105.69
100.72
94.83
89.11
85.88
86.92
93.38
99.60
106.01
100.57
90.90
89.36
92.79
94.27
90.15
92.58
95.27
93.07
92.18
101.69
113.32
114.71
111.13
108.07
109.58
110.32
108.65
99.33
87.11
83.95
86.92
90.67
94.29
99.51
102.75
101.15
95.03
98.03
107.40
112.97
110.63
106.21
99.64
91.27
87.26
86.43
91.97
102.38
105.73
108.23
105.76
97.28
87.32