96.35
88.86
88.56
91.70
91.19
88.85
90.01
100.50
112.53
112.41
112.32
104.73
94.28
88.92
93.03
94.28
98.51
106.25
103.78
101.22
104.43
100.92
94.04
96.09
98.34
101.08
96.19
90.10
86.69
86.95
95.12
98.46
100.58
108.27
107.48
102.46
93.18
92.79
100.47
109.27
111.85
110.52
107.65
103.83
102.44
101.48
103.04
108.51
110.14
101.32
95.94
90.97
91.43
91.63
90.00
94.04
105.28
104.12
100.53
103.82
107.83
108.48
109.64
112.07
108.18
101.37
95.58
93.75
99.64
106.98
102.94
91.30
85.53
90.74
96.74
106.72
110.21
104.48
100.32
95.41
88.86
89.57
101.06
104.69
102.84
99.51
95.11
94.08
91.68
96.45
99.19
102.10
102.75
98.33
92.46
91.85
93.90
92.65
91.54
99.01
104.99
104.58
99.40
90.25
87.50
87.06
86.31
88.82
91.64
98.45
100.26
100.85
95.65
95.57
96.56
98.84
97.31
92.61
95.60
94.89
100.67
103.55
104.29
103.14
94.04
85.77
87.37
95.11
95.03
95.78
99.89
96.39
92.08
88.67
86.75
91.23
100.60
100.27
95.22
89.38
89.13
92.49
94.69
96.93