99.51
91.17
95.98
104.53
105.37
107.14
103.40
99.03
100.98
100.60
92.39
86.33
85.46
91.37
106.50
112.49
107.04
95.60
88.88
90.73
95.26
102.52
111.19
109.65
107.67
109.55
109.68
108.89
102.16
96.14
89.79
87.71
96.05
107.85
106.65
107.05
111.38
109.01
101.36
97.62
103.48
110.17
112.21
106.51
100.42
99.50
96.37
92.25
98.91
103.80
104.22
100.93
97.06
89.80
85.40
85.85
90.09
102.51
108.78
102.25
99.31
96.97
92.74
93.37
94.16
99.72
99.46
102.15
97.79
96.87
101.03
99.48
102.94
108.94
103.93
96.84
89.75
86.85
92.02
101.13
108.50
103.51
91.41
86.94
89.54
94.33
104.83
109.78
108.65
98.92
88.12
85.38
86.40
88.34
95.74
102.17
96.35
95.52
93.59
90.13
90.36
94.26
103.47
102.88
97.72
92.43
96.16
101.87
100.26
99.45
103.44
109.92
110.82
107.37
101.01
90.28
85.80
88.79
100.85
114.16
113.72
101.70
92.79
93.98
100.27
99.88
104.12
110.17
113.35
108.99
97.02
89.60
92.92
97.90
94.70
90.19
90.60
98.33
108.22
110.43
101.53
87.45
83.79
85.78