101.70
97.13
104.49
110.41
111.33
107.43
96.27
91.97
100.96
100.63
95.14
91.28
92.45
101.05
108.57
112.87
114.11
110.39
106.97
97.72
93.09
95.34
96.58
96.13
102.03
104.59
100.92
96.85
92.12
95.47
99.46
94.84
87.15
87.43
95.80
97.91
101.09
104.14
109.11
112.30
112.19
103.83
94.62
97.22
106.26
110.17
110.68
108.64
108.76
109.08
102.14
100.44
105.14
108.30
100.52
92.09
91.65
90.58
89.92
95.73
106.17
111.41
113.36
114.74
112.68
102.03
97.43
104.90
104.65
95.24
91.33
88.95
91.14
101.33
100.93
98.45
104.87
101.36
89.91
90.26
95.78
104.98
109.02
103.75
102.76
101.65
104.44
108.52
105.64
101.59
93.54
91.27
100.24
101.41
104.74
107.85
105.96
98.61
89.43
90.17
101.75
103.45
103.98
98.29
96.53
99.09
99.49
91.84
88.36
89.33
96.84
98.22
97.75
100.67
105.58
106.87
104.13
94.78
87.18
92.23
104.47
113.28
107.25
93.77
90.75
99.27
109.15
113.49
112.38
107.07
97.97
91.12
93.50
103.40
101.15
90.86
85.99
87.40
92.11
93.87
97.54
102.02
96.30
92.27