97.14
89.18
93.24
108.66
107.18
101.44
96.67
91.26
87.95
92.54
101.44
102.32
101.12
95.68
95.60
100.68
96.06
89.26
87.36
88.57
96.67
98.19
103.57
101.16
95.62
90.03
86.66
87.47
88.85
89.33
93.87
101.90
102.24
99.06
95.31
95.60
97.74
105.08
107.70
106.19
96.22
86.16
85.09
85.82
88.73
89.64
90.87
89.55
92.30
99.26
108.92
112.23
112.15
110.07
105.09
105.20
101.21
93.46
94.54
93.72
90.41
95.03
101.27
106.52
106.35
96.53
88.83
94.59
98.61
100.31
105.57
105.55
101.32
101.80
103.39
107.13
108.62
99.51
94.66
91.48
96.92
97.31
92.09
89.09
95.81
101.77
103.84
105.72
107.28
102.42
96.74
91.47
96.71
99.68
105.09
101.77
92.30
90.30
90.06
94.49
103.44
103.42
99.61
93.06
90.77
97.80
107.97
112.50
114.31
112.93
112.26
108.11
105.91
100.82
93.56
86.84
86.64
94.13
104.23
101.28
102.63
100.55
97.68
96.14
94.88
95.83
104.89
107.14
99.65
99.98
102.39
97.09
87.69
87.83
95.63
100.57
101.32
105.16
106.12
107.61
103.62
101.76
98.27
93.40