96.56
87.84
90.01
98.00
98.69
99.71
107.40
104.08
96.25
90.50
88.87
92.26
99.16
100.67
106.08
106.12
105.72
99.68
92.44
90.07
88.51
86.47
86.37
88.50
92.64
98.58
101.20
106.53
111.15
112.25
112.72
113.78
111.63
109.89
110.92
112.25
110.39
98.20
91.00
93.25
91.29
90.01
98.63
100.62
101.62
102.11
105.25
105.68
104.68
97.05
93.00
90.71
97.78
102.15
104.29
101.77
92.04
87.14
91.84
98.58
102.59
104.17
102.61
97.44
90.45
89.82
91.55
94.19
101.32
99.88
92.21
95.76
104.79
99.90
92.15
92.35
100.49
104.56
109.59
110.83
105.62
104.80
106.58
105.69
100.60
99.56
102.73
108.86
110.92
103.35
99.26
103.55
109.27
112.42
113.12
112.44
105.78
90.98
86.66
90.63
102.68
112.94
116.19
115.72
108.65
92.41
84.47
86.64
87.77
88.64
89.58
90.79
92.52
96.69
105.31
112.69
106.85
98.15
93.61
88.79
87.21
93.42
94.36
92.60
88.55
91.75
105.60
104.79
96.82
97.48
96.90
92.47
96.59
108.60
107.26
105.46
107.24
110.89
106.43
101.61
102.78
101.55
101.75
95.27