98.90
97.16
104.89
103.52
100.88
102.16
103.38
96.40
93.48
95.12
103.06
105.13
104.84
102.93
97.39
97.55
95.75
94.49
95.38
101.94
101.18
99.27
102.91
107.43
109.77
102.16
91.68
92.06
99.78
105.72
106.72
97.62
94.82
98.69
105.84
111.69
106.44
93.27
86.83
94.43
110.08
107.81
103.90
99.48
96.45
102.08
107.48
109.09
104.32
93.37
85.88
89.51
95.60
101.67
107.45
102.28
91.36
84.95
88.15
96.81
99.26
94.53
99.11
99.14
97.29
95.84
91.99
89.02
88.15
92.29
101.87
106.87
111.69
113.87
113.25
111.43
108.07
100.14
92.44
97.32
105.67
104.83
97.67
97.77
104.73
107.05
102.36
102.61
101.25
96.86
99.84
104.31
108.14
102.79
93.91
93.38
96.36
99.74
101.31
94.90
90.37
95.40
95.40
94.87
91.28
94.17
105.85
112.02
107.65
103.82
102.23
97.47
93.62
92.11
91.67
96.00
103.51
110.39
112.07
109.58
98.18
90.66
98.44
101.61
95.43
87.23
88.24
91.59
92.98
93.64
101.68
109.60
109.52
107.62
104.71
106.04
105.21
103.74
95.33
92.12
96.06
103.96
109.42
105.30