100.83
95.44
94.63
99.95
103.37
107.69
109.11
100.27
90.29
89.87
91.70
91.08
93.66
99.03
105.42
103.22
94.76
86.43
86.41
87.11
86.74
88.96
92.03
99.50
97.28
98.38
95.12
89.90
95.20
109.40
108.70
106.01
99.77
98.12
92.96
90.34
91.38
92.11
94.26
103.39
100.44
93.99
96.83
99.57
102.80
107.39
111.16
108.24
98.70
96.58
104.49
106.85
99.90
95.67
101.85
111.20
112.17
106.34
103.02
98.95
95.23
91.34
96.33
108.26
110.48
102.97
99.16
104.00
103.45
103.80
107.22
102.65
90.13
86.24
87.09
91.67
91.86
90.18
93.18
102.41
113.14
109.67
105.13
108.06
107.76
102.77
95.84
94.35
97.59
99.68
103.89
105.67
102.52
94.46
90.02
91.60
97.36
105.25
102.85
98.09
101.56
103.96
99.79
92.76
93.61
104.79
113.15
111.56
108.45
99.17
87.11
84.03
85.48
88.84
93.63
95.36
97.23
101.08
96.24
90.85
87.94
89.74
101.37
114.98
113.79
110.63
104.50
101.81
102.98
106.87
107.23
108.24
104.07
97.41
91.37
92.79
99.99
98.11
89.90
90.72
101.73
110.63
111.93
108.95