97.21
88.46
89.63
96.34
100.21
97.77
96.35
91.88
94.67
96.48
93.95
93.20
96.10
105.43
113.89
116.32
112.24
97.28
91.17
100.83
100.72
97.71
97.45
101.63
104.08
100.58
101.41
98.36
100.44
98.37
100.96
105.05
102.13
94.72
94.51
99.21
106.47
105.41
94.88
92.94
95.96
94.75
95.18
95.23
94.81
93.09
90.72
90.16
89.85
87.97
87.75
95.83
109.33
112.60
108.18
99.30
90.86
90.62
98.72
103.55
96.85
88.04
86.53
89.92
91.04
96.92
95.72
89.12
86.98
87.35
86.85
88.40
93.59
105.10
113.59
108.00
94.32
94.30
106.75
113.73
109.24
94.66
86.60
87.10
94.67
100.63
108.27
113.99
110.88
104.83
99.53
97.27
92.21
86.22
90.55
104.75
103.75
93.97
86.27
85.99
86.47
86.68
87.92
89.41
99.27
113.00
113.97
110.77
110.29
105.86
99.90
100.63
102.23
105.66
109.02
102.77
97.31
92.88
87.31
85.37
86.64
92.78
98.19
105.21
106.27
105.29
98.86
96.90
98.43
99.20
99.46
99.41
99.34
100.99
107.81
113.52
110.83
106.07
97.50
89.97
91.41
102.53
107.10
107.96