97.37
91.14
100.46
112.10
111.99
101.27
88.23
84.34
85.56
90.76
101.69
109.82
102.45
89.76
86.89
94.47
98.59
95.30
93.47
96.74
100.78
101.20
102.78
106.75
107.43
103.56
104.96
110.28
112.82
105.20
89.75
90.21
97.50
95.45
96.27
97.55
103.53
103.41
104.59
103.44
106.32
110.81
104.85
100.67
95.82
92.62
94.36
98.03
95.77
94.18
92.58
89.50
86.93
87.70
94.98
106.43
112.86
113.80
111.01
106.79
107.18
104.57
100.07
91.79
92.21
99.35
99.68
94.22
94.69
102.36
109.51
105.74
98.84
99.89
97.86
96.55
101.30
110.05
108.93
98.43
91.77
91.80
91.00
97.16
105.23
100.61
97.12
94.93
90.30
87.86
94.72
107.89
112.39
105.57
91.16
91.28
92.13
96.12
95.38
89.56
86.97
92.20
97.89
101.32
104.66
99.34
93.81
89.41
86.61
90.74
105.11
107.16
105.04
97.82
91.51
94.72
94.29
89.48
92.14
102.19
102.70
98.92
95.82
99.26
104.55
98.97
87.82
83.74
84.34
85.51
86.53
88.17
96.10
110.02
105.13
94.77
92.36
90.17
96.78
97.96
97.09
97.20
97.95
99.49