100.46
96.08
95.82
92.99
93.86
104.26
111.39
107.70
96.24
93.53
99.42
95.78
87.49
89.02
94.49
103.38
102.02
95.32
98.88
107.23
102.77
90.98
89.02
99.14
106.46
111.29
107.56
94.73
84.58
84.34
85.58
86.30
89.75
97.00
105.16
109.63
110.99
111.16
101.90
90.44
92.56
103.47
104.39
96.95
90.73
88.40
90.87
102.84
101.72
97.19
90.69
88.56
91.22
92.39
92.05
89.90
87.82
89.46
94.09
102.48
100.31
96.39
91.65
93.20
94.22
91.94
91.32
90.32
95.91
105.51
112.83
114.39
111.44
106.01
102.78
104.15
103.73
96.17
90.64
88.57
91.68
97.63
99.60
99.36
104.82
110.89
104.72
97.80
100.26
98.79
93.45
88.18
93.37
102.97
99.31
100.53
105.11
109.62
110.70
110.22
106.34
104.54
106.89
110.82
110.91
106.93
98.86
89.68
87.67
95.07
100.39
96.97
89.38
86.00
91.43
94.95
94.59
100.49
105.50
109.68
103.21
92.56
91.63
101.06
108.89
102.08
96.85
92.41
89.56
92.34
103.92
113.64
114.97
112.79
104.26
89.44
86.78
97.08
110.28
108.18
101.60
101.69
103.09
103.56