102.30
96.12
100.66
101.29
91.97
86.83
88.91
92.91
104.63
111.26
108.90
101.41
89.74
84.32
86.67
92.10
99.70
110.99
111.87
109.58
101.98
101.24
108.98
107.61
103.94
99.95
91.69
88.97
92.70
98.47
98.53
92.36
88.88
90.15
90.26
91.37
95.39
98.41
93.84
91.66
95.57
93.40
88.39
85.99
86.58
91.33
94.27
90.87
91.10
97.14
108.08
106.21
96.86
98.16
102.20
105.35
101.26
96.30
101.70
111.52
108.89
104.32
103.36
99.36
98.22
98.83
94.14
87.84
85.13
90.43
100.28
109.50
104.62
97.92
92.90
91.14
89.89
87.55
86.62
89.44
93.42
104.86
110.74
103.95
91.08
84.54
87.23
92.34
98.36
95.50
97.30
94.61
92.19
89.91
90.32
98.15
103.62
104.19
95.71
88.27
93.75
100.20
105.75
103.84
106.06
108.87
103.92
100.65
102.62
99.38
92.78
87.24
84.93
86.70
89.86
102.28
112.32
108.06
107.07
111.37
112.48
110.99
105.63
95.59
88.23
86.56
90.82
100.87
112.19
110.87
100.71
92.35
94.96
104.66
103.03
92.67
90.71
95.71
105.91
108.80
109.74
111.13
107.31
93.56