98.32
92.85
93.85
101.14
107.70
101.06
100.93
97.97
96.85
102.24
99.26
95.62
99.12
99.76
99.37
102.01
109.20
107.03
103.69
101.69
94.36
96.36
97.12
97.46
102.75
102.45
97.52
98.74
98.88
95.88
92.59
89.67
88.62
87.65
87.31
90.46
92.40
98.25
103.21
99.69
102.58
98.28
92.18
92.21
98.73
109.51
107.55
102.59
102.83
105.04
104.91
96.18
95.25
105.61
109.12
102.66
101.04
102.98
97.60
88.18
85.45
91.70
94.91
93.67
92.94
90.37
88.29
94.75
99.31
100.87
102.11
106.91
107.50
107.53
104.36
101.04
100.30
103.75
106.65
107.66
107.71
103.14
94.40
87.11
87.96
98.94
107.33
101.89
91.97
93.82
101.88
99.39
97.71
95.10
98.59
100.66
101.96
97.77
93.18
99.46
100.57
101.07
107.11
112.53
106.26
101.70
101.67
102.36
101.76
100.28
100.19
102.35
106.82
108.06
107.08
106.59
102.30
92.79
90.40
97.53
97.41
92.98
89.43
90.71
93.04
92.23
98.16
108.46
105.88
105.49
107.26
109.06
110.59
109.97
100.47
96.12
102.68
100.38
90.55
88.57
89.12
96.78
100.63
100.40