100.16
97.21
95.92
98.56
94.48
88.99
86.24
87.20
92.87
99.34
108.89
106.41
99.44
99.89
105.92
110.08
107.27
103.85
100.35
94.55
93.76
97.35
93.13
92.76
103.40
107.94
100.10
92.95
98.16
103.33
100.70
92.91
87.10
89.53
95.27
106.89
112.70
105.20
95.92
96.23
96.13
100.92
109.33
108.75
104.46
100.67
95.85
88.72
86.78
88.36
95.99
106.77
103.32
99.99
97.45
102.87
101.14
98.42
104.42
101.52
93.68
93.89
96.29
96.36
99.62
96.33
97.02
95.20
92.14
98.26
107.99
113.59
107.14
101.37
96.12
90.31
87.18
90.46
97.35
106.32
109.67
110.25
108.37
103.03
92.16
84.65
85.63
94.76
111.23
115.34
114.99
112.75
103.13
93.27
92.07
90.06
92.62
96.72
102.80
102.54
105.56
109.03
102.72
93.12
87.37
86.01
87.39
93.49
106.70
111.49
106.06
97.32
97.88
102.43
101.18
93.11
89.18
96.91
107.26
105.63
94.18
91.09
98.47
105.91
110.64
113.27
111.56
102.83
99.44
106.21
105.41
104.67
108.66
113.10
113.14
107.08
101.91
96.17
91.77
95.40
96.10
101.87
110.12
110.22