102.66
99.07
99.81
98.39
96.17
91.67
87.85
92.65
95.22
94.73
95.69
97.19
99.42
101.90
107.46
105.67
93.71
86.39
86.01
89.43
93.11
94.66
91.49
89.00
86.84
88.36
89.79
99.33
111.44
116.52
109.92
97.44
88.65
91.01
92.50
89.14
87.48
86.35
85.63
85.72
88.42
92.15
102.62
105.38
100.39
93.65
91.96
92.24
94.21
95.37
93.82
99.64
108.81
106.24
106.01
104.23
97.62
96.20
99.35
95.93
88.06
89.66
100.90
110.66
114.12
106.04
99.97
93.02
90.53
98.40
108.87
111.59
110.86
109.46
110.40
108.04
97.06
85.78
84.61
86.64
86.72
88.94
89.98
98.64
106.74
109.19
104.93
105.88
109.08
109.89
110.03
105.11
94.00
92.97
94.78
93.34
95.98
103.50
101.52
97.58
90.73
87.37
88.98
97.05
106.05
110.48
113.00
110.93
102.19
88.62
84.59
85.10
87.33
93.74
95.32
93.13
99.64
108.61
111.75
103.02
97.07
96.71
104.58
108.97
108.07
106.65
102.52
102.81
99.71
89.81
86.76
92.46
102.99
113.06
112.95
104.83
92.31
89.12
95.45
96.66
91.90
93.43
105.21
113.58