97.98
94.82
106.86
113.01
114.37
112.54
107.60
95.01
87.73
95.44
97.68
96.83
96.91
91.33
90.48
91.55
91.22
98.88
107.40
102.20
90.93
90.52
92.64
89.92
92.94
94.52
96.48
100.11
100.78
101.02
105.11
103.62
100.18
103.09
110.20
112.90
105.08
90.20
84.68
87.19
92.35
94.24
93.81
89.97
88.39
87.04
87.00
91.69
102.16
109.93
103.74
93.04
89.89
98.24
100.64
103.62
106.26
106.41
102.52
103.00
99.88
90.11
84.63
88.91
104.87
108.14
110.00
110.58
107.53
106.25
108.98
102.46
95.40
93.40
99.92
105.11
104.20
95.70
93.54
96.56
93.65
91.48
100.26
104.43
100.20
101.60
101.02
105.15
107.30
108.83
105.82
100.52
103.09
108.20
105.73
95.54
87.57
89.12
89.56
95.42
99.59
95.20
97.33
107.98
114.54
110.00
93.70
83.94
87.97
96.04
98.79
102.49
97.75
93.99
94.60
91.15
92.38
94.76
94.57
100.80
108.43
110.47
105.09
95.90
87.22
86.13
91.84
96.52
106.03
113.52
111.12
106.11
105.73
105.17
100.24
89.84
90.25
102.30
101.27
103.20
105.47
100.23
96.41
92.83