102.78
106.81
110.24
111.09
109.34
100.67
94.73
89.17
92.46
98.14
102.61
108.25
109.87
101.85
90.36
87.90
88.06
89.89
90.79
96.85
96.55
92.91
99.03
108.01
108.95
108.20
105.01
97.31
96.33
100.59
107.63
112.99
112.06
107.04
100.89
101.00
107.53
113.00
107.63
102.12
105.23
106.04
102.96
99.84
94.36
93.59
96.14
97.23
91.16
92.40
102.27
106.96
107.68
110.43
108.44
105.04
99.04
96.42
103.51
104.74
104.51
106.21
108.11
106.08
106.88
104.93
98.35
96.40
104.43
110.44
104.07
92.67
86.20
89.27
97.18
98.55
100.41
95.64
91.74
90.88
99.21
108.19
106.95
100.57
102.65
109.67
109.31
100.26
95.38
100.52
99.33
101.41
108.01
109.38
104.99
104.77
105.55
101.60
102.09
96.96
97.77
105.31
106.67
100.54
91.31
90.74
98.65
108.27
106.15
96.53
86.51
88.28
92.94
92.05
90.89
91.93
94.45
104.51
109.68
111.47
113.05
114.02
110.01
107.06
105.93
98.87
92.69
87.41
88.49
90.20
90.54
96.68
98.92
94.50
90.97
98.05
102.52
103.87
100.98
93.17
87.37
86.80
91.24
99.84