99.57
96.57
103.01
108.50
103.76
91.49
88.34
90.46
90.61
93.41
97.56
102.34
99.73
98.76
105.85
104.92
104.90
110.03
108.98
98.83
90.43
87.13
87.27
93.86
108.03
109.28
103.56
93.05
95.26
95.59
96.54
93.19
88.86
86.47
92.53
97.63
103.11
97.56
98.50
101.36
95.85
87.77
87.44
90.69
99.72
98.55
100.80
102.65
98.15
93.17
99.81
101.41
96.81
99.72
106.49
112.29
109.35
101.72
90.23
90.15
91.12
95.08
100.05
96.28
98.59
95.81
94.24
92.53
88.43
90.02
90.13
87.70
90.01
92.71
90.70
87.34
87.78
95.27
111.77
110.65
107.31
108.06
107.55
99.23
90.85
96.39
105.10
102.26
98.92
104.32
101.07
89.17
86.18
88.91
89.72
88.39
90.49
96.62
97.75
95.91
101.34
103.86
104.56
107.22
102.84
90.18
86.09
86.41
86.95
93.47
104.68
104.19
96.87
92.17
94.88
98.96
99.46
98.99
104.59
112.14
115.26
114.64
110.91
109.45
102.88
100.00
105.51
104.17
92.96
85.50
84.90
88.00
99.72
101.96
98.74
103.20
108.77
112.91
111.52
108.93
108.13
99.66
88.55
91.67