99.00
97.31
108.15
110.26
107.69
107.53
109.97
111.11
107.47
106.14
107.37
103.72
97.70
99.65
107.79
112.12
112.18
110.77
108.45
103.98
97.37
96.51
99.51
103.55
104.04
101.23
99.66
94.73
95.22
102.81
110.07
108.87
108.81
112.01
112.08
108.26
98.02
87.71
89.12
100.90
102.41
104.03
108.04
106.65
96.70
89.17
95.80
110.42
111.29
108.54
102.55
93.73
91.98
90.89
87.21
87.28
93.87
102.82
105.39
108.53
102.81
101.38
107.99
110.82
111.55
104.41
91.21
84.80
85.24
92.13
95.53
92.86
90.09
87.87
92.57
94.84
92.66
89.36
87.41
87.63
89.64
89.30
90.46
92.52
95.90
103.39
112.53
113.99
109.05
102.10
91.31
87.31
94.18
100.59
107.33
111.65
107.24
94.50
86.83
93.28
102.80
108.45
103.42
102.63
97.02
87.46
88.38
89.40
91.33
91.33
98.95
99.69
95.08
90.02
86.49
86.32
91.38
104.30
110.08
111.66
110.43
107.59
108.91
111.78
104.65
90.62
88.04
98.96
108.42
112.53
111.74
103.43
100.80
99.15
98.76
95.08
91.78
97.43
104.16
110.40
105.69
94.29
92.79
95.03