101.98
103.77
108.70
103.56
94.46
93.03
90.14
90.01
97.19
98.30
92.18
96.37
97.51
93.99
89.63
89.75
100.14
112.18
107.16
93.30
85.35
90.71
107.54
109.68
109.32
108.24
106.24
103.93
101.64
102.17
107.64
112.07
111.85
105.95
95.22
89.03
88.36
89.81
93.62
104.00
108.04
104.87
105.65
102.03
103.10
98.85
96.78
102.38
109.60
106.04
103.86
98.92
93.70
91.63
93.11
93.52
91.30
92.89
92.19
95.12
102.63
107.67
105.34
102.43
104.49
105.34
105.06
104.55
107.69
109.83
107.82
107.78
110.11
107.13
102.47
101.90
101.37
99.77
100.50
98.04
101.17
104.29
104.40
97.54
90.14
90.38
94.73
104.10
111.79
111.83
109.90
106.82
104.02
98.03
88.35
88.06
88.67
90.07
93.19
96.23
102.86
107.27
101.76
91.83
89.07
98.90
106.30
111.60
115.03
109.50
94.33
84.68
88.88
101.23
106.36
104.06
99.08
90.15
87.57
93.06
92.84
99.24
98.94
92.23
86.98
92.08
108.24
111.36
100.69
88.95
92.11
95.01
100.65
99.61
103.68
107.01
106.54
103.55
104.48
106.19
97.90
92.67
96.62
98.70