100.53
100.89
111.32
114.26
109.73
100.45
97.85
97.43
102.18
101.80
101.24
105.59
103.08
91.49
89.04
98.27
109.13
112.20
104.76
100.95
101.48
103.12
103.36
104.72
103.36
98.97
95.81
93.48
93.15
95.63
96.18
100.02
96.93
92.49
94.96
98.17
105.01
101.22
101.34
104.13
101.91
102.81
107.12
103.45
96.28
91.42
94.86
104.30
112.71
110.02
99.33
89.29
93.93
95.77
90.81
95.03
106.72
112.26
113.55
110.67
104.05
96.17
88.14
87.80
92.54
97.25
94.04
88.79
86.72
88.03
88.02
93.45
108.52
108.11
99.53
96.68
93.19
89.46
95.07
104.17
108.43
104.79
96.81
89.45
85.48
85.59
90.86
106.06
116.42
112.62
109.28
105.17
97.58
95.76
102.68
109.48
107.89
97.24
85.93
83.76
86.03
91.53
105.77
107.57
98.62
88.02
84.48
85.28
87.45
90.43
98.59
99.86
96.36
95.87
96.23
102.05
111.05
108.82
105.62
102.24
98.50
93.73
96.30
94.37
96.63
107.34
104.83
94.91
88.72
86.19
90.28
94.05
101.79
106.04
102.33
94.48
90.65
87.56
85.94
88.09
88.61
88.05
90.43
96.59