100.43
96.69
98.26
95.50
96.50
96.28
94.94
94.86
96.60
99.92
107.09
108.12
104.80
96.16
97.59
106.57
108.44
106.20
105.45
107.69
107.48
107.44
102.19
95.43
95.76
98.95
101.22
96.35
87.66
88.64
100.15
100.34
95.41
90.74
91.00
98.15
97.02
93.88
94.82
101.12
101.61
101.21
96.38
99.15
106.35
105.43
94.01
90.29
96.89
104.98
104.49
100.09
94.74
96.83
105.44
105.65
105.11
100.65
101.90
100.41
98.76
101.15
101.54
105.37
104.17
94.67
87.68
92.34
103.73
104.58
104.35
106.03
107.08
108.43
106.33
101.04
102.96
103.38
105.10
108.32
105.96
96.42
88.91
91.86
102.10
104.40
99.05
97.22
104.61
107.89
104.84
95.35
86.70
86.84
92.72
104.78
109.74
103.83
93.86
92.65
91.90
94.30
102.62
104.92
101.04
97.74
100.84
107.70
110.51
105.88
102.47
102.17
95.81
93.98
93.14
99.31
100.16
101.69
101.86
94.77
91.49
88.95
89.99
100.56
113.76
116.58
115.93
115.20
113.56
105.11
96.03
96.37
101.70
103.44
99.57
91.17
87.70
94.23
97.73
102.70
101.85
103.51
99.46
98.33