97.26
90.64
97.11
111.09
107.24
99.42
100.67
107.40
106.91
104.91
98.01
88.76
85.22
91.16
104.29
112.79
114.85
115.11
113.59
110.62
101.66
91.76
94.92
103.81
110.07
107.61
94.49
84.86
86.49
94.77
103.89
106.74
103.93
96.53
88.03
87.66
88.18
86.82
88.36
96.82
100.06
93.18
90.96
90.38
93.49
96.64
93.93
93.20
90.48
88.61
88.70
91.16
102.35
112.03
112.19
110.06
110.53
108.77
103.78
99.43
94.79
96.89
94.65
93.27
99.53
102.55
98.25
97.69
95.00
91.67
97.06
103.90
107.93
108.92
110.41
106.47
98.41
90.42
90.40
90.65
93.69
103.58
112.59
108.43
95.91
90.11
93.11
95.67
97.26
95.02
92.39
92.43
100.23
101.17
97.18
95.86
93.56
99.46
109.97
105.75
90.75
83.84
87.77
89.88
93.84
96.06
91.52
89.74
95.42
96.44
97.80
105.22
110.00
107.22
96.75
85.98
84.72
91.48
103.91
107.00
104.70
107.16
101.94
89.60
84.56
90.70
98.49
98.44
91.65
93.97
93.77
92.28
100.45
111.96
108.77
94.91
90.39
93.68
103.94
104.67
106.75
108.02
110.67
111.25