97.87
94.39
96.65
93.66
87.72
88.46
89.03
87.82
90.19
91.65
99.76
101.15
102.08
105.60
99.13
89.58
89.06
92.07
93.18
100.13
99.01
100.76
106.03
109.61
102.02
92.12
93.03
99.85
98.94
92.13
89.55
88.11
86.29
90.53
102.61
106.67
110.44
109.11
101.56
95.21
93.75
91.25
96.19
100.73
103.07
96.08
97.39
105.96
108.63
100.70
93.74
97.69
102.42
106.08
103.41
103.87
98.47
98.62
101.13
107.25
107.03
100.80
98.01
104.54
106.11
99.32
95.35
99.87
97.40
97.88
95.11
91.07
93.78
97.49
105.20
107.35
101.13
94.79
90.89
92.59
102.00
108.07
103.58
98.43
97.40
93.33
97.89
102.64
101.19
96.59
98.08
105.47
112.19
107.67
98.16
98.21
98.15
91.38
94.05
100.11
102.36
100.42
102.16
98.37
94.96
90.59
87.60
92.76
99.23
94.99
89.34
87.46
89.85
92.54
93.24
93.13
91.53
95.92
95.17
96.55
95.38
96.85
105.55
108.14
98.18
91.57
93.85
104.21
106.00
95.54
89.64
94.95
107.63
112.65
109.47
102.00
98.77
101.44
106.41
100.00
89.56
87.25
91.38
101.90