98.77
92.55
93.84
102.98
103.05
93.10
85.64
85.53
87.14
95.04
102.88
104.36
101.78
103.84
108.28
108.97
105.73
97.94
89.58
86.82
91.25
93.59
95.11
92.50
96.26
99.76
96.78
100.37
99.11
99.17
95.70
89.61
92.02
103.09
111.65
108.14
95.22
84.70
86.84
96.82
98.76
92.11
95.39
98.26
98.81
101.89
100.23
103.61
98.73
90.74
92.37
104.37
109.38
104.58
104.34
107.23
100.27
88.72
88.01
93.65
96.34
98.96
96.41
97.13
100.94
104.50
101.58
91.63
84.72
85.38
87.59
88.11
95.37
112.19
111.07
105.75
97.39
90.97
87.15
88.77
90.20
92.89
97.56
107.39
112.76
114.69
110.73
99.63
90.63
95.72
98.84
101.91
107.56
110.33
110.77
110.73
111.97
107.65
96.14
94.07
101.62
107.33
107.98
107.78
110.40
107.99
101.08
96.41
99.95
103.79
101.31
94.80
92.72
97.93
104.91
105.60
100.97
95.87
93.67
92.68
99.35
101.85
93.70
93.61
101.41
100.87
92.94
92.30
91.24
90.57
89.44
88.38
89.73
98.55
104.36
107.10
106.13
107.19
110.23
110.38
106.81
97.31
94.53
98.24