97.19
89.77
95.21
110.50
117.29
113.19
104.14
100.01
101.82
105.14
106.26
103.89
102.17
104.63
107.04
104.79
100.17
101.53
106.46
111.00
111.54
102.49
89.22
86.32
95.13
105.50
109.52
108.82
107.08
101.54
95.52
96.73
95.89
94.07
91.98
93.48
103.34
105.47
107.60
109.81
109.77
109.16
106.30
107.30
106.32
97.77
94.66
103.85
102.02
100.74
99.10
98.82
103.11
110.03
113.74
112.49
110.05
105.38
99.39
93.25
92.36
98.79
108.60
105.44
97.64
93.43
92.27
93.75
96.07
105.00
113.70
113.29
107.59
97.76
92.33
95.78
101.87
108.16
109.35
101.05
89.47
84.55
88.83
100.98
103.43
94.33
94.47
99.16
94.77
89.01
86.54
86.20
87.91
96.23
102.02
101.48
96.29
93.73
98.36
98.53
102.73
108.84
112.71
107.27
96.04
87.75
93.27
108.19
110.70
110.48
102.16
88.34
84.99
88.62
89.14
87.58
89.38
92.27
97.27
102.60
107.92
112.46
113.73
110.06
103.66
96.32
93.75
90.44
86.86
91.68
95.06
100.58
107.83
110.73
101.81
90.31
87.93
89.17
89.79
95.23
95.64
91.77
94.07
102.67