103.04
102.75
106.50
111.83
105.56
102.13
101.32
95.45
92.64
89.15
86.21
87.11
87.31
87.63
89.56
92.34
95.95
93.42
95.61
107.32
113.56
110.81
104.43
93.53
86.77
87.07
91.33
102.52
107.43
111.41
111.30
110.42
106.90
102.83
104.68
107.10
99.58
90.54
93.78
102.83
101.12
91.69
87.48
91.73
105.30
115.51
113.13
104.96
96.01
92.06
94.21
98.42
102.31
98.83
101.62
103.00
100.73
98.31
95.01
96.75
104.29
108.41
108.83
107.49
104.54
99.84
95.82
89.20
91.26
91.05
96.60
106.81
109.60
101.34
95.83
91.93
90.25
98.07
107.64
103.24
102.70
108.64
110.48
106.26
100.30
91.09
90.72
91.47
88.59
93.41
105.34
114.08
114.14
108.52
98.31
96.90
101.41
103.93
98.23
94.81
99.50
97.07
89.66
91.87
92.78
93.90
96.67
102.39
103.92
107.28
110.98
105.08
92.54
91.88
94.97
97.01
95.62
92.00
87.35
89.15
101.28
111.35
111.36
111.80
111.59
104.49
91.42
91.18
96.43
96.55
101.49
110.91
113.59
112.74
109.41
97.85
85.69
84.49
89.69
96.59
102.03
100.98
104.78
101.59