97.06
90.22
98.17
109.31
112.68
107.20
100.85
96.21
98.88
101.94
100.81
98.82
94.72
90.45
93.44
96.53
91.61
93.91
93.62
95.57
104.83
103.09
101.01
106.42
103.55
96.90
93.97
93.44
94.21
92.47
98.92
104.41
102.42
105.42
101.51
91.49
84.91
88.04
89.99
96.53
100.18
93.75
95.88
105.84
103.75
98.41
96.07
98.13
106.68
110.59
111.42
106.10
95.46
89.60
96.09
99.21
91.58
88.89
89.01
92.58
95.43
92.24
88.29
86.85
87.80
90.73
97.25
96.52
102.47
103.75
106.73
108.00
100.95
94.16
88.21
86.51
89.90
95.67
101.17
108.36
111.52
104.70
95.64
90.65
88.96
94.86
104.23
111.80
115.28
109.07
100.08
90.84
92.09
94.53
92.42
88.66
88.92
90.57
89.41
92.32
93.10
98.11
104.91
100.12
100.67
103.40
102.15
95.63
88.57
87.28
87.50
86.41
87.91
90.88
101.16
113.99
117.28
110.77
105.44
102.49
104.40
106.10
107.07
100.68
88.62
86.48
92.07
104.88
112.35
112.64
113.08
110.46
106.15
99.81
95.91
93.66
93.11
97.97
105.63
104.20
99.58
92.21
89.15
90.72