96.85
90.95
103.05
112.35
105.96
103.39
108.52
109.17
103.54
100.42
99.43
100.86
99.24
98.56
102.57
98.28
88.94
90.71
92.14
93.68
91.01
88.13
93.74
98.97
106.45
113.41
115.75
110.20
100.55
96.89
97.25
93.73
90.64
92.28
102.83
113.29
116.01
114.54
111.63
102.34
95.24
91.35
93.82
95.37
95.11
92.40
90.01
87.78
93.69
99.76
99.04
92.07
91.50
94.92
102.85
103.68
104.54
108.52
108.37
104.84
99.46
100.24
99.65
103.79
107.41
110.89
107.78
93.98
90.09
102.02
111.31
106.72
93.22
85.35
87.31
97.21
104.06
102.81
105.84
100.60
93.27
88.25
93.96
100.57
95.00
93.44
92.07
96.78
97.39
101.42
106.52
108.00
109.36
101.83
88.16
89.09
95.99
105.94
104.85
105.99
99.40
92.83
92.91
101.33
103.57
104.84
101.17
99.86
93.33
87.98
86.04
87.13
90.02
99.17
108.90
108.16
96.77
89.17
93.92
95.07
100.06
109.26
112.48
112.99
104.76
100.55
95.37
89.64
91.21
93.76
94.25
92.68
89.51
93.76
106.83
110.12
111.11
103.03
97.68
96.89
97.77
93.22
86.76
87.51