101.09
101.35
102.28
95.55
89.90
94.86
100.25
100.63
93.84
89.73
87.50
93.85
95.74
91.27
91.25
90.97
98.50
97.59
100.13
100.65
100.76
103.50
98.59
92.01
87.56
87.55
89.63
91.47
98.42
106.00
112.69
112.92
107.36
94.56
93.93
102.18
110.19
110.86
100.42
88.33
88.60
100.49
110.13
106.93
96.27
94.70
105.28
106.58
107.09
111.07
105.05
98.78
92.24
93.76
98.33
97.95
93.25
92.04
95.56
97.47
97.74
95.44
90.94
92.91
94.51
102.90
104.28
95.33
87.09
86.98
90.39
95.91
105.11
113.71
109.64
101.43
94.16
96.72
101.82
101.40
103.00
105.06
99.71
91.27
90.68
98.58
105.74
111.65
106.99
104.38
98.42
97.37
101.98
97.41
97.46
93.70
94.90
95.84
99.33
108.27
108.83
108.87
106.41
107.42
110.88
107.45
104.16
102.21
98.28
95.07
90.40
91.41
91.21
90.29
89.11
88.18
93.62
104.28
111.52
106.74
94.04
88.82
88.81
96.10
108.06
104.23
97.06
92.81
91.82
100.52
107.99
112.92
106.07
91.88
86.58
88.83
88.78
94.16
108.66
115.05
112.26
109.75
104.23
94.45