100.22
93.58
97.01
98.62
94.90
95.86
105.89
103.24
103.11
102.35
94.44
89.50
91.12
96.02
100.70
105.96
111.28
109.33
103.32
103.37
99.09
96.24
98.42
103.74
100.39
95.80
89.35
91.00
97.74
98.92
92.10
87.42
90.97
92.91
90.82
91.86
101.66
103.11
95.58
87.33
89.68
99.32
104.30
101.55
100.71
100.97
96.36
92.61
96.04
95.50
94.78
92.66
94.00
104.57
102.41
98.77
104.01
103.91
94.16
88.74
87.69
86.35
91.69
99.02
99.25
93.74
97.53
103.83
98.76
100.27
98.02
100.94
101.53
94.22
86.21
88.20
91.99
102.43
101.96
96.71
95.66
100.41
107.53
106.26
105.61
107.88
109.06
100.84
94.26
91.98
89.26
85.98
89.39
94.41
104.92
103.53
97.33
100.50
104.68
100.90
98.08
103.88
104.48
94.61
90.50
92.13
94.99
100.35
100.59
92.79
86.27
84.98
87.65
90.19
96.29
102.04
102.06
102.42
101.93
100.79
93.13
93.51
99.28
95.22
97.22
96.81
89.65
85.66
85.09
87.58
91.35
96.75
94.31
95.35
95.00
99.74
98.80
103.34
103.88
98.38
99.97
102.33
104.44
100.46