98.30
92.74
94.12
101.10
103.96
103.03
106.12
100.10
92.15
88.16
94.02
102.49
109.86
108.74
103.66
101.41
93.93
89.61
95.80
102.98
108.37
107.55
104.50
95.91
90.13
88.90
91.06
93.87
96.15
104.23
110.65
107.01
99.99
91.64
87.40
88.28
94.91
105.73
113.51
114.03
106.89
95.44
96.49
107.51
111.89
103.12
95.97
91.47
88.83
95.43
108.72
110.89
107.74
97.96
91.17
92.58
93.18
99.76
101.13
94.74
88.41
93.09
107.20
112.92
104.22
91.26
93.54
97.98
99.86
98.28
96.59
102.40
101.58
100.40
105.73
109.13
111.91
111.17
110.29
110.64
106.47
102.60
97.90
91.62
93.54
99.51
105.53
111.23
109.69
105.60
103.55
101.83
94.90
94.92
93.81
92.08
89.67
95.55
96.69
96.25
103.82
102.76
100.81
95.70
95.57
94.11
90.17
93.06
97.93
94.74
93.99
103.35
102.54
95.89
97.38
106.93
111.56
105.45
91.20
87.61
97.85
105.86
102.44
95.78
94.47
96.79
93.48
93.33
99.65
96.42
95.64
99.83
108.03
110.62
111.11
111.38
103.82
88.35
85.90
89.38
98.73
102.43
96.17
88.98