97.13
89.73
93.03
100.64
98.29
96.95
97.71
98.84
94.22
90.91
92.79
93.47
89.46
87.09
87.68
89.99
92.96
94.17
102.25
107.81
105.35
104.19
105.90
107.98
99.98
97.57
99.24
97.63
93.52
97.95
99.45
98.03
91.37
87.92
90.42
98.96
98.80
93.60
87.54
91.25
94.82
91.60
92.64
94.39
102.57
110.21
107.24
98.16
93.54
99.84
102.09
104.57
103.23
98.84
95.75
99.06
100.18
95.63
90.72
87.04
86.65
92.93
99.77
102.96
96.09
96.95
95.85
99.09
97.88
91.29
87.49
85.98
89.29
91.58
99.50
111.49
110.65
101.97
89.90
87.87
93.22
102.57
112.40
113.67
105.58
91.00
86.47
89.10
96.25
97.15
98.00
97.96
97.76
104.71
104.35
104.16
106.15
101.36
98.95
104.36
101.12
95.60
98.36
99.38
101.97
104.01
105.09
109.41
112.11
107.70
105.54
109.33
111.81
105.23
89.34
84.24
86.51
87.43
90.42
95.07
105.21
102.10
99.11
101.00
97.11
96.93
102.21
104.30
103.64
96.81
95.24
93.90
88.50
86.24
89.77
102.51
105.56
98.18
98.81
104.76
110.68
108.94
97.18
87.00