97.69
94.06
95.71
104.65
101.43
101.78
103.64
96.11
87.02
86.52
88.63
87.99
93.20
98.06
99.87
96.31
89.53
93.87
105.90
104.63
94.18
89.04
97.46
106.55
101.12
92.05
93.49
95.65
97.34
97.31
94.06
89.04
87.63
86.77
88.39
90.59
93.19
95.63
104.20
109.61
111.38
105.97
92.93
91.01
100.66
103.86
96.47
95.68
95.34
100.13
107.01
110.33
107.46
105.81
101.46
90.17
88.51
93.11
92.21
96.51
100.71
102.29
105.58
101.26
92.92
92.45
93.13
93.03
92.44
99.09
103.26
106.22
99.97
89.18
85.82
89.69
98.16
110.91
109.88
103.30
95.67
88.08
86.29
93.23
107.57
115.62
111.37
105.60
99.46
90.52
87.83
90.45
92.17
101.30
111.01
114.72
110.10
101.87
91.26
88.45
87.25
86.13
87.36
94.08
98.15
95.66
91.21
92.35
101.50
110.23
106.58
104.67
109.52
105.21
98.12
92.76
89.81
88.00
92.01
103.71
109.64
108.13
106.65
106.61
98.45
94.98
99.53
105.62
107.89
106.72
107.30
103.25
102.87
100.89
94.39
89.48
92.27
93.72
93.72
90.53
90.02
92.34
103.38
108.15