102.93
103.07
109.58
106.59
100.61
93.73
96.21
105.66
105.35
103.51
97.53
99.38
96.71
88.95
85.85
85.69
88.96
99.83
106.44
99.06
99.38
105.35
104.66
98.87
90.37
87.32
86.13
85.80
89.06
101.27
110.65
102.45
90.86
88.24
98.34
105.92
107.95
104.76
98.42
93.32
89.16
93.23
102.33
106.66
109.42
105.64
101.43
99.52
94.07
93.21
99.36
98.60
92.88
90.44
91.83
101.82
111.34
113.07
113.33
107.05
99.30
91.15
86.51
92.46
99.32
107.33
109.98
104.65
98.90
93.89
87.51
85.64
87.41
90.69
90.86
88.03
86.59
87.97
93.94
102.72
104.30
106.32
111.20
106.71
101.42
95.90
97.57
96.76
92.70
89.46
89.70
93.63
101.92
104.03
105.21
98.50
90.39
94.87
100.87
103.06
107.70
106.46
101.79
93.72
91.04
100.33
112.52
115.05
114.94
113.76
104.24
98.08
104.57
112.29
107.67
94.17
86.71
93.56
107.46
107.25
101.52
98.00
94.86
95.46
99.79
100.92
103.84
107.74
106.12
95.98
89.83
96.02
98.76
97.10
99.40
103.16
97.49
88.91
87.01
86.51
86.65
92.27
98.31
97.11