97.09
89.40
93.90
97.24
93.21
88.52
89.15
94.13
96.85
102.69
103.04
93.74
85.58
84.48
85.30
86.54
89.65
94.24
92.85
91.92
96.44
108.54
115.49
112.58
106.91
104.52
107.33
111.35
111.12
99.76
86.06
83.85
87.00
90.55
97.12
104.87
104.58
95.97
95.39
101.80
105.05
100.83
96.37
89.88
92.30
98.79
99.90
96.82
93.74
98.43
105.03
99.55
93.70
91.59
90.72
90.91
90.99
88.59
89.03
90.40
100.28
104.37
104.60
102.66
101.64
99.64
91.70
87.64
87.86
90.42
94.90
98.82
107.93
105.38
98.34
93.05
97.03
102.50
106.70
103.27
97.66
90.25
93.09
98.78
101.86
95.60
88.32
90.06
94.08
97.47
93.69
90.36
90.58
91.85
97.91
96.59
92.34
91.68
95.34
95.01
101.40
107.93
112.52
105.77
100.75
99.83
101.09
101.08
98.29
92.77
94.73
93.27
89.54
90.54
94.65
99.85
95.63
98.66
104.43
106.70
99.53
88.25
84.98
86.42
93.46
102.18
107.90
111.87
114.25
109.59
104.80
98.12
95.00
89.91
93.89
104.66
112.55
115.72
115.16
110.07
104.85
105.42
108.91
103.93