99.57
91.60
92.73
99.02
97.35
97.27
104.94
113.13
115.66
108.47
98.24
92.22
93.02
101.45
100.49
102.52
107.09
101.32
91.73
85.97
84.54
86.47
91.43
104.58
113.18
107.35
104.12
99.73
97.67
97.03
96.10
90.80
90.42
97.51
96.04
89.23
93.25
99.72
100.68
99.25
100.70
107.11
102.84
101.82
106.58
111.30
108.82
106.41
101.91
91.58
89.75
88.79
87.62
86.86
86.44
86.67
93.13
105.09
104.71
106.66
108.72
102.43
91.28
85.06
90.07
93.92
92.28
98.67
111.11
108.52
100.62
93.87
97.74
103.46
97.90
96.98
98.33
103.53
110.82
114.61
112.86
107.19
101.45
93.48
90.18
89.41
87.40
89.21
100.31
114.27
117.89
113.87
110.10
111.11
111.72
107.29
105.07
99.45
96.03
91.24
87.97
87.04
86.26
87.13
90.35
101.65
104.35
98.13
92.67
90.91
96.96
106.22
105.00
95.85
95.10
96.76
99.71
96.32
91.85
92.80
93.56
94.37
102.58
108.98
103.55
91.25
84.73
84.97
87.45
96.76
107.22
101.20
99.38
103.66
103.49
94.46
87.45
89.60
91.72
100.94
104.95
107.85
110.52
112.82