99.58
99.63
100.85
93.04
90.38
90.43
93.35
103.16
113.34
116.91
114.12
101.05
88.60
86.22
87.96
88.69
91.62
102.35
102.78
102.32
102.51
96.43
98.74
100.52
99.46
96.92
89.91
87.03
93.06
99.16
104.98
107.85
109.44
111.81
106.82
95.69
91.83
99.59
108.23
107.14
102.46
103.04
108.80
111.25
110.03
108.42
109.65
106.33
102.66
103.02
97.18
91.66
93.58
96.12
95.47
94.48
89.66
86.10
88.80
100.52
100.97
98.89
91.88
95.38
107.80
108.98
107.87
101.92
89.94
85.43
85.45
86.88
90.38
95.38
103.02
105.86
102.42
98.97
92.34
94.71
106.47
106.29
103.24
93.89
87.54
88.33
89.47
89.51
89.25
91.79
93.01
97.14
107.85
106.97
103.21
99.72
96.27
99.29
105.43
102.66
99.50
100.50
107.38
106.12
104.06
100.80
94.31
94.21
102.93
103.47
95.34
94.29
104.15
103.49
98.09
96.63
102.88
101.58
95.03
89.19
86.24
89.98
103.89
106.88
103.14
94.56
86.41
87.89
91.02
92.35
100.72
109.21
108.92
109.83
109.58
109.24
101.36
93.04
89.59
93.90
105.10
112.87
111.21
107.13