102.90
108.98
116.03
109.44
96.24
87.42
90.68
93.16
90.94
87.42
91.25
101.43
105.91
101.00
99.46
102.77
104.79
108.24
102.39
95.01
90.05
90.48
95.08
103.38
111.30
108.72
94.90
92.14
95.58
104.37
109.69
103.63
99.16
92.09
89.16
93.69
96.75
101.02
99.72
99.91
94.40
88.48
86.05
92.31
99.39
104.35
99.91
96.66
103.85
102.31
100.14
103.94
109.59
112.50
110.31
106.01
94.89
89.35
98.17
110.90
114.35
113.60
113.07
105.20
95.27
96.21
95.43
99.14
101.14
94.78
94.42
99.65
105.77
102.36
90.49
84.21
89.15
102.10
101.62
93.64
90.85
92.41
93.06
92.37
96.61
107.63
110.77
110.86
102.53
97.58
99.58
105.33
109.02
109.48
105.67
94.54
94.49
106.09
107.92
97.85
88.53
89.62
92.03
94.03
94.14
90.68
90.38
90.13
95.70
107.54
111.21
113.16
111.28
110.32
108.72
106.41
106.39
101.50
98.74
103.51
106.01
108.19
110.75
104.22
97.22
93.10
92.75
92.60
90.26
94.23
106.56
113.79
113.24
105.86
91.67
90.13
95.19
103.20
111.61
112.85
108.59
107.59
108.14
104.45