97.76
95.02
102.47
100.48
95.38
98.23
95.94
89.93
93.33
102.88
110.83
113.73
111.23
106.00
100.71
97.92
93.07
93.27
103.39
110.70
110.07
107.74
108.31
109.23
110.17
106.99
94.77
89.11
96.40
107.05
101.68
94.45
98.75
96.81
98.11
104.57
101.32
100.49
103.91
105.79
101.99
94.85
96.91
102.75
106.84
100.10
95.61
100.70
103.17
106.48
109.29
110.85
102.47
89.06
87.79
97.77
103.57
106.10
106.67
105.51
101.62
97.50
91.07
91.22
97.13
102.93
102.12
99.45
99.41
99.78
104.58
109.41
112.44
111.97
101.11
90.18
88.56
88.11
87.38
88.78
98.73
103.96
106.46
104.74
96.79
96.33
106.04
110.15
105.24
97.10
95.03
93.89
89.14
93.34
104.15
105.88
102.71
100.25
97.62
100.22
103.50
102.20
94.55
86.46
84.21
84.79
88.02
101.79
117.79
119.65
115.29
109.39
98.04
91.15
89.44
94.71
96.45
94.80
90.21
89.07
88.14
93.05
102.33
102.03
102.74
98.91
92.53
96.81
102.89
106.16
108.89
110.79
103.84
89.58
86.32
87.60
87.00
89.09
90.08
97.44
101.51
101.00
102.99
101.76