103.15
107.00
104.60
97.81
99.03
106.96
111.17
112.35
112.05
104.16
90.84
84.55
84.62
88.48
91.76
93.88
94.10
92.12
92.06
96.55
100.57
96.66
95.89
103.34
103.43
102.12
103.26
98.27
98.96
103.25
101.27
94.55
88.19
88.81
99.10
112.42
115.18
113.47
104.62
97.36
100.57
103.00
103.95
99.94
98.38
102.10
106.18
109.11
103.02
99.72
105.67
109.91
111.00
104.21
99.08
102.52
107.82
106.53
104.51
103.54
105.29
108.16
107.51
104.39
102.39
103.02
105.36
102.99
101.27
106.52
112.77
115.25
115.26
110.96
104.14
102.06
104.06
103.71
102.05
104.79
107.36
110.49
109.34
109.08
107.70
96.92
86.86
84.98
87.92
91.70
97.33
102.51
104.58
103.13
106.01
102.39
97.64
95.61
89.87
89.90
96.56
99.88
96.88
90.97
93.27
93.53
88.56
86.30
86.03
86.77
88.46
90.46
94.61
98.15
103.14
108.63
108.65
104.74
97.65
91.87
89.06
90.51
92.20
97.89
98.35
102.35
103.40
107.33
105.98
94.43
87.72
86.37
89.04
92.41
93.26
90.18
88.34
90.02
99.13
105.50
105.13
96.36
87.86
91.66