96.59
89.43
94.50
104.32
105.02
104.69
96.86
91.79
99.75
102.69
98.09
92.63
96.12
98.22
100.01
105.54
110.50
107.64
102.01
98.47
101.81
108.33
109.41
103.55
99.17
97.37
99.28
99.20
98.00
101.79
104.61
103.26
96.31
89.06
93.77
106.23
112.87
113.99
109.83
103.90
97.88
92.96
91.33
90.45
95.01
107.23
112.25
114.08
113.72
109.38
101.92
93.79
90.94
99.60
106.24
102.53
90.92
85.90
86.47
94.13
101.24
104.39
100.26
96.60
98.70
96.85
97.76
95.81
100.54
102.52
94.79
89.01
86.41
85.91
86.45
91.25
103.75
106.38
109.17
107.54
106.40
103.09
104.25
98.32
92.83
99.08
101.70
96.80
100.17
105.08
106.03
100.73
94.77
90.71
94.95
102.80
97.97
93.11
92.50
93.58
92.63
91.64
97.40
99.24
97.32
90.48
86.18
89.72
99.25
100.82
94.47
87.76
92.19
106.86
110.93
108.58
108.00
108.25
103.14
99.09
102.08
97.64
90.53
94.88
100.78
106.09
107.09
108.52
109.59
103.43
91.28
89.84
96.75
94.84
88.60
88.26
90.00
89.01
89.95
90.29
95.45
108.84
112.96
107.09