97.20
88.26
91.97
102.41
107.07
102.06
100.61
103.07
97.06
95.23
101.83
101.23
91.31
90.74
103.37
114.22
114.94
107.41
96.03
94.01
97.53
93.54
89.44
93.20
99.06
98.95
91.98
88.21
91.10
91.22
88.51
90.40
91.66
98.86
102.25
104.38
100.74
102.17
100.88
98.08
91.73
86.86
86.59
88.09
93.74
101.11
106.08
99.55
96.78
102.34
98.18
88.01
88.86
95.69
101.91
106.87
100.90
95.86
99.70
98.56
100.03
97.07
100.87
103.82
95.89
95.53
96.28
94.25
97.20
101.10
105.48
108.12
100.14
89.24
87.50
97.02
111.51
115.58
110.32
99.41
95.19
97.50
103.61
106.29
109.65
103.68
89.55
83.46
85.14
88.72
100.57
114.07
111.50
109.46
108.72
107.32
101.58
90.66
84.74
86.17
93.29
102.55
98.54
93.81
98.95
99.87
100.54
96.68
89.03
84.85
86.16
93.04
108.43
116.26
115.14
108.74
97.23
86.30
83.90
84.77
85.15
86.25
89.50
99.87
103.36
102.12
95.93
94.02
95.72
103.20
101.05
100.69
104.38
104.06
96.56
96.44
105.49
112.92
106.86
102.19
98.05
95.56
93.10
89.17