98.74
94.93
96.66
97.58
103.20
100.09
92.09
86.08
85.30
87.87
89.08
97.23
113.26
110.00
94.70
84.20
83.59
86.09
92.09
102.39
104.57
104.59
99.66
96.20
102.15
108.18
112.07
111.16
109.76
106.68
94.94
84.31
84.29
87.39
88.04
87.19
89.27
97.97
101.17
105.42
103.25
103.99
101.16
100.35
95.68
96.76
93.85
91.87
88.91
94.24
105.78
108.84
106.14
101.25
101.19
95.68
91.28
88.02
86.19
85.47
88.34
93.49
98.39
105.23
102.73
92.68
94.50
106.67
110.29
107.46
98.84
97.40
93.64
94.43
92.16
88.15
94.11
104.42
101.71
95.41
93.11
90.74
91.77
98.17
101.37
99.69
99.96
101.85
106.57
103.13
98.04
93.94
92.17
90.96
91.45
100.50
108.94
112.86
112.90
110.36
101.58
93.46
96.91
107.21
104.23
98.90
94.81
94.81
101.42
107.11
109.69
107.36
95.48
89.16
95.00
107.74
111.69
106.25
94.70
89.01
87.96
87.54
87.23
92.63
96.19
101.08
103.61
100.29
93.00
88.82
86.90
92.78
105.21
109.46
106.52
98.78
90.49
90.83
90.41
94.74
102.79
111.18
110.92
99.81