97.58
92.82
95.95
96.72
98.51
97.15
91.58
87.73
88.43
88.77
93.44
100.34
101.01
95.31
98.78
99.43
100.74
101.90
99.60
95.29
89.40
85.52
86.89
87.75
92.66
99.41
106.17
104.08
95.28
95.22
98.97
95.28
89.52
90.96
99.80
102.97
102.78
106.96
101.35
88.97
85.73
88.63
91.34
100.17
100.24
96.29
89.27
90.54
91.23
90.29
95.11
103.61
102.03
99.04
99.57
99.26
93.09
94.30
99.76
96.07
96.37
100.28
97.70
91.60
95.02
104.06
104.50
106.63
100.81
96.32
99.25
107.94
113.13
110.27
98.80
87.36
88.67
92.63
91.84
95.01
93.39
95.60
100.42
98.84
92.63
91.19
91.87
90.65
96.51
109.94
107.96
97.89
90.38
88.08
89.87
94.01
103.53
103.79
96.81
88.68
90.44
102.72
102.28
93.54
89.98
92.01
96.44
98.00
103.04
110.95
112.54
108.76
104.59
96.63
96.56
105.65
109.77
103.06
92.11
92.10
94.17
94.83
91.65
93.00
92.46
98.67
100.94
100.31
93.44
93.34
97.57
100.69
101.25
104.44
101.20
95.38
91.91
88.09
86.86
86.05
85.41
85.69
90.41
97.87