103.35
110.13
113.57
107.05
99.52
94.06
96.59
105.41
108.72
102.44
101.07
104.22
109.28
102.93
96.58
92.12
90.05
92.14
92.67
90.57
87.70
87.40
87.01
86.46
90.44
97.32
108.64
115.70
108.72
100.33
101.99
104.31
107.27
108.25
110.05
105.31
102.26
100.74
92.11
89.20
98.29
103.85
97.88
89.41
86.48
92.37
105.69
115.57
112.31
101.58
96.29
98.15
103.53
105.51
104.81
105.86
109.53
104.41
90.87
87.86
95.41
103.28
103.63
96.06
93.14
93.19
97.68
101.14
107.80
113.04
112.47
110.71
108.68
102.54
96.55
98.18
105.15
102.10
100.09
102.42
98.29
99.22
100.16
101.65
107.59
106.47
103.25
104.34
101.06
91.06
92.63
103.27
105.31
106.06
105.06
100.55
90.75
91.52
92.29
93.60
99.99
109.78
107.08
100.43
102.92
103.97
94.40
85.00
83.78
87.87
99.74
108.23
102.26
95.16
89.00
86.04
89.99
102.11
103.78
98.15
92.90
88.41
85.81
88.78
102.05
111.61
113.93
109.57
107.55
108.64
110.60
103.14
93.42
96.54
97.92
90.82
88.09
87.89
95.42
105.52
101.99
100.22
97.69
95.56