98.02
89.43
89.17
89.79
91.51
99.61
100.68
99.96
104.33
109.10
105.22
93.82
87.22
93.34
94.70
93.38
92.28
98.30
107.68
110.82
107.19
106.91
110.16
108.78
105.80
102.89
97.41
93.22
98.58
109.60
108.87
96.80
92.97
97.38
99.24
100.28
102.04
100.66
97.81
92.54
97.29
101.75
101.39
105.24
101.97
94.51
98.11
101.82
102.06
95.00
94.22
92.11
90.46
94.67
100.11
104.43
110.12
109.18
106.76
103.00
93.61
92.93
95.34
95.47
90.56
94.51
98.40
98.32
93.29
89.57
90.65
92.49
96.29
97.55
92.31
90.25
97.30
98.75
91.53
86.44
91.35
94.72
90.81
88.73
93.67
99.06
108.53
106.00
94.88
91.31
96.42
93.81
92.14
94.53
93.01
94.04
92.81
98.31
97.05
100.50
109.84
107.36
99.39
93.14
87.56
88.53
89.92
94.03
92.83
91.36
89.18
94.62
100.23
97.15
90.92
86.73
90.97
96.49
103.83
102.54
96.77
92.23
95.46
106.37
111.81
109.61
109.38
102.69
90.46
92.11
106.52
106.83
95.39
91.54
98.10
106.16
111.23
111.87
102.75
90.22
89.76
100.70
103.34
101.14