96.76
89.12
90.22
101.30
103.33
107.19
111.53
105.88
94.13
95.73
102.44
97.90
98.52
94.58
89.88
91.89
102.44
103.03
103.02
99.13
100.85
106.74
105.24
97.74
88.15
88.35
99.11
102.63
107.23
106.47
99.35
90.64
88.39
90.88
89.50
87.41
87.30
87.34
92.98
106.60
106.09
97.05
88.06
87.56
87.91
87.61
89.30
96.57
103.33
107.99
110.72
105.62
97.28
88.26
84.28
88.65
96.25
103.36
97.97
93.87
89.35
90.94
96.47
97.33
95.43
95.12
94.63
102.43
106.77
110.56
113.85
112.86
107.24
96.70
89.95
87.90
87.21
88.73
91.80
94.77
102.88
99.76
91.39
86.23
86.35
90.50
101.82
111.86
109.65
108.31
100.12
89.39
84.58
84.39
85.39
86.03
89.55
105.93
113.53
113.97
108.47
105.97
105.96
99.15
94.17
97.49
104.69
107.07
104.78
95.36
88.69
88.43
93.98
95.26
92.11
88.95
88.65
91.87
102.88
113.62
113.33
111.02
111.49
110.76
107.98
96.40
90.03
87.74
89.20
91.77
91.72
90.34
91.70
98.21
97.91
101.64
105.78
101.58
92.59
87.97
93.47
104.27
106.55
108.25