99.38
96.62
103.29
106.58
103.99
103.99
109.26
110.26
101.96
91.47
94.91
103.10
107.84
100.35
95.91
94.02
90.39
91.06
97.82
98.61
95.81
98.93
105.72
103.19
102.62
105.81
102.75
93.95
93.73
97.04
98.73
99.58
99.21
96.23
94.71
97.76
102.14
102.02
96.94
93.03
96.07
100.83
107.04
108.90
101.20
93.42
98.39
104.48
109.44
102.97
95.26
93.23
95.02
90.89
90.49
94.70
104.60
113.67
113.34
109.82
99.22
93.55
92.08
97.46
96.81
97.52
106.22
108.92
103.11
93.40
95.34
101.30
102.60
103.63
97.82
96.07
92.00
93.83
101.89
105.39
97.01
90.25
86.91
91.49
93.90
100.49
109.77
114.15
113.02
105.24
97.30
90.18
87.14
94.79
99.47
104.88
108.43
104.46
92.28
88.97
96.11
106.05
110.43
101.99
91.42
94.87
102.33
106.98
107.30
97.54
86.87
87.18
97.15
107.99
105.93
101.50
98.99
99.35
101.01
104.93
107.65
108.73
111.24
105.99
99.52
95.38
93.03
97.01
103.81
101.63
91.03
91.17
91.26
90.70
95.84
100.60
105.64
106.06
98.41
93.89
98.83
96.11
99.06
107.51