96.65
89.45
90.01
97.67
98.33
93.37
88.63
92.66
101.68
99.59
95.26
97.90
99.13
93.19
87.97
91.24
102.10
104.54
103.14
103.37
99.85
98.66
104.96
105.47
96.00
92.98
93.78
91.27
95.27
98.03
92.49
86.91
87.02
89.71
92.76
95.83
94.82
96.14
105.44
113.03
112.26
104.79
94.84
97.25
97.81
95.42
98.75
98.38
98.88
95.73
100.39
100.13
96.51
91.89
93.05
99.19
100.74
103.77
106.43
103.73
99.36
100.20
107.23
110.65
109.52
108.65
107.34
102.49
101.59
104.29
107.00
101.76
93.59
90.78
95.18
100.10
104.19
99.00
90.44
88.87
88.01
90.54
98.56
101.92
97.11
92.94
92.19
94.38
91.80
96.90
108.24
104.47
95.45
97.91
107.36
106.42
104.27
107.92
106.43
105.94
106.06
109.16
105.37
103.89
107.45
108.01
108.53
105.93
103.64
100.18
97.16
101.56
109.05
105.17
96.81
95.58
99.30
99.44
91.52
91.91
99.44
97.82
93.58
88.10
86.89
89.68
91.09
92.80
96.18
103.32
111.60
106.15
94.75
88.57
87.95
91.55
98.59
99.86
93.38
90.42
97.78
109.10
112.78
107.19