101.25
98.88
97.49
103.24
107.13
111.31
114.23
113.79
111.05
99.83
87.94
86.15
88.38
94.86
100.07
105.20
101.72
93.68
94.35
99.09
100.69
95.11
87.58
89.36
89.83
87.14
85.65
85.79
89.71
105.85
114.41
111.77
109.62
106.33
98.38
88.78
91.31
99.94
103.81
96.82
87.28
89.90
103.70
114.00
116.69
116.71
114.83
113.05
107.63
93.89
92.10
103.66
101.77
96.02
94.23
90.03
86.31
86.03
91.21
94.37
91.10
89.26
90.26
92.34
90.17
91.40
91.26
96.52
103.02
104.48
105.79
104.30
98.90
91.09
85.59
85.88
90.04
99.88
110.64
104.25
93.39
91.04
92.00
92.04
89.68
86.97
88.84
92.70
92.03
90.15
90.58
91.15
89.81
89.35
96.19
103.27
110.13
113.20
107.38
98.73
98.64
104.94
101.60
90.70
91.38
101.36
108.63
112.03
106.12
95.03
94.18
98.65
105.92
106.18
95.29
93.69
93.20
99.86
106.70
100.39
96.39
96.38
98.96
98.63
99.79
105.60
111.51
106.80
103.40
105.61
99.13
94.02
91.42
88.28
85.81
87.36
87.86
88.51
89.49
94.84
98.19
98.49
99.38
94.20