98.57
93.08
98.90
102.74
96.71
88.75
86.42
87.07
87.58
87.46
87.58
93.93
110.45
111.28
104.71
95.48
98.62
97.50
95.87
91.93
95.69
106.85
107.36
100.82
90.94
84.94
85.30
91.11
94.72
91.03
89.13
95.80
109.24
112.97
114.23
108.49
96.43
87.54
86.82
89.51
93.48
92.04
97.19
103.94
101.90
94.51
95.60
93.72
87.79
87.84
98.29
113.40
116.24
114.17
111.74
104.37
98.71
96.18
97.02
95.08
91.75
97.84
98.73
90.77
86.49
86.77
89.51
89.99
90.82
100.76
107.42
109.49
101.87
95.64
93.02
90.78
95.39
96.03
98.84
104.98
105.36
108.31
112.52
114.99
108.38
94.90
93.69
93.30
90.43
92.22
98.43
104.83
108.39
111.89
110.84
101.48
98.34
96.74
96.54
92.34
87.99
89.28
90.73
89.97
95.17
103.22
111.66
112.60
112.94
105.57
92.05
89.91
94.78
101.05
105.13
100.93
92.95
89.19
93.17
104.81
110.63
112.83
105.20
92.22
92.01
96.29
93.78
93.80
90.72
87.73
87.53
90.46
91.58
90.03
87.79
93.14
98.35
99.77
93.28
87.48
91.03
94.16
96.41
101.84