97.09
92.29
95.65
95.91
94.09
95.79
102.92
104.41
104.22
99.41
101.42
100.18
98.90
105.28
108.50
104.24
94.31
96.16
95.63
91.21
96.63
107.34
111.34
107.03
99.79
98.15
94.91
88.84
91.13
99.89
100.69
97.45
92.22
92.19
92.62
92.32
94.92
97.24
104.72
103.20
92.20
85.73
91.62
104.43
113.48
116.33
115.68
111.62
107.83
109.00
105.95
100.35
99.29
106.14
103.28
90.28
84.81
85.37
90.07
95.59
105.73
113.23
114.33
113.11
106.19
99.01
96.77
93.25
87.52
84.98
88.25
92.41
99.08
96.78
91.58
94.78
102.92
107.94
105.77
103.96
102.39
103.50
101.02
95.84
100.65
104.03
102.18
102.90
100.91
102.36
97.55
88.69
85.84
91.07
97.49
101.49
101.72
93.72
88.26
86.64
91.11
99.40
107.72
108.26
98.72
94.62
102.06
109.44
113.47
112.69
102.69
96.89
99.43
99.35
90.81
88.08
95.30
108.75
113.19
111.00
103.33
91.43
87.68
87.11
88.28
95.11
97.30
104.75
112.00
114.69
108.52
100.09
95.67
100.05
101.25
102.07
106.95
109.87
102.18
96.46
103.28
102.28
99.14
92.56