102.31
106.06
112.37
111.09
108.37
106.93
105.49
97.52
89.25
89.01
89.59
89.13
95.34
101.26
108.04
105.24
93.94
86.68
90.09
102.15
113.66
114.26
111.29
99.77
86.78
88.12
96.01
106.77
108.62
102.25
96.95
92.20
86.79
88.34
98.14
111.90
111.07
108.18
99.87
91.50
94.50
96.08
99.05
98.84
100.75
96.85
92.48
89.78
94.15
101.59
108.31
102.92
99.52
105.98
110.17
111.66
110.49
103.46
95.48
92.79
97.28
97.20
94.58
88.96
90.58
102.58
108.77
111.19
109.89
102.33
101.14
99.36
102.62
107.02
102.21
101.64
96.38
96.18
99.44
94.21
88.08
92.97
97.72
105.51
105.29
96.80
93.89
103.55
111.37
112.26
105.58
103.38
108.89
107.71
99.76
91.30
86.45
87.85
90.06
91.91
89.65
87.96
90.82
99.04
103.28
100.66
96.91
94.54
95.78
100.81
109.12
113.89
115.28
109.38
99.36
89.68
86.53
90.32
95.50
92.76
96.53
105.55
104.28
95.63
91.80
89.06
87.87
88.48
94.85
105.32
100.86
96.04
92.84
92.91
91.98
93.61
95.69
93.29
89.95
88.98
88.92
96.36
101.31
108.66