103.14
101.60
98.04
99.96
98.05
92.78
91.99
101.58
111.42
112.34
108.14
104.23
100.91
97.41
98.43
98.83
97.36
98.95
94.31
94.63
95.03
98.81
105.33
107.71
110.13
108.51
108.43
107.70
97.24
90.12
92.38
97.10
101.92
100.92
101.14
107.12
106.30
94.48
86.81
86.44
88.88
94.89
102.08
108.28
112.16
109.06
98.18
86.88
88.83
103.66
112.81
115.35
108.22
98.31
88.57
84.36
86.13
92.45
103.85
104.36
103.95
107.97
105.45
104.30
101.01
93.50
93.00
90.99
86.95
90.46
105.01
106.05
98.56
89.49
85.58
88.43
89.63
87.90
86.48
86.41
87.00
88.18
92.24
94.80
93.69
92.51
89.30
92.58
105.76
112.60
106.09
97.91
93.80
99.04
107.06
104.44
102.93
100.20
95.85
95.49
93.17
94.13
92.11
90.25
89.78
88.39
95.35
97.94
93.13
87.88
91.02
95.62
97.42
102.26
108.04
106.81
97.05
89.54
96.05
110.40
112.83
111.04
106.26
94.09
88.78
92.11
97.66
95.73
94.49
97.06
97.23
95.80
91.08
92.29
103.05
112.13
109.23
104.90
100.54
94.55
89.26
86.45
90.32
96.23