97.08
88.37
89.45
99.44
104.56
109.63
107.95
100.08
90.24
87.54
90.49
93.09
96.00
103.01
110.22
110.34
105.78
96.28
95.18
95.80
99.19
103.99
108.69
102.09
90.12
85.13
85.47
88.50
92.88
104.96
104.80
97.24
93.26
89.26
89.42
89.33
88.51
95.26
97.79
103.97
112.36
109.30
103.32
97.93
93.35
89.89
95.68
107.73
109.94
109.85
100.68
92.81
98.51
100.58
99.74
100.42
97.91
90.83
87.75
91.33
95.22
92.59
88.66
86.03
86.33
88.50
92.75
93.88
98.41
101.01
107.98
107.20
106.02
107.63
103.69
95.20
90.55
97.50
108.30
104.47
100.87
101.08
105.77
107.82
110.10
106.07
92.40
84.21
88.97
94.88
99.00
104.72
103.79
101.02
92.47
94.51
106.61
104.50
91.93
84.26
85.88
89.93
94.85
106.64
106.47
99.69
99.72
104.88
107.68
102.18
92.28
86.92
88.93
96.06
104.37
105.08
96.27
91.07
92.59
100.66
98.06
90.63
92.22
94.32
94.72
90.59
95.06
97.65
105.11
102.71
102.00
101.03
100.95
99.57
104.03
106.67
105.55
103.07
100.41
101.11
107.20
106.08
100.20
101.53