101.17
94.19
96.32
95.16
91.55
92.09
103.08
105.78
97.37
90.25
92.28
94.98
103.07
111.45
110.22
98.52
94.86
98.36
96.10
99.10
107.47
108.47
109.73
105.44
102.10
102.12
99.83
102.33
99.43
94.28
98.61
97.93
90.21
93.84
101.71
99.97
96.20
101.17
105.76
103.97
105.69
106.45
104.08
101.66
94.77
87.15
88.07
93.31
100.71
101.51
98.82
92.55
88.34
93.45
97.47
99.75
105.62
104.00
98.81
100.83
97.04
95.85
101.58
101.33
98.20
101.79
106.79
106.31
103.64
97.76
96.97
98.04
93.76
97.87
103.13
102.12
105.54
102.22
101.59
106.24
103.27
93.12
85.35
84.96
90.10
105.78
117.00
114.44
101.87
86.86
87.14
88.83
90.21
97.42
109.66
114.10
110.28
96.46
84.84
85.35
88.59
89.76
98.74
108.11
105.90
100.10
98.86
98.82
94.52
98.26
100.05
101.81
99.08
95.69
94.10
92.13
92.39
91.29
91.45
91.29
93.89
93.51
92.19
99.94
110.98
109.96
109.04
101.88
90.39
84.45
84.81
90.56
105.65
104.67
101.98
96.45
92.31
95.05
101.78
104.63
97.47
96.25
100.81
102.24