102.12
98.98
101.98
97.66
91.20
93.89
93.76
99.39
105.60
99.65
94.78
96.36
95.99
98.10
97.97
99.23
101.31
102.67
107.08
110.74
108.54
104.38
103.86
101.19
94.72
87.33
87.95
90.77
92.70
102.68
113.36
115.92
111.06
108.08
108.72
101.51
96.46
101.35
106.90
101.06
89.52
86.72
90.94
92.85
98.80
105.00
105.61
95.91
93.74
98.78
103.42
105.62
100.06
100.96
109.35
107.36
94.46
87.79
90.65
90.54
94.53
97.91
105.69
109.91
105.86
95.43
94.55
104.04
106.18
102.28
102.31
97.56
93.84
94.94
97.14
100.34
95.19
89.02
86.59
91.43
95.75
101.89
107.34
102.25
98.52
98.99
100.38
95.89
94.00
98.31
98.28
90.49
86.35
87.82
97.87
99.20
95.55
99.37
106.57
104.90
101.95
99.53
95.16
93.58
95.83
103.09
99.23
93.11
91.08
93.87
100.97
100.82
105.04
101.61
99.73
99.53
95.68
94.06
100.98
103.93
95.28
86.70
85.40
92.37
95.39
91.44
90.29
90.39
95.02
97.38
99.85
106.13
110.71
103.94
92.73
90.34
91.02
89.91
87.08
89.00
96.03
108.53
110.65
108.03