101.24
102.98
103.14
104.47
109.67
108.30
106.51
108.84
109.89
105.50
99.83
92.04
86.00
87.86
96.23
97.07
96.44
96.26
102.79
100.31
101.32
100.69
101.86
105.35
100.71
93.10
96.95
107.13
102.59
97.25
101.55
107.36
101.73
93.21
97.81
96.86
88.32
84.33
84.50
87.75
101.17
112.29
112.12
104.70
97.94
92.10
91.69
96.58
104.46
104.55
104.43
97.16
87.18
84.02
84.51
85.43
86.22
87.20
88.08
92.26
93.14
89.63
87.42
88.54
95.97
102.89
103.74
99.08
102.96
109.84
106.85
101.61
103.21
102.86
97.82
101.06
101.09
92.48
85.80
84.62
85.00
85.43
86.54
88.34
88.86
95.37
103.69
98.33
98.60
104.00
99.18
89.50
85.38
85.47
88.25
99.69
112.75
116.59
116.11
110.40
101.62
93.26
96.73
107.45
104.68
96.08
96.73
106.86
109.36
101.90
91.41
87.00
86.66
86.84
88.55
96.91
106.38
106.06
103.38
100.47
94.94
87.90
86.02
88.39
94.39
99.87
95.75
97.69
104.71
107.66
109.44
112.43
110.43
103.83
99.81
96.03
96.79
103.90
111.80
115.62
112.92
99.54
85.60
88.42