102.09
107.70
109.08
98.28
88.33
85.70
88.56
89.22
90.62
90.93
89.65
97.16
111.92
117.00
115.50
107.63
91.75
90.07
93.09
96.24
97.55
104.44
101.14
95.90
89.52
89.31
95.03
94.85
97.50
100.20
106.52
108.82
108.79
108.65
107.51
106.92
108.20
105.89
106.29
103.72
99.49
101.73
103.32
96.10
87.24
84.77
85.08
85.15
88.14
97.03
109.56
115.65
111.51
96.83
89.46
89.50
94.28
97.05
96.93
101.35
108.04
107.63
100.13
98.60
104.08
108.14
100.40
94.51
96.22
99.38
104.21
102.38
92.94
90.75
93.60
93.25
98.91
109.13
109.63
104.45
102.55
100.40
92.12
90.42
88.84
91.48
96.99
108.03
110.53
109.78
110.64
108.45
106.33
103.80
95.53
85.91
85.84
92.84
97.60
100.80
103.06
98.51
99.95
102.18
106.43
102.79
101.95
96.22
95.62
92.08
88.72
87.00
93.31
97.59
104.27
101.25
93.87
87.94
87.99
95.90
105.05
112.30
114.03
112.88
107.98
95.08
89.07
90.53
92.62
90.39
88.61
93.55
104.90
106.30
108.62
110.35
112.66
113.39
111.87
109.09
107.38
106.04
98.54
92.74