97.56
89.69
92.06
100.37
110.89
105.35
101.46
103.09
107.65
105.21
93.52
84.84
84.35
88.36
93.81
97.08
92.18
87.12
88.85
97.21
102.15
108.28
102.26
93.87
87.03
84.85
86.15
93.11
111.72
116.88
115.32
111.32
108.61
102.45
98.39
91.60
91.57
97.83
105.65
112.56
107.18
97.72
98.69
108.55
113.92
112.27
109.11
103.90
92.14
84.26
85.02
92.11
100.54
109.50
103.81
100.16
95.16
90.34
93.57
96.37
97.62
94.34
96.19
98.37
97.41
100.69
101.19
99.88
95.64
97.80
103.44
98.19
94.79
91.65
93.24
102.36
104.46
97.39
98.30
102.06
97.41
93.86
100.96
110.89
115.24
107.89
89.28
86.23
99.70
113.26
109.56
106.17
100.70
92.00
85.95
89.66
94.49
98.71
100.20
102.36
100.08
93.83
88.78
88.92
94.73
101.66
107.53
108.13
101.02
91.15
94.03
103.31
107.27
104.39
105.82
103.43
103.15
105.69
98.62
94.37
90.96
87.05
87.45
90.62
92.70
90.60
90.51
97.33
104.23
106.84
100.69
97.99
105.52
111.36
110.28
98.86
92.69
89.81
91.17
99.87
104.95
109.06
107.74
97.55