97.62
88.49
88.79
90.56
93.03
102.65
100.97
100.24
102.53
98.18
89.44
84.73
84.43
85.18
89.16
101.24
115.26
110.30
102.39
97.50
98.04
99.66
94.92
92.03
99.91
104.34
102.58
106.19
109.67
110.56
107.56
95.16
85.41
85.14
89.37
91.14
96.21
95.84
94.07
95.35
102.60
99.60
101.41
102.60
105.93
101.26
97.22
101.94
98.83
90.37
87.16
88.57
88.13
92.46
94.89
100.21
108.61
110.67
108.43
109.30
110.82
110.19
107.94
102.29
96.39
92.56
91.53
89.98
97.29
109.50
108.60
106.82
104.08
94.62
90.95
89.49
91.54
94.01
93.76
99.03
104.51
100.86
97.14
92.18
88.40
88.28
88.56
89.65
91.62
94.93
92.99
93.40
100.55
99.72
102.12
103.21
95.25
87.74
92.47
106.43
105.88
96.43
89.94
90.53
100.66
109.36
114.00
111.00
98.90
91.70
93.34
101.94
105.24
97.94
89.29
94.23
100.47
102.65
105.83
105.68
103.69
102.50
96.72
98.85
107.01
110.28
110.43
100.95
93.74
98.18
105.30
102.78
98.18
97.63
101.04
96.10
95.41
94.61
88.87
89.41
90.47
93.62
98.58
97.33