100.98
94.57
95.97
99.53
107.10
102.50
96.41
92.26
96.29
99.66
103.87
102.04
98.59
96.92
94.85
89.68
88.73
89.54
97.05
104.89
108.46
108.63
109.08
108.59
108.39
103.97
95.03
87.09
90.48
96.73
98.84
96.45
99.08
101.99
96.06
91.86
98.32
103.91
104.04
95.50
88.35
87.70
90.94
90.49
91.01
96.48
97.55
102.97
104.64
106.45
110.67
109.07
99.01
95.70
99.33
103.74
100.38
90.65
85.63
85.03
89.40
102.05
108.56
102.00
100.01
95.80
99.51
99.21
97.78
101.37
105.48
106.06
101.28
99.39
106.16
106.17
105.99
108.19
109.82
109.73
100.14
88.15
87.78
89.91
89.39
88.46
96.07
99.90
98.02
92.68
98.11
109.71
108.89
102.60
91.16
87.29
88.63
94.52
104.63
113.36
113.77
109.72
105.23
103.67
105.89
107.37
98.78
87.69
87.87
91.18
93.76
100.08
97.78
89.40
91.59
94.17
98.92
105.33
106.83
108.74
109.20
100.74
89.70
90.78
102.25
110.30
110.18
100.44
97.37
95.50
100.71
109.42
106.16
98.16
99.91
97.69
97.36
99.90
95.66
88.57
85.03
84.86
87.90
98.27