100.18
95.41
97.58
104.32
103.71
101.42
97.52
91.73
92.58
94.32
90.84
87.27
88.99
98.27
100.02
101.07
102.16
107.61
109.71
101.86
94.98
89.32
89.01
93.93
102.29
107.35
111.63
111.28
107.31
96.13
93.25
103.06
112.14
112.46
103.31
97.56
92.02
93.61
93.09
88.90
93.24
101.25
109.59
104.91
94.41
88.02
90.16
90.50
93.76
102.43
104.55
96.95
90.55
87.32
85.87
86.08
85.92
88.34
99.94
103.88
101.14
96.98
94.75
95.41
100.56
97.28
99.11
99.15
95.90
90.59
91.81
90.50
87.98
89.66
91.67
94.14
97.44
97.63
97.79
94.95
93.47
91.16
91.29
91.29
92.20
89.68
90.54
90.39
91.54
95.81
94.11
96.96
100.57
106.00
106.44
98.60
89.42
88.80
99.92
109.84
110.89
102.58
94.33
88.03
89.57
100.49
105.98
104.29
100.17
103.78
107.50
108.81
100.55
89.65
85.65
88.85
90.80
97.12
108.87
104.75
95.09
88.77
90.66
98.58
100.30
100.61
103.43
102.72
96.49
90.37
86.82
90.96
102.27
107.85
105.20
106.42
100.89
93.57
96.37
107.85
108.11
97.65
94.88
98.73