98.30
89.50
87.98
88.54
87.42
86.74
86.53
87.86
96.38
114.78
119.81
114.82
102.21
87.10
83.26
84.35
84.78
85.27
86.12
87.11
87.28
86.94
86.54
86.45
90.42
96.64
105.49
107.09
100.38
96.16
91.32
90.03
92.59
98.11
103.91
98.31
88.63
89.56
95.92
94.20
99.44
103.95
98.60
91.08
94.03
100.68
102.82
98.37
92.70
96.44
102.04
99.63
93.20
88.53
86.20
85.51
85.53
85.66
86.33
87.23
93.21
100.51
107.17
108.27
100.75
99.16
96.77
89.90
87.49
92.46
96.94
93.07
89.52
94.08
101.90
99.07
91.86
91.23
91.60
89.86
91.16
97.33
97.71
95.04
92.38
98.47
104.49
107.73
105.06
97.80
99.83
97.56
88.31
87.44
91.01
90.12
87.17
89.13
98.83
104.41
107.74
101.12
98.60
105.15
111.39
114.36
112.29
101.05
90.99
93.05
103.65
107.22
109.72
108.80
104.79
94.61
93.30
104.72
108.06
106.33
107.61
110.09
102.96
93.63
86.73
85.09
89.78
104.80
115.16
116.79
111.82
96.22
85.41
90.19
103.99
113.30
113.15
104.36
101.04
99.64
101.20
95.29
96.92
95.44