99.29
94.12
93.61
92.14
93.88
102.59
105.91
99.44
90.14
91.35
96.14
102.38
107.65
106.66
106.81
105.37
95.55
95.27
95.87
93.06
90.13
89.79
98.71
112.28
112.88
106.05
95.35
87.76
88.48
98.22
109.72
112.72
112.92
105.22
91.27
85.24
89.75
102.37
102.40
102.40
104.00
107.73
109.13
107.25
98.09
89.83
86.20
87.59
96.81
110.49
115.42
109.25
98.65
97.51
96.34
100.53
99.36
100.48
106.42
101.93
95.33
91.06
90.42
97.95
105.39
105.02
101.62
97.17
100.50
97.61
96.88
105.12
109.73
108.85
103.41
93.15
92.89
95.30
103.55
104.28
95.44
89.92
93.02
103.54
109.60
110.48
104.52
94.36
92.27
98.73
95.88
96.16
96.21
92.74
95.94
106.24
113.71
107.61
97.60
95.19
101.59
108.83
112.55
113.69
105.19
92.64
91.92
101.47
108.04
112.05
113.89
114.25
112.85
104.08
87.98
87.39
90.37
91.43
98.18
107.03
108.69
102.64
94.48
89.14
86.14
91.78
96.41
99.86
96.50
97.49
95.08
89.39
87.65
92.91
103.29
110.19
112.83
109.98
97.91
91.93
94.07
94.25
90.03
89.13