98.65
93.34
97.73
97.67
100.24
109.32
107.57
107.31
102.16
90.17
85.00
86.76
90.31
97.65
99.53
102.27
99.82
104.01
109.05
103.85
92.09
88.61
94.20
105.52
109.98
112.15
108.86
97.75
91.28
89.23
87.61
92.60
97.97
100.22
103.62
99.53
100.34
101.32
102.66
98.26
94.50
95.97
100.22
102.73
96.46
86.96
86.06
87.57
87.09
90.17
100.42
110.07
113.35
106.57
102.46
98.38
91.39
86.45
90.43
97.93
102.08
98.63
98.76
102.55
107.58
106.54
100.23
96.12
95.97
93.63
94.81
103.03
109.87
107.15
101.34
91.60
87.40
88.88
89.95
88.19
91.27
99.61
105.83
98.96
96.27
99.35
107.24
108.64
110.40
112.48
108.00
99.73
95.44
94.04
88.75
86.51
87.74
91.06
91.06
97.65
106.73
112.64
109.64
97.12
85.37
83.80
88.79
91.39
97.20
102.35
105.73
100.10
97.07
96.06
94.52
93.36
91.80
89.23
86.40
86.95
94.63
99.63
104.09
111.00
113.80
110.56
106.10
100.36
96.49
93.64
99.81
99.40
102.53
99.52
101.94
105.43
102.96
92.77
92.80
98.78
100.41
102.83
109.36
108.58