97.43
89.14
93.20
108.66
105.59
94.00
90.61
89.04
87.52
86.12
86.24
87.27
89.73
91.19
94.84
106.40
111.48
114.04
115.61
115.14
111.42
101.94
90.12
87.25
92.24
101.42
98.55
89.01
84.66
85.04
88.33
91.73
91.87
88.85
90.26
98.21
105.70
103.95
104.55
106.84
107.02
101.31
90.94
86.76
93.59
102.05
103.95
98.98
97.49
94.77
92.52
98.69
102.87
104.65
99.86
94.65
100.38
110.77
113.19
108.24
94.38
86.25
90.96
98.85
108.67
106.77
99.33
96.46
99.33
102.37
95.65
94.43
101.69
99.35
95.64
91.08
88.67
93.96
108.10
110.56
109.87
105.26
93.24
86.71
88.08
89.14
95.24
104.28
103.65
102.32
95.11
90.51
88.56
90.31
97.33
110.19
110.85
106.93
103.40
96.56
91.50
97.28
99.04
100.72
100.06
103.11
98.00
88.00
88.34
99.06
104.35
102.76
103.96
101.01
96.97
100.65
107.43
103.91
91.15
89.33
93.83
100.24
109.85
111.22
110.02
106.15
100.36
92.02
85.50
86.22
91.28
95.52
92.41
91.72
95.20
104.93
109.49
104.70
93.25
91.60
99.62
110.42
113.72
109.75