97.17
88.47
92.10
107.79
107.93
96.94
87.50
86.05
92.48
94.28
95.39
102.68
111.43
114.62
114.00
108.66
95.80
86.98
85.75
87.34
87.78
92.57
94.70
90.53
89.00
91.69
100.76
110.74
104.79
102.68
103.99
98.37
93.19
97.33
103.06
106.38
108.85
111.10
105.62
92.21
87.02
95.72
109.33
114.12
114.75
107.70
99.10
90.17
89.48
90.66
89.72
96.06
104.97
101.82
102.38
109.39
111.62
103.41
97.97
103.68
110.00
105.73
91.86
85.15
87.56
88.23
89.63
91.41
91.47
90.16
92.52
102.97
101.30
103.60
99.07
100.14
104.99
98.76
94.16
92.60
98.55
99.02
95.59
96.37
103.45
102.28
104.86
106.29
106.89
100.73
93.51
87.15
91.31
94.29
98.22
104.26
111.06
110.16
106.72
102.23
101.28
95.12
86.38
83.99
86.63
88.33
93.67
98.65
96.52
94.22
90.34
90.87
89.46
89.27
92.97
102.34
109.86
111.42
110.43
103.41
92.44
94.65
94.68
89.21
93.32
103.20
102.78
96.20
94.77
98.98
102.14
98.28
96.38
95.91
102.81
111.97
114.01
110.14
107.87
109.48
105.37
92.47
86.41
93.43