98.71
94.34
100.13
102.86
97.75
98.34
96.65
94.15
95.34
100.19
104.11
99.71
101.10
109.21
107.26
93.57
84.27
85.29
86.91
89.40
100.37
104.91
99.37
91.83
93.36
99.04
100.55
94.30
95.70
93.62
97.21
101.02
106.25
108.18
102.29
90.94
92.11
97.67
102.05
100.92
94.93
91.68
94.18
104.33
105.39
102.04
99.01
92.23
86.34
89.29
93.32
99.35
103.43
107.33
104.78
102.38
101.97
99.46
97.51
99.35
102.82
100.41
94.56
88.63
88.88
91.85
94.06
103.83
113.74
109.67
100.43
100.94
108.32
106.59
102.95
103.40
105.52
106.89
99.09
93.62
90.73
93.40
97.94
95.90
99.60
109.50
111.60
102.89
92.17
94.04
100.60
108.40
107.96
101.27
90.47
87.59
97.18
102.47
106.03
101.92
96.02
94.69
94.89
95.46
91.65
95.20
96.63
94.28
92.35
89.24
95.76
103.07
105.25
104.47
106.97
102.85
96.37
100.05
99.90
98.77
102.26
108.35
109.04
99.51
88.65
87.41
87.33
90.20
92.85
96.50
95.04
90.59
95.09
105.50
110.77
110.81
104.45
97.78
101.20
103.41
99.12
92.25
88.93
86.77