98.33
91.07
89.59
90.20
89.46
93.78
95.18
96.59
104.86
104.20
95.29
95.14
104.04
106.32
102.41
94.36
97.63
97.78
97.30
91.47
94.71
107.19
108.57
103.72
98.56
93.08
88.64
88.81
91.21
93.76
103.45
107.42
103.31
103.25
103.81
103.14
106.10
109.79
105.90
98.91
99.43
105.46
111.55
109.65
99.80
90.69
91.64
92.04
95.90
101.31
97.68
89.86
86.12
88.29
99.69
103.61
103.68
103.39
106.21
109.70
107.52
106.82
109.62
110.79
109.98
105.88
101.59
98.50
103.09
100.44
90.72
85.34
87.52
92.83
104.86
113.50
115.06
109.06
104.55
103.57
97.96
88.33
85.12
86.34
88.64
94.55
97.03
100.16
98.26
99.77
96.84
99.18
98.35
102.39
104.68
101.24
101.61
106.07
107.54
105.14
95.08
90.86
92.28
94.18
91.28
94.66
99.76
103.35
108.42
108.66
99.33
94.09
100.91
105.63
97.88
89.60
90.43
94.11
97.09
101.19
96.85
95.62
97.45
96.45
97.07
103.16
107.30
100.33
99.70
99.72
97.35
101.34
103.78
107.69
103.23
102.43
107.24
108.44
108.16
107.76
108.29
106.76
101.98
103.59