97.36
90.54
97.25
113.82
112.92
109.10
109.77
112.33
109.77
105.62
101.99
97.90
100.52
106.59
102.39
99.11
95.52
90.94
96.14
100.47
98.54
90.46
93.48
100.46
100.25
93.03
87.90
87.59
87.85
87.92
89.71
93.69
92.92
89.99
91.33
95.16
99.37
95.22
92.97
96.00
99.09
96.59
92.73
94.16
99.26
104.72
107.95
111.36
105.23
100.04
99.50
98.05
90.69
90.24
98.07
99.21
96.75
99.45
98.60
101.41
100.85
93.70
88.32
87.01
93.10
97.07
96.64
91.10
91.71
102.12
113.47
108.33
102.21
105.48
111.80
105.96
89.86
89.13
91.06
88.50
89.54
90.79
98.76
97.71
94.15
89.48
90.68
94.36
95.17
100.12
97.00
92.68
94.42
105.51
106.61
103.80
106.57
109.08
105.82
101.16
93.76
86.45
86.44
95.14
101.17
107.77
102.70
96.08
91.44
92.80
100.57
101.72
96.29
90.99
88.72
96.21
108.81
115.41
113.98
102.98
92.62
88.95
89.45
92.04
99.56
99.72
96.56
97.31
105.15
101.87
101.31
100.11
102.54
108.99
112.72
112.92
108.38
105.23
103.27
93.49
91.20
97.18
99.18
92.74