98.99
90.31
87.07
86.30
87.50
96.81
112.12
111.18
98.62
89.61
88.84
90.95
94.01
103.49
107.95
107.95
102.14
92.67
85.52
84.81
86.62
86.82
92.06
103.58
102.48
99.98
105.72
108.02
100.20
90.71
86.96
91.66
98.42
107.90
108.72
110.31
112.54
109.45
99.41
98.09
95.21
98.49
95.63
95.64
94.13
96.49
98.14
103.96
108.96
110.18
107.20
106.76
106.00
99.11
90.61
85.62
84.86
85.89
91.36
107.65
109.12
105.12
104.84
102.00
95.08
96.62
104.52
111.68
114.26
114.51
111.16
106.96
105.20
101.41
91.20
87.35
89.48
96.97
97.24
102.02
104.71
104.90
98.05
88.77
91.79
94.99
91.22
92.18
101.81
112.78
112.96
104.90
91.75
86.31
93.53
105.49
109.35
108.07
103.49
101.97
104.37
98.51
95.96
100.00
107.97
104.48
96.27
94.77
93.80
94.81
101.46
101.43
102.23
106.60
104.51
96.25
90.31
91.86
94.08
103.13
103.71
100.09
100.63
102.25
96.63
91.97
99.20
111.14
114.06
113.86
112.88
106.77
96.72
94.71
103.23
109.47
102.56
90.25
91.11
91.87
89.11
95.56
101.65
104.97