97.01
87.78
87.13
89.33
95.43
99.74
96.98
94.71
92.01
93.05
94.77
103.61
111.39
111.09
107.13
103.23
97.06
91.48
91.60
89.61
90.99
100.48
105.60
103.92
106.66
111.01
110.67
108.36
103.89
103.50
108.63
105.03
96.37
89.72
95.35
109.15
115.52
113.05
106.03
104.13
103.22
98.64
98.37
98.92
98.19
100.64
98.43
91.87
88.57
87.88
92.50
92.61
98.75
101.08
97.36
101.82
101.78
98.29
102.86
111.21
108.07
101.26
98.56
95.57
90.68
95.96
98.32
103.19
99.62
99.74
104.78
103.49
104.59
101.91
103.63
108.54
108.61
104.50
93.48
84.84
84.14
85.85
90.77
98.46
105.36
112.36
114.26
110.47
108.40
110.03
111.02
103.11
92.51
93.42
104.21
106.63
105.24
107.42
101.17
91.49
91.35
91.56
92.91
96.06
97.88
100.01
96.59
89.96
87.37
93.52
106.77
115.58
117.06
115.69
107.49
99.55
102.06
106.73
102.78
101.62
100.51
91.96
88.36
95.53
99.83
96.32
96.49
96.88
103.15
103.24
95.08
97.04
106.94
107.84
100.35
88.95
89.64
103.46
113.70
111.84
100.76
88.44
84.96
85.85