96.63
87.15
86.26
87.51
92.10
108.42
106.98
102.96
95.47
91.39
94.27
105.59
110.98
105.90
103.22
107.52
109.61
104.84
102.71
106.19
106.23
106.41
108.56
103.92
96.85
91.43
92.37
96.01
100.10
103.58
107.71
108.18
103.51
97.26
94.90
90.72
86.23
89.01
94.39
103.86
110.32
114.04
112.94
107.79
103.54
96.11
87.02
86.62
92.70
102.66
103.92
96.09
92.56
94.96
103.70
105.23
107.08
108.23
103.78
100.94
101.14
96.96
97.25
102.84
105.29
99.88
96.82
95.35
97.41
102.34
103.74
105.54
99.81
92.38
87.83
86.84
91.70
93.70
95.36
97.51
98.00
101.05
105.66
110.48
104.41
92.18
88.82
92.37
99.73
103.37
98.52
89.38
87.90
88.96
89.20
92.47
91.54
91.80
102.05
112.47
115.82
116.37
110.10
104.38
100.48
94.69
90.63
89.59
95.14
108.31
115.13
116.21
113.01
108.92
98.61
86.07
83.62
86.47
92.19
104.69
114.48
111.25
97.86
90.74
98.68
104.93
109.77
111.58
104.97
100.57
95.17
98.07
95.50
96.98
101.91
106.68
108.58
101.28
98.78
105.10
101.85
96.16
90.68
89.21