97.41
93.14
94.04
103.67
102.20
94.75
87.59
91.42
95.76
99.57
105.21
100.32
98.94
94.36
90.11
87.25
93.45
107.73
107.60
98.20
87.49
89.21
90.62
87.62
88.04
91.38
91.37
95.32
105.51
111.59
108.22
99.59
91.74
91.69
94.42
97.44
103.17
110.76
109.82
98.24
90.82
94.03
94.11
93.13
95.13
104.15
113.36
110.69
104.79
101.60
94.57
91.79
94.33
102.61
109.87
108.37
99.24
90.29
93.09
105.44
105.87
103.91
97.70
95.20
99.01
101.49
104.51
110.10
110.64
105.34
92.98
91.75
97.91
97.53
96.74
101.86
101.55
104.67
107.08
98.53
91.02
92.48
92.70
88.78
91.73
102.62
112.15
113.01
107.69
106.55
101.20
92.45
89.23
93.17
100.39
102.57
97.99
96.81
103.29
106.48
103.42
104.89
102.44
98.70
91.84
94.33
104.82
109.69
112.38
108.00
101.08
97.85
99.05
100.16
104.33
105.00
102.03
101.97
107.93
109.01
107.83
109.34
105.93
103.70
107.90
104.85
100.65
92.11
91.49
97.90
94.78
96.85
97.70
99.91
101.42
94.02
86.30
87.74
91.57
90.04
95.25
96.90
103.02
106.57