98.82
95.98
105.62
111.92
114.41
111.15
99.37
91.36
92.81
100.11
101.61
103.40
99.08
92.05
90.45
95.71
101.41
98.55
92.08
88.53
87.74
95.54
110.55
111.08
102.32
95.92
98.50
107.46
113.05
112.82
110.31
100.97
87.49
84.85
88.70
94.32
96.12
93.79
88.91
87.50
95.12
101.26
98.85
100.97
98.02
99.88
108.81
106.09
104.03
108.08
104.23
99.36
92.26
92.93
96.82
100.19
97.87
92.46
96.14
95.23
95.11
97.85
93.93
96.55
96.68
90.41
85.60
88.45
90.35
98.09
108.27
112.15
106.65
101.88
98.98
95.40
92.39
99.42
101.38
105.96
101.08
89.80
86.79
90.07
97.56
98.06
91.09
94.95
101.19
102.04
98.26
96.68
92.16
89.92
91.18
91.16
99.39
103.40
98.77
91.86
86.47
84.89
84.90
86.46
87.43
89.14
99.21
108.12
107.09
104.77
96.95
97.21
99.03
92.99
94.68
104.68
104.23
105.02
102.68
103.35
105.21
99.53
92.43
95.14
96.66
101.64
108.58
108.72
105.83
107.81
110.95
113.00
107.37
102.80
102.14
96.87
87.95
84.61
88.06
92.87
102.13
105.95
98.62
90.93