100.25
98.30
100.69
96.11
96.75
101.45
108.85
114.39
111.13
99.14
96.07
101.91
98.02
90.95
96.03
101.16
105.03
107.72
101.49
99.24
98.67
103.73
107.56
106.91
106.08
100.79
95.66
95.33
96.77
97.88
99.83
103.69
106.92
110.48
106.38
95.39
87.54
89.42
99.78
101.59
97.13
92.50
94.69
105.70
106.34
95.91
90.63
95.54
104.85
102.62
101.33
95.08
91.64
90.93
99.62
111.25
115.22
107.62
100.44
104.32
100.22
89.50
86.56
92.01
100.06
96.37
89.79
86.42
91.00
102.04
107.87
102.12
89.77
84.28
86.65
88.63
97.37
102.00
106.98
105.02
98.55
92.56
92.22
93.25
91.33
90.65
89.31
96.62
108.71
114.54
112.89
108.81
98.46
86.52
87.33
90.74
94.07
92.33
92.37
91.54
88.62
91.74
98.65
103.62
100.92
97.18
92.76
94.06
91.85
95.66
107.46
112.26
107.89
104.87
105.93
107.28
106.49
106.38
98.71
96.03
96.49
97.94
94.06
97.10
101.06
100.95
94.59
97.86
108.68
106.81
94.73
94.18
101.24
101.06
100.09
92.99
92.76
96.01
95.77
95.36
96.74
104.40
109.42
101.45