97.55
88.27
86.46
86.83
87.55
91.01
91.86
92.10
97.97
110.92
110.89
99.84
97.53
105.10
102.78
94.78
87.29
85.48
90.66
101.52
102.18
98.75
101.47
104.40
97.34
89.38
85.39
87.30
96.18
110.20
116.97
116.32
108.42
91.73
88.92
99.27
98.63
101.67
107.18
108.19
106.36
104.19
101.67
95.33
93.97
90.37
87.66
92.38
93.89
95.53
101.18
106.59
111.71
107.90
96.30
96.19
108.01
106.99
104.87
96.48
91.42
98.93
98.54
99.20
98.37
102.19
108.41
108.03
97.15
91.67
99.05
109.60
113.37
105.15
92.36
86.01
91.75
108.20
111.42
111.55
111.82
107.62
98.92
94.80
101.61
99.32
95.62
101.34
107.99
103.69
102.02
100.51
99.61
96.50
91.58
89.76
95.81
95.91
89.50
85.94
85.76
91.22
97.67
101.93
102.98
104.71
107.74
110.64
106.08
102.61
100.24
94.29
86.98
86.47
88.52
94.59
96.15
93.86
100.09
106.80
99.93
97.77
102.28
102.85
96.80
90.87
92.04
91.18
95.10
98.29
106.34
113.14
110.58
98.29
94.95
101.77
107.73
108.35
106.41
108.49
108.87
107.04
96.47
87.15