100.95
99.22
102.99
108.51
111.12
106.29
98.42
92.80
96.67
104.59
107.81
99.44
96.62
96.44
97.32
95.88
90.90
92.64
95.43
97.05
94.93
95.54
97.94
105.76
113.44
110.72
99.95
88.96
85.58
87.08
88.34
88.44
95.73
111.00
114.30
108.96
100.23
89.26
85.16
91.80
95.13
97.32
103.45
106.47
109.32
110.58
101.35
96.48
99.50
95.54
93.14
94.03
93.52
89.49
86.25
89.16
89.98
91.27
93.35
90.93
87.09
85.92
85.86
89.81
95.34
99.94
100.34
99.85
106.64
112.27
109.67
108.62
110.44
105.58
94.76
88.62
92.76
103.58
101.83
97.13
101.46
100.14
93.31
95.33
94.16
91.20
92.08
99.28
99.52
93.62
87.25
91.90
94.66
97.82
93.68
95.96
93.94
93.54
99.29
97.11
95.73
100.15
106.46
102.16
92.67
88.06
94.19
106.79
110.68
105.94
104.59
107.85
109.78
103.09
100.41
98.00
96.91
93.00
89.23
88.35
96.88
106.98
110.72
108.85
102.46
99.98
100.13
99.63
103.99
99.69
89.04
87.04
87.75
94.34
97.09
101.15
109.09
108.83
102.59
97.84
100.23
98.03
94.77
90.54