103.36
103.53
100.99
101.32
104.53
108.42
108.76
106.86
104.84
101.98
104.91
105.29
106.13
104.11
103.60
97.65
89.62
87.03
94.75
102.48
104.13
96.41
93.98
102.87
102.97
99.95
100.36
107.44
105.96
101.41
94.66
91.49
96.57
94.72
89.99
92.93
104.66
103.17
96.94
99.31
105.01
105.62
105.37
99.71
97.05
92.13
89.99
98.01
111.18
110.50
98.04
85.55
86.91
88.80
87.71
89.53
93.91
98.55
95.07
89.69
91.74
104.24
109.33
106.31
106.14
102.41
92.94
88.47
94.10
94.43
94.86
100.17
96.76
97.34
104.23
111.95
115.77
115.56
110.89
108.13
109.23
105.46
99.64
94.10
89.72
94.08
101.27
106.04
102.04
98.19
100.72
107.20
107.27
99.42
99.82
97.23
92.65
97.80
96.93
100.64
103.09
99.89
100.29
107.04
109.00
106.12
106.88
101.63
91.17
86.02
86.32
90.41
95.17
95.11
99.14
98.41
102.22
103.80
103.82
104.28
107.38
101.58
96.97
92.28
94.94
104.55
112.99
113.57
112.71
109.76
106.59
104.62
99.88
95.24
97.82
100.57
99.30
101.30
100.16
95.33
93.04
101.28
109.20
109.74