99.49
95.85
95.27
95.97
93.42
96.76
95.92
91.07
93.62
104.49
108.38
109.46
105.45
100.41
97.20
95.68
98.43
102.25
102.68
100.54
101.82
105.94
102.70
94.53
92.42
98.07
106.24
108.45
100.62
89.52
86.44
88.95
100.22
106.50
99.40
89.61
91.66
102.47
109.32
108.30
107.37
103.39
97.75
90.31
91.00
98.80
99.80
98.48
99.86
101.28
101.89
95.93
95.71
94.17
93.99
103.30
107.16
98.23
94.42
95.80
91.49
95.49
99.69
102.21
101.89
98.95
99.07
101.87
103.75
107.50
107.47
107.10
99.05
97.54
103.30
107.86
100.77
87.51
89.21
102.80
105.96
100.64
98.67
104.05
110.53
111.06
110.54
105.20
91.81
84.94
89.58
105.36
112.23
109.46
106.80
106.77
100.21
89.66
89.83
97.30
105.85
109.31
105.97
95.18
90.30
92.20
97.32
103.81
106.14
97.47
86.99
84.37
89.26
96.56
109.64
110.73
100.21
94.25
89.64
87.58
88.26
93.48
103.50
112.95
115.19
106.70
89.14
84.73
88.00
97.18
108.97
105.74
95.07
89.35
91.36
90.62
89.08
91.27
98.47
106.83
102.53
102.81
108.90
111.26