102.96
102.29
107.13
106.77
99.81
98.01
105.90
108.67
98.81
88.26
87.80
88.14
95.20
98.12
96.75
100.51
102.90
99.83
101.73
103.59
104.90
107.51
105.71
104.08
96.41
92.29
100.89
100.79
92.01
94.67
105.78
108.61
103.52
92.38
89.66
98.05
109.60
113.57
108.56
103.41
103.66
99.49
90.02
84.70
85.01
86.29
87.62
91.74
101.37
110.94
111.16
109.10
102.22
93.82
97.84
104.18
101.38
91.93
88.50
94.46
95.89
96.86
105.71
105.76
95.32
93.44
98.68
107.84
103.54
95.47
88.86
92.06
104.73
112.48
112.69
110.62
101.45
96.23
91.63
88.42
88.94
92.55
103.08
101.30
91.42
85.60
86.86
89.56
94.60
106.28
108.62
109.57
104.67
99.00
92.98
97.41
107.85
109.11
99.33
87.48
90.19
96.59
95.32
99.69
106.14
108.17
104.87
98.81
95.23
92.85
91.63
93.05
101.95
107.18
108.69
100.95
96.03
92.28
90.60
90.68
89.13
91.26
93.63
97.04
104.89
101.97
99.86
99.95
93.43
89.32
87.00
88.27
88.88
94.09
98.85
103.54
104.90
103.74
99.75
96.25
89.60
86.37
87.61
97.46