101.69
96.62
94.64
98.90
109.11
114.01
109.45
105.37
102.06
102.78
105.46
104.24
104.28
106.63
107.81
106.90
101.81
92.53
89.84
97.27
108.84
106.93
99.50
97.94
103.08
103.63
98.22
97.35
92.67
94.47
102.45
99.37
97.45
94.06
96.86
103.93
107.27
108.65
110.56
110.09
109.38
109.16
109.68
110.82
109.90
100.45
88.21
84.47
86.55
87.79
94.35
105.93
110.68
109.15
103.67
103.06
97.37
89.60
87.95
90.16
93.70
102.73
101.94
96.04
100.42
108.74
107.04
97.38
95.08
99.34
103.31
102.05
99.68
103.53
103.44
101.04
94.85
92.66
93.24
89.74
87.91
88.61
89.01
88.64
89.84
96.73
108.26
112.33
104.90
102.08
103.95
107.68
108.06
102.63
92.66
86.12
86.37
88.06
87.49
86.41
88.64
91.31
93.00
97.83
101.69
109.16
110.92
109.46
100.25
87.14
83.48
85.75
86.53
87.50
87.89
91.35
92.30
95.53
99.90
106.44
104.34
97.04
95.23
93.42
91.06
94.38
100.21
108.02
109.82
110.89
105.00
91.15
86.48
89.14
94.75
94.03
89.75
91.72
101.98
111.51
113.50
109.35
99.38
92.83