99.09
93.09
92.91
91.80
89.27
92.86
105.71
109.75
103.53
92.09
92.97
95.74
100.36
101.61
96.15
91.69
95.48
98.64
95.94
93.43
97.47
100.50
98.00
96.82
93.54
92.32
97.49
106.43
104.21
94.56
95.91
94.81
92.78
99.18
98.09
93.79
97.07
99.36
105.85
105.41
106.25
104.42
102.89
102.22
101.50
99.81
101.75
100.90
94.88
91.20
90.51
92.13
100.03
108.77
111.11
111.01
102.52
99.46
105.79
110.47
105.76
99.12
100.30
98.00
100.94
108.18
108.35
103.55
101.40
102.39
100.27
102.08
100.03
96.86
93.81
89.80
87.69
88.21
95.96
110.70
114.30
108.56
99.09
94.33
91.22
97.13
100.60
100.43
97.34
99.82
98.58
99.10
97.42
100.18
104.43
109.69
108.84
100.00
95.26
99.77
101.26
100.49
98.95
96.88
93.82
96.17
98.31
96.34
96.93
105.76
108.34
105.77
105.51
109.34
108.48
98.59
88.15
87.80
88.50
92.92
97.73
100.47
106.37
108.97
110.41
109.55
105.65
106.05
109.47
109.00
97.52
89.93
97.41
105.29
107.40
100.02
92.91
88.21
86.60
91.29
92.22
96.23
99.90
106.86