96.46
88.08
93.09
99.77
95.66
92.10
93.38
91.68
98.23
106.51
104.02
105.16
101.86
95.05
93.49
102.91
112.16
112.28
105.55
92.40
90.17
97.30
97.81
94.70
98.27
99.31
103.62
103.24
96.67
95.82
93.86
94.81
101.65
99.93
91.84
94.34
98.23
93.67
89.70
96.29
102.78
107.79
102.89
102.74
106.06
107.08
109.47
111.21
112.73
114.09
113.84
112.72
106.84
92.57
88.80
94.76
95.91
99.18
95.93
93.14
99.49
106.86
110.65
106.89
100.07
96.28
93.38
95.82
100.35
98.95
91.73
89.63
93.12
94.48
99.76
100.79
96.07
95.92
102.65
99.52
89.25
87.71
97.90
98.66
102.59
102.88
98.46
94.50
99.71
108.90
108.26
96.78
86.96
87.54
92.35
91.99
92.46
96.98
101.95
96.16
88.00
90.11
94.97
92.82
97.98
100.63
104.97
110.74
111.97
105.45
97.89
95.99
96.86
92.72
88.09
86.22
87.80
88.33
95.64
109.99
113.53
113.35
107.90
103.15
106.15
105.60
97.17
87.68
89.27
102.36
103.29
95.61
96.98
97.54
97.00
98.47
106.23
111.48
109.19
98.15
89.67
95.35
103.91
105.51