99.64
100.71
106.89
109.71
109.33
103.75
99.79
103.65
106.78
107.81
107.62
109.48
102.64
91.56
93.82
97.98
99.15
105.42
105.17
95.73
85.72
83.73
84.70
85.05
86.09
89.59
101.35
116.53
113.39
101.16
96.02
94.81
93.24
94.65
104.43
103.62
92.93
87.35
88.16
95.80
101.60
101.17
103.03
109.16
107.67
97.79
89.04
85.30
86.44
92.18
104.91
107.79
104.67
101.05
96.86
89.08
85.79
87.61
91.15
95.71
94.34
98.00
106.06
107.30
107.62
105.07
94.32
85.29
85.57
87.86
93.43
104.93
112.43
110.86
101.40
88.72
84.49
86.89
87.75
90.06
96.02
101.51
98.90
92.27
88.35
89.64
94.38
95.40
95.91
104.39
110.14
105.29
101.44
95.09
94.90
103.98
105.38
100.69
101.62
102.56
94.58
94.28
99.88
101.68
98.86
92.03
91.45
93.50
95.69
92.54
94.16
96.24
95.08
98.15
99.14
102.79
104.31
97.87
98.61
106.41
111.17
104.72
93.09
88.49
91.15
90.78
97.03
102.42
108.45
109.53
99.78
94.82
94.63
97.14
96.11
90.52
86.92
88.67
91.49
99.61
101.14
105.37
100.14
99.15