96.64
89.26
97.48
104.19
107.98
112.32
115.42
108.70
92.63
90.32
96.47
93.16
93.06
103.50
102.84
93.55
89.54
88.53
89.06
92.42
92.22
93.36
99.04
107.50
103.85
100.64
106.13
112.34
112.02
111.24
112.47
113.38
112.96
110.01
101.08
97.47
98.36
100.59
103.17
105.88
99.72
97.30
95.31
90.22
92.32
99.47
108.17
109.23
107.58
98.60
89.34
85.42
89.92
102.17
108.46
104.55
104.85
107.33
110.64
105.90
96.36
88.74
89.89
89.40
92.68
95.75
97.74
94.51
97.94
101.05
103.00
98.24
94.59
101.96
108.93
109.59
105.21
98.46
90.25
90.16
91.89
99.27
104.68
100.58
100.79
100.62
104.40
100.67
93.33
89.54
92.18
92.14
87.94
87.56
88.35
88.71
96.05
111.95
109.17
95.70
88.72
93.73
101.31
100.17
92.72
89.78
90.21
97.14
108.73
105.20
92.56
86.02
85.17
90.77
98.13
95.61
89.19
86.49
89.59
100.84
102.41
97.00
94.02
92.91
95.61
95.41
89.59
88.74
90.22
88.80
94.83
104.56
106.47
99.57
95.66
101.40
101.41
97.18
101.60
110.41
108.40
103.17
94.04
95.28