103.28
102.15
104.96
110.10
105.87
94.57
85.77
87.27
89.56
89.32
93.11
105.50
114.46
116.57
108.79
95.75
90.65
98.24
109.76
106.38
93.44
87.68
88.67
90.43
89.47
90.11
96.04
107.77
112.21
108.66
104.84
101.14
95.64
89.23
85.93
86.31
86.19
89.06
90.61
94.14
95.33
101.52
109.75
111.31
111.25
105.53
101.61
96.98
95.48
91.15
91.70
96.76
107.45
113.31
115.11
112.83
103.59
91.90
89.75
89.47
89.91
88.30
90.65
93.20
98.23
94.80
94.26
91.69
91.58
91.15
96.57
105.47
101.08
89.36
87.27
94.78
108.75
107.07
95.07
87.75
88.39
92.38
94.34
98.65
103.46
105.09
105.87
100.12
93.27
90.97
89.72
88.91
91.20
91.84
96.16
99.07
102.75
97.06
88.05
89.82
98.53
108.78
111.41
104.29
101.33
102.74
101.03
103.39
104.33
107.15
107.51
100.07
99.58
106.22
110.41
110.06
110.45
111.98
109.83
101.79
97.47
95.97
100.60
96.48
89.51
89.35
92.61
94.17
94.17
90.04
90.21
100.05
102.15
98.82
91.22
88.62
88.51
89.45
89.22
93.46
96.77
95.36
92.48
97.16