99.61
93.08
94.34
97.65
99.65
99.71
93.44
89.58
88.82
97.62
103.65
109.16
103.15
95.12
89.51
93.93
97.52
93.94
88.40
87.88
88.36
87.95
88.46
89.93
90.50
91.31
99.02
109.22
112.76
111.70
110.19
101.95
93.94
97.27
104.54
102.47
100.18
104.29
110.00
107.61
106.75
108.85
110.37
111.12
103.82
96.69
101.34
110.09
110.82
108.84
103.77
93.38
90.36
91.61
97.62
101.31
101.28
101.28
96.36
88.10
86.39
93.94
101.08
105.58
104.74
94.68
85.62
85.75
89.38
96.78
102.67
104.26
101.54
95.21
87.96
87.05
89.86
90.67
89.23
87.84
87.58
93.18
95.51
95.45
99.48
100.93
93.93
86.63
85.63
87.63
92.30
100.45
105.65
104.80
105.82
110.20
109.27
100.53
92.64
87.57
89.85
97.15
98.38
97.36
97.81
99.61
104.55
102.86
97.39
89.87
87.95
92.09
97.06
106.86
107.70
101.84
91.01
89.08
91.22
101.49
107.39
104.82
104.17
107.79
108.64
107.81
100.65
88.47
88.36
92.98
90.57
92.44
91.35
94.71
106.54
113.34
115.09
113.61
111.58
101.00
89.83
89.03
100.31
104.19