98.53
94.58
100.26
100.38
94.97
88.19
86.54
92.17
101.36
107.69
110.21
105.81
95.40
96.30
101.27
106.94
107.24
104.36
93.97
89.25
90.81
100.02
105.41
104.74
97.12
93.68
91.64
95.19
99.50
100.96
94.80
96.50
102.02
98.91
100.09
103.14
102.33
102.50
104.67
108.36
111.42
107.31
101.01
102.16
102.83
102.03
100.64
102.05
106.60
108.70
109.81
110.24
111.28
110.39
110.41
109.57
106.33
101.86
98.66
92.68
87.31
92.34
105.33
111.20
112.25
107.42
95.11
87.28
92.63
103.39
110.03
111.21
108.39
103.13
103.20
108.13
105.57
99.96
99.34
94.86
96.31
99.85
106.41
109.12
111.12
110.70
106.73
104.33
99.36
98.31
104.40
105.80
102.62
102.31
105.82
103.10
93.03
86.47
88.68
93.75
100.02
104.03
97.49
95.52
99.36
96.59
97.29
98.06
96.17
99.50
101.37
103.81
105.74
100.21
99.76
96.81
90.53
91.79
100.90
103.14
101.69
94.26
90.74
91.09
97.94
107.55
102.23
100.41
105.88
104.66
95.14
91.07
100.47
107.52
110.14
111.64
111.16
101.37
86.73
83.03
84.32
84.82
86.33
91.19