97.64
90.14
88.84
91.19
101.70
113.86
109.54
101.38
95.58
89.26
85.58
86.13
93.10
110.66
117.07
110.18
96.52
86.05
86.25
97.04
99.53
103.09
107.63
106.65
101.28
101.99
107.85
105.03
95.58
96.28
101.80
98.50
88.92
87.75
89.37
93.40
103.66
109.56
107.90
107.45
103.63
98.16
90.51
85.80
90.36
95.11
98.96
108.15
110.91
108.92
106.64
106.79
109.69
111.30
112.53
110.93
101.61
91.68
93.79
97.17
92.82
94.96
94.42
98.95
96.34
92.26
90.57
92.58
94.37
100.46
98.49
92.86
90.36
92.83
103.38
108.94
107.02
104.09
103.37
103.85
106.76
109.79
112.12
113.44
111.95
110.35
109.12
107.66
107.31
102.00
99.15
101.60
100.52
99.48
92.82
92.98
95.99
104.77
107.39
108.04
106.22
99.39
97.97
96.49
90.91
91.01
94.48
94.45
98.89
102.05
102.52
96.09
92.14
94.71
95.32
100.53
96.86
89.79
85.50
85.49
86.08
87.86
91.30
91.52
89.83
88.60
89.56
91.84
90.39
91.17
97.29
105.47
111.95
113.92
114.83
113.17
108.87
105.10
99.33
93.11
87.76
92.94
107.90
109.21