98.50
97.62
109.41
116.38
116.34
111.22
100.98
93.17
90.30
86.91
85.21
88.48
96.29
102.28
99.87
94.88
92.87
97.79
96.22
90.06
89.31
89.47
89.80
92.95
98.74
102.43
107.76
101.77
93.94
94.89
103.51
105.50
104.53
98.27
95.70
101.78
111.01
114.90
110.12
101.94
102.00
108.11
112.06
108.15
93.99
87.01
87.80
90.66
93.18
100.49
111.54
110.77
103.54
103.04
99.72
99.25
97.63
89.78
90.04
100.42
106.18
110.80
113.29
113.79
110.51
104.76
98.73
97.29
97.15
102.30
100.21
95.20
88.97
91.50
97.92
95.73
90.74
89.20
97.80
105.76
99.43
89.66
87.60
96.23
99.27
99.29
99.92
96.37
94.32
101.67
105.35
99.51
88.47
91.08
95.20
99.22
105.68
103.48
104.31
105.92
106.11
109.34
110.17
102.87
98.82
95.55
91.75
87.94
88.18
87.95
87.84
88.00
90.29
98.00
103.17
107.02
104.51
105.99
105.14
98.71
100.44
101.19
98.58
92.51
88.09
88.61
89.03
89.39
90.77
91.51
97.12
100.62
100.97
105.18
104.06
95.56
92.65
94.98
100.23
95.57
92.46
96.05
106.55
111.49