101.49
101.58
108.41
113.18
107.63
99.63
102.28
110.11
106.08
102.82
95.84
89.91
90.05
95.32
98.44
92.63
93.76
93.81
90.98
97.95
108.94
112.43
107.71
99.98
91.54
86.47
85.28
86.88
89.34
92.02
96.45
105.95
111.01
109.68
107.99
109.17
107.15
101.61
93.64
94.40
101.55
108.93
111.31
103.75
97.84
92.13
92.72
91.51
91.78
97.94
104.66
108.35
103.94
100.74
102.23
108.20
109.73
100.88
87.84
84.30
87.60
89.37
89.47
92.26
99.43
103.80
104.38
101.17
104.80
109.01
112.12
112.86
110.88
109.85
110.36
102.80
93.48
97.64
106.44
112.28
115.03
114.72
113.89
105.70
91.35
88.59
91.73
91.90
99.45
110.06
113.44
108.10
104.26
97.24
95.60
102.92
109.81
108.19
107.37
102.54
102.43
105.89
104.61
94.60
87.01
87.16
91.75
98.20
97.72
100.70
109.62
107.77
94.86
87.95
87.06
88.63
92.06
93.18
98.27
101.63
97.67
89.49
85.56
91.41
107.42
111.20
100.47
95.05
99.64
102.01
94.34
86.85
86.34
90.85
94.30
95.32
90.63
93.89
106.31
110.23
104.12
102.29
96.63
98.45