103.05
102.52
109.59
114.91
108.32
103.96
104.87
108.95
102.30
95.24
91.31
95.36
101.51
97.92
88.45
87.86
91.27
94.50
97.76
93.69
88.90
91.21
97.77
99.37
95.99
98.09
101.31
99.46
93.98
90.30
90.03
88.09
88.57
89.32
94.82
104.33
101.11
99.31
96.05
93.37
93.16
94.28
98.77
97.24
98.20
99.70
93.14
95.71
94.59
94.60
103.44
102.53
104.73
103.21
94.00
93.48
91.76
90.16
92.16
98.85
103.94
108.71
108.33
105.11
98.51
93.15
93.41
102.49
101.02
90.07
88.58
91.81
90.86
90.14
97.11
103.04
98.37
94.46
94.98
93.11
90.46
89.78
94.16
104.54
103.73
92.60
87.56
90.19
102.17
113.07
115.73
114.42
109.37
101.92
97.02
92.55
96.46
103.49
108.85
109.72
104.23
102.51
100.76
92.61
94.82
106.15
113.62
108.47
101.69
95.11
95.59
96.90
94.63
97.44
102.38
103.05
103.69
105.69
103.52
100.70
104.34
109.91
110.59
110.89
104.22
100.37
105.32
104.95
105.14
105.62
99.86
100.58
105.72
105.28
94.23
89.57
99.73
112.57
112.87
106.31
100.39
95.53
98.98
108.74