101.61
102.50
103.78
106.56
99.75
92.67
89.35
88.26
87.98
87.49
86.53
86.83
91.07
96.44
100.44
95.54
97.31
101.36
103.31
106.10
102.17
98.39
96.55
91.74
92.35
100.58
102.54
94.43
91.14
90.71
88.77
93.29
94.85
97.02
99.21
105.84
105.08
98.39
99.36
95.87
89.69
93.19
97.05
104.48
110.52
106.14
101.40
100.88
105.66
110.51
104.58
95.47
94.75
91.97
87.17
86.65
92.54
102.04
103.60
101.75
106.13
111.06
108.28
96.41
85.80
83.95
86.14
87.21
92.08
107.10
115.50
116.56
109.36
95.50
92.80
101.48
110.12
112.08
111.94
108.17
100.59
91.62
90.44
94.67
97.59
100.50
105.46
101.01
91.26
86.23
86.29
87.96
91.44
101.54
108.84
113.07
108.33
105.33
101.15
91.10
85.49
84.65
88.08
95.70
107.35
107.52
107.94
105.74
106.75
101.37
98.67
100.83
102.50
99.61
93.59
87.29
86.69
87.74
93.36
103.95
114.11
110.45
105.51
99.28
92.73
91.46
89.65
91.07
95.20
102.57
108.91
102.74
92.26
87.16
88.51
96.12
102.78
109.55
106.44
104.46
104.67
108.57
112.47
110.58