101.21
99.95
110.02
110.41
109.86
105.88
93.69
85.08
89.22
91.45
88.75
88.92
90.72
91.53
90.67
87.83
85.96
89.33
103.61
111.68
109.86
98.14
95.40
96.61
103.05
110.73
110.25
108.68
102.10
89.60
84.14
85.07
91.22
96.11
95.24
90.95
89.06
88.60
94.84
109.74
116.82
114.19
103.18
96.86
102.55
105.48
96.68
93.12
100.22
109.77
112.84
104.90
92.90
92.13
96.86
96.32
97.90
102.71
107.82
106.15
101.50
96.93
97.75
105.12
107.74
101.05
89.64
92.06
106.29
114.53
109.72
104.30
98.92
98.34
93.04
85.98
85.37
87.97
97.66
110.31
106.40
102.11
104.73
102.96
93.66
93.97
106.14
104.62
104.04
109.52
113.16
111.80
101.47
95.63
99.26
100.95
102.98
108.21
102.32
90.44
91.23
96.53
105.16
112.40
114.44
108.54
103.74
107.44
102.52
89.71
90.00
91.49
92.93
90.83
90.23
97.14
110.06
111.75
109.84
107.74
98.53
95.34
101.27
100.34
97.12
95.25
91.62
96.04
100.57
95.53
90.46
93.91
102.50
108.70
109.43
105.95
104.75
107.36
110.49
111.79
103.74
89.78
84.26
88.50