100.19
102.59
104.04
106.87
101.88
100.98
105.24
107.42
106.72
101.56
99.43
92.96
90.24
89.38
94.17
93.77
90.01
89.31
88.02
91.90
99.09
105.73
107.64
110.43
105.59
102.32
103.38
98.23
96.61
96.17
100.15
103.14
97.67
95.14
95.90
97.25
92.39
87.03
86.72
89.88
93.74
94.97
101.18
106.76
112.36
107.03
97.48
87.78
85.28
85.86
88.16
95.08
105.62
104.54
106.49
111.71
107.05
95.19
86.99
86.53
89.32
90.49
91.96
98.45
106.92
104.39
102.16
107.04
104.96
105.23
109.37
106.86
101.40
96.01
89.68
86.94
88.45
95.44
104.92
108.93
109.19
110.42
111.26
109.93
107.83
99.72
90.51
85.21
86.07
93.70
103.51
112.43
108.51
103.89
95.52
94.96
92.96
93.05
90.59
89.51
88.86
92.71
92.90
93.02
90.42
88.49
90.10
92.43
92.57
96.87
107.44
110.97
103.93
91.45
87.63
97.03
109.27
115.05
116.73
108.87
93.94
85.92
86.85
91.61
94.04
91.41
90.55
92.27
100.50
106.39
111.96
107.38
93.97
86.37
86.97
90.02
99.74
113.50
117.80
117.60
112.57
98.09
89.50
94.54