97.09
88.02
88.60
91.27
90.84
92.79
94.03
96.88
96.74
102.31
105.63
103.23
100.16
99.99
94.57
94.74
104.29
110.72
107.33
101.65
93.24
90.36
90.39
91.54
93.97
103.93
110.47
107.62
104.06
96.46
94.96
99.81
103.37
99.80
93.12
91.33
100.66
111.84
113.92
108.27
105.25
99.71
94.16
89.86
94.47
99.76
107.33
111.98
107.22
99.21
91.54
88.20
86.54
89.31
99.47
106.26
103.92
103.78
109.48
104.54
96.85
89.06
89.95
98.25
96.19
99.09
102.65
104.39
101.67
98.31
96.00
100.34
102.23
102.03
94.10
88.49
89.08
91.12
89.11
88.68
89.12
92.25
101.10
112.06
115.88
115.60
110.01
106.24
102.91
95.92
93.33
99.91
108.60
111.06
105.87
100.49
92.90
87.71
91.89
98.59
99.12
97.97
101.89
105.82
102.84
92.39
91.69
99.75
96.77
90.19
86.31
87.55
87.59
92.75
103.66
111.15
114.67
115.79
115.35
109.28
92.57
83.94
86.11
96.99
107.07
105.76
101.81
97.37
96.17
97.91
105.17
111.49
114.72
114.04
110.93
107.35
98.24
92.26
97.11
103.74
108.84
113.10
113.15
110.32