97.51
90.39
89.60
93.46
93.88
98.88
100.47
95.28
98.21
107.40
112.23
105.17
93.04
89.61
93.50
92.01
91.53
90.76
93.03
95.84
96.16
101.91
100.01
92.56
90.06
96.31
95.06
91.03
93.16
101.05
107.45
104.19
99.98
93.78
95.41
104.71
104.49
94.70
89.42
97.27
109.13
107.27
106.82
106.38
104.89
102.71
99.67
94.26
87.81
91.01
104.93
104.89
100.77
95.14
94.04
91.65
95.67
94.11
89.25
89.67
92.08
94.85
101.35
106.78
110.62
113.83
109.00
100.29
89.89
86.65
93.04
94.48
93.83
94.75
98.84
96.75
90.85
87.70
88.30
95.02
109.43
115.07
115.64
112.77
103.83
99.66
98.48
103.92
105.88
106.14
102.95
102.75
104.74
105.67
108.00
111.46
110.18
106.35
97.43
96.14
97.16
92.86
96.00
94.31
91.93
93.30
95.52
100.03
106.43
104.41
104.75
99.23
92.91
97.93
109.40
111.19
104.61
93.78
94.97
97.14
95.68
98.95
95.63
88.71
89.61
97.02
105.04
100.37
89.10
89.87
91.49
99.22
108.80
113.32
106.02
91.59
90.99
95.81
93.60
97.55
107.13
113.48
113.85
109.61