96.81
90.94
95.88
96.65
102.04
108.13
112.56
114.13
106.74
99.45
91.52
86.56
87.43
92.27
99.59
109.29
113.02
105.56
97.53
90.80
91.09
96.95
93.98
96.87
99.50
103.91
109.61
112.75
106.64
92.68
89.81
89.07
91.55
98.80
108.45
107.09
100.36
90.33
88.86
94.62
105.83
105.49
103.55
97.41
94.58
93.13
93.86
103.20
111.78
110.98
109.50
101.93
97.38
103.16
102.17
99.13
95.84
99.53
99.45
98.35
104.84
105.66
96.36
88.88
89.73
101.34
108.90
108.39
104.73
100.56
95.61
88.99
87.90
88.30
87.94
94.31
102.59
111.84
112.67
107.71
98.65
97.15
105.97
113.22
109.25
94.55
85.38
89.62
99.84
104.80
101.43
100.41
106.81
112.94
115.22
106.96
98.58
94.65
94.99
93.54
92.45
96.31
103.39
111.18
107.45
96.81
87.60
89.90
97.42
107.11
102.39
100.47
101.63
106.14
105.59
96.06
93.09
94.85
94.80
89.38
92.66
93.85
92.00
90.83
95.45
100.77
107.75
110.95
107.99
98.77
89.37
91.62
104.71
111.50
106.81
93.91
84.89
88.29
101.23
102.47
104.26
98.02
90.10
90.02