97.82
88.58
91.69
107.00
112.69
103.74
91.69
90.79
102.59
104.81
105.16
103.86
106.13
108.02
107.04
104.89
107.58
110.64
105.90
96.08
90.24
93.11
91.34
94.51
100.22
99.54
91.09
87.09
90.87
98.19
108.49
114.04
114.95
111.10
100.09
93.55
89.22
87.69
94.90
109.90
115.73
114.49
105.86
94.17
89.51
96.10
106.65
112.42
107.28
95.72
96.21
102.51
98.77
98.29
101.04
100.83
101.39
107.17
112.16
110.14
107.50
107.83
105.61
99.36
91.57
87.35
92.50
102.44
103.34
98.79
89.96
89.95
99.01
102.55
97.04
99.84
98.53
91.62
88.16
89.94
90.82
90.87
95.94
108.66
113.59
112.26
101.64
93.38
100.24
111.80
115.96
114.10
107.92
101.49
94.69
91.87
90.81
87.40
92.53
102.71
103.89
104.23
106.36
104.89
96.48
88.67
89.82
93.91
98.93
101.81
102.37
104.03
100.07
91.87
86.25
85.47
86.87
93.45
107.77
114.08
112.50
108.37
107.55
103.97
102.94
102.75
105.83
105.22
97.31
87.57
88.87
99.84
107.65
110.34
107.82
104.90
104.58
106.94
109.92
107.63
101.70
102.01
96.63
95.76