101.57
102.87
100.91
100.39
105.13
109.29
110.05
110.68
109.48
108.38
102.08
89.01
87.11
87.63
86.67
90.88
93.12
94.51
91.06
90.64
93.84
91.99
91.48
94.67
95.14
93.18
90.27
87.21
92.12
98.03
95.23
88.59
88.07
88.16
88.22
94.23
95.55
101.58
107.85
102.95
99.33
92.51
93.98
103.74
101.90
101.72
98.21
91.15
88.09
94.49
107.30
114.86
115.81
111.50
100.39
91.26
91.09
94.71
92.58
89.96
91.04
91.53
92.32
100.98
106.40
103.12
94.23
91.96
100.22
106.75
103.15
95.80
94.19
92.59
88.09
85.91
91.91
98.64
102.94
107.88
108.08
108.03
110.95
110.95
103.91
100.01
103.12
106.11
105.95
96.27
93.07
102.70
106.42
108.25
107.10
99.78
88.11
85.19
85.56
89.47
90.84
90.68
90.27
94.25
97.33
99.22
103.59
101.32
97.70
102.27
105.59
108.14
102.34
96.05
95.84
100.71
106.96
111.99
110.23
104.05
98.64
90.25
87.31
89.23
88.87
94.24
102.34
107.88
110.27
112.65
114.82
109.71
94.60
84.45
86.00
90.69
96.03
104.82
111.87
108.33
104.73
99.05
101.48
104.63