100.50
100.09
103.16
100.05
100.21
105.18
109.06
107.88
106.76
107.05
105.88
104.09
105.69
107.82
107.24
97.63
90.69
92.33
99.88
102.05
93.86
92.99
91.84
92.16
93.00
101.29
99.47
99.92
94.96
87.34
88.08
94.98
95.71
101.85
109.01
108.02
101.78
91.31
88.79
95.45
103.12
103.81
104.16
108.15
103.98
92.58
93.19
101.44
108.33
103.77
96.24
97.19
94.92
98.98
108.17
112.68
112.36
107.91
104.44
96.71
94.19
91.04
89.75
90.07
99.02
106.25
102.27
92.72
88.38
91.73
94.52
100.54
103.73
107.77
105.15
95.92
92.47
89.78
86.21
89.25
99.98
100.59
91.45
92.41
92.80
99.56
102.10
95.57
97.64
103.65
103.48
97.09
99.10
103.97
109.47
104.84
92.51
85.54
91.11
95.48
97.92
97.94
99.29
100.75
94.67
96.92
105.62
104.73
93.12
88.71
95.56
97.77
102.05
101.62
100.36
99.27
97.20
97.22
103.21
110.25
108.17
105.03
102.70
98.36
99.21
106.52
111.10
112.30
112.95
113.03
112.95
108.23
104.58
106.75
102.97
100.20
100.02
104.68
108.42
105.77
98.48
91.96
96.57
104.45