99.02
92.49
100.17
105.19
105.47
109.25
106.57
96.41
93.90
92.09
90.18
88.51
95.28
106.45
107.74
106.84
109.79
104.55
94.13
86.00
89.83
98.62
101.83
95.02
91.21
93.18
100.77
108.98
107.90
100.19
95.76
89.99
93.06
106.42
115.20
115.89
108.09
100.67
95.40
91.45
92.54
99.92
99.95
98.92
95.37
96.18
98.32
99.56
97.67
97.12
98.46
106.07
112.23
113.12
105.19
96.05
94.18
99.33
104.90
104.05
103.94
103.57
101.06
93.46
93.90
100.80
96.66
98.26
98.22
94.83
93.15
89.98
88.37
92.32
96.32
106.16
109.50
104.46
104.33
98.30
96.29
101.42
103.60
96.25
89.10
90.46
100.85
103.01
98.10
96.05
94.29
90.72
90.64
99.72
109.72
110.04
109.14
108.89
101.12
89.86
85.89
87.86
94.02
98.02
105.86
109.37
111.05
112.62
111.53
102.65
91.95
95.72
101.32
105.01
102.21
94.84
96.24
105.62
109.36
106.28
102.23
99.09
92.96
92.39
100.85
101.38
91.93
86.83
92.61
93.79
95.82
93.22
95.81
103.98
107.54
104.22
101.25
95.58
94.88
104.58
109.98
111.71
109.04
101.10