96.97
91.60
92.42
101.37
109.47
107.24
105.71
101.63
101.32
104.71
108.74
107.90
100.30
95.96
100.50
103.56
96.96
96.72
100.80
97.53
98.83
105.77
112.06
107.73
92.65
85.50
87.00
87.22
86.39
88.30
89.15
89.01
90.63
100.25
99.97
100.79
106.27
100.63
94.91
92.40
95.19
97.56
93.89
97.20
99.72
104.14
108.11
108.63
109.93
111.02
104.33
96.11
96.12
100.93
97.04
89.11
90.53
95.01
105.17
104.98
104.78
100.66
94.85
92.38
90.30
95.11
103.09
108.87
111.67
112.58
109.75
97.16
91.01
89.97
94.90
104.18
110.26
113.65
108.61
101.43
95.30
96.76
106.54
104.27
99.81
96.98
99.32
104.16
103.21
105.44
108.65
103.69
92.79
85.29
85.55
88.98
93.47
106.10
104.42
104.79
101.86
98.89
91.58
87.63
90.84
97.63
106.94
102.03
97.27
95.20
91.79
93.42
92.29
97.54
101.40
98.89
93.63
89.97
93.03
94.99
93.80
93.04
89.80
87.79
89.78
93.09
92.19
92.52
101.92
105.17
100.82
93.93
91.18
91.14
92.49
101.90
102.77
101.04
99.11
104.90
111.99
112.41
109.81
103.98