100.19
97.33
108.11
115.36
114.14
102.86
89.08
86.79
88.46
93.54
102.31
104.34
100.09
92.29
93.49
97.33
98.26
92.03
89.11
92.20
92.90
98.57
96.45
98.06
103.14
99.52
98.01
93.75
88.02
85.84
86.56
86.91
89.85
103.51
110.84
110.84
100.92
94.71
97.54
94.03
90.50
87.63
89.47
100.31
106.85
109.35
110.53
107.33
104.87
105.84
108.44
109.17
100.10
91.63
93.09
102.17
101.51
103.03
100.89
103.40
107.63
108.38
100.35
96.86
102.40
103.83
95.54
90.16
93.07
96.68
104.78
110.64
109.92
100.32
90.49
88.21
87.74
90.14
94.21
105.14
111.84
105.76
93.80
90.90
100.42
100.70
103.03
107.38
111.76
114.05
107.65
95.23
88.78
91.98
95.59
100.41
107.66
103.04
97.93
97.78
99.95
97.82
95.09
102.08
107.05
104.27
97.93
92.73
89.53
96.14
104.04
101.47
92.88
87.68
90.84
95.81
106.20
108.80
110.39
104.75
94.34
93.88
97.89
105.21
111.41
110.96
106.24
100.07
93.87
95.31
98.50
92.61
94.45
97.27
97.69
101.56
105.96
102.05
93.50
93.65
92.99
90.46
87.31
89.22