99.42
92.54
90.08
95.76
96.66
96.66
96.81
94.48
94.56
102.14
103.61
101.95
95.92
93.44
89.36
92.18
105.05
105.22
101.32
97.29
101.66
98.12
97.07
98.18
98.55
99.50
97.97
90.43
84.97
86.05
88.94
92.46
102.51
102.49
102.34
98.47
90.25
86.23
85.57
85.81
85.96
86.19
87.66
95.22
100.56
101.76
97.08
97.41
99.26
97.05
101.71
105.67
98.32
94.17
99.20
96.68
94.19
99.13
102.95
100.89
103.09
108.38
109.85
100.64
87.12
83.63
89.07
96.00
101.17
107.04
110.43
103.54
90.64
88.12
94.34
96.28
95.52
98.23
94.69
97.41
96.32
96.53
104.54
103.18
93.77
95.60
100.64
97.89
91.97
87.18
85.42
88.91
99.82
105.05
104.43
96.82
88.29
85.39
86.55
94.62
111.65
117.55
109.39
93.57
91.77
101.83
107.88
103.26
101.57
107.42
107.91
99.59
96.38
91.72
93.02
98.28
98.50
102.46
103.52
97.86
93.66
91.69
89.69
95.36
105.69
112.74
109.27
105.26
96.50
88.80
86.49
91.85
93.38
99.47
100.93
96.95
92.22
88.59
88.00
93.93
107.14
105.09
96.00
91.45