96.37
89.80
99.80
114.73
115.14
113.21
111.83
105.87
100.10
91.05
85.95
90.89
104.01
110.45
104.20
101.85
107.08
109.61
109.00
105.12
99.91
92.85
90.20
89.37
97.22
107.85
107.38
100.13
99.41
105.95
103.19
91.77
84.72
87.53
90.22
92.09
91.01
93.45
94.70
99.15
106.18
111.41
114.22
108.53
101.76
94.90
88.64
90.62
102.32
106.33
102.75
101.15
105.27
110.77
107.71
95.33
88.92
97.15
109.20
108.48
100.66
91.34
85.63
85.12
87.88
88.63
87.49
86.34
87.45
92.34
93.49
92.20
95.40
93.77
92.98
95.15
93.29
98.66
102.84
108.47
107.86
96.69
90.82
97.35
98.89
94.28
91.36
92.41
101.48
105.65
107.27
108.25
100.52
95.17
102.51
109.53
109.36
99.97
91.54
86.69
85.25
85.72
89.53
95.50
101.31
96.68
89.94
93.17
94.57
99.38
101.67
98.29
99.10
103.86
104.80
101.00
91.18
88.24
90.65
97.54
109.47
112.37
110.98
101.11
86.74
87.22
96.90
107.09
112.96
114.25
112.12
103.07
92.49
91.05
96.58
102.39
98.99
99.52
98.01
94.82
89.20
86.22
86.77
94.54