96.64
88.65
90.88
101.45
100.80
96.61
91.04
87.55
90.06
95.73
94.13
88.73
91.09
92.27
99.41
105.11
102.70
94.82
89.41
86.54
89.78
97.97
110.17
105.61
101.78
103.67
99.82
98.95
95.02
97.86
107.42
106.89
106.51
107.76
100.43
90.00
87.41
89.57
99.12
99.01
90.98
86.89
88.91
88.88
87.79
89.33
99.52
110.87
109.74
107.58
101.15
89.94
86.16
89.89
90.98
98.05
103.97
108.59
112.95
114.91
107.32
98.53
99.11
94.99
89.37
93.66
104.10
110.68
107.60
106.53
103.23
95.96
94.67
96.13
92.81
96.61
104.56
100.89
97.99
98.90
103.27
106.98
110.82
109.83
104.24
97.95
94.90
92.92
99.28
109.94
115.27
114.15
108.24
99.53
93.07
89.30
86.10
87.19
89.91
98.86
112.11
107.60
97.65
89.32
86.10
89.33
97.87
108.21
113.34
115.02
113.98
108.14
101.28
101.59
108.33
113.15
112.67
106.30
103.50
106.72
110.93
110.97
104.81
96.13
90.47
86.59
85.53
88.42
100.11
112.01
110.24
103.74
98.76
91.62
87.93
89.54
92.94
90.71
86.90
89.33
91.29
89.44
92.98
95.57