96.68
91.64
97.59
107.67
108.04
96.95
95.51
104.08
104.43
103.64
99.03
98.14
93.25
87.47
91.58
94.14
97.44
99.41
105.74
101.25
92.89
88.40
91.87
93.93
99.15
104.56
106.87
105.64
106.86
106.73
101.40
92.35
88.18
87.72
89.57
95.48
96.26
98.03
106.67
112.66
111.48
108.47
108.72
107.07
100.43
91.39
93.16
100.28
98.80
101.67
103.83
107.31
109.68
104.95
101.18
100.64
100.76
96.98
91.56
95.67
101.17
101.75
101.54
106.02
109.85
107.76
95.77
90.61
100.08
111.09
105.74
92.66
84.97
89.30
96.75
94.99
91.45
98.16
105.49
105.25
105.50
101.51
95.04
89.35
95.13
106.52
112.88
115.47
110.70
104.80
98.99
97.07
91.52
91.68
96.76
94.69
94.93
99.04
96.54
94.29
100.08
101.42
101.12
97.54
96.81
95.87
99.94
106.54
110.32
111.45
105.34
102.91
106.62
107.53
101.39
91.75
87.49
92.70
100.64
104.79
107.38
110.44
112.79
105.32
95.90
98.33
102.41
105.64
100.87
96.22
99.83
106.06
106.46
102.02
101.65
102.03
96.75
92.06
90.63
92.87
97.86
96.23
96.81
97.82