97.15
91.77
98.54
112.63
110.21
101.65
99.41
95.56
92.71
88.26
88.48
92.72
97.54
106.19
113.64
110.11
95.79
85.35
90.41
97.15
102.82
97.34
89.93
94.61
101.30
98.58
101.92
105.73
98.45
96.56
97.95
94.32
96.93
106.10
112.39
108.50
103.50
97.99
98.62
97.72
102.61
98.93
98.77
100.19
97.65
100.73
105.94
106.98
109.44
109.06
98.64
89.09
85.98
87.92
87.86
93.19
106.39
104.59
98.06
93.89
97.72
96.32
93.06
97.10
105.21
108.00
103.37
99.16
103.81
111.16
113.83
105.11
97.91
92.80
88.10
92.94
98.27
105.98
106.69
104.57
94.86
89.95
87.29
89.07
97.61
99.02
94.75
98.93
108.74
112.91
107.55
96.38
96.34
95.58
100.71
108.02
103.33
93.25
93.51
92.05
89.11
93.35
97.48
103.96
102.05
94.87
89.44
91.12
101.53
108.36
112.45
108.41
94.41
83.98
87.62
102.53
111.61
108.14
94.79
93.00
99.33
108.76
107.15
105.37
107.66
104.59
92.67
86.62
93.75
104.42
109.62
103.33
90.07
86.49
95.21
100.76
100.47
102.00
102.43
98.34
94.13
90.98
92.71
98.34