101.89
99.12
103.66
108.97
111.60
109.70
106.51
106.74
108.90
102.62
96.42
101.14
102.71
105.02
101.61
90.52
89.45
95.32
99.06
104.40
111.67
111.35
101.20
90.45
85.50
87.72
90.63
97.60
110.76
109.08
101.26
99.64
99.88
96.80
89.40
90.43
92.60
93.34
92.88
99.10
106.01
109.73
112.22
107.13
95.84
95.61
95.01
88.63
91.22
95.56
92.74
94.66
104.30
110.77
113.43
114.43
110.74
108.44
106.20
98.72
98.80
100.38
95.03
87.62
87.18
88.71
90.46
91.56
98.11
110.23
109.05
104.69
99.76
97.24
96.36
96.27
93.39
87.86
92.02
101.40
102.43
98.25
101.32
107.81
108.22
97.52
87.01
85.35
88.89
91.04
95.81
104.12
100.47
98.74
100.39
97.14
89.24
90.97
95.08
96.08
100.04
97.16
90.46
89.29
94.93
98.25
99.10
96.20
92.52
93.31
91.20
97.18
108.00
112.05
113.97
111.14
108.11
108.61
107.51
101.46
95.37
97.31
95.70
91.33
87.17
90.97
105.77
116.15
112.51
97.52
88.78
86.65
90.84
103.68
103.36
94.62
92.37
101.46
104.43
105.64
109.56
106.66
93.60
86.65