101.49
97.46
105.64
111.99
112.77
105.52
96.19
90.26
90.45
94.88
100.31
103.11
99.47
94.49
99.28
97.74
91.03
92.09
95.34
103.26
112.13
115.48
110.25
105.92
96.85
90.46
94.03
97.50
103.76
108.17
101.81
89.98
89.49
92.51
100.90
112.04
114.21
113.44
113.01
112.25
104.16
95.29
94.11
103.48
101.06
93.68
87.72
86.00
85.49
87.51
92.24
92.93
99.18
99.59
104.26
109.31
113.11
114.88
113.53
110.57
106.19
97.39
86.73
85.41
87.69
90.75
100.34
109.73
110.16
101.05
87.82
88.16
90.29
89.71
93.86
98.36
107.99
107.70
107.12
110.85
114.23
111.08
105.80
104.29
102.33
94.45
88.63
87.49
94.69
100.04
101.31
102.09
98.25
95.58
102.45
103.36
94.62
90.21
89.67
90.27
92.89
93.59
97.58
106.17
108.12
103.93
101.49
106.34
109.35
100.63
90.12
91.61
104.90
110.36
110.45
109.53
105.96
97.85
97.24
97.08
98.40
99.72
104.37
110.97
109.26
107.08
104.90
101.22
101.88
103.56
101.43
101.59
101.28
100.58
96.93
92.75
88.49
91.20
100.70
101.68
102.42
96.68
97.40
104.93