99.00
92.85
98.13
99.02
97.41
91.78
93.12
103.72
110.05
102.68
98.41
105.69
112.72
114.65
107.70
95.04
93.89
95.17
100.13
102.37
98.07
91.21
91.51
89.93
87.85
87.75
95.76
106.09
110.39
106.18
98.56
91.97
94.85
103.63
106.70
97.50
89.13
87.23
87.56
91.18
96.10
107.56
115.29
112.33
104.83
100.88
103.37
103.57
99.86
96.45
102.04
101.85
92.53
90.73
91.28
96.57
102.60
100.45
104.04
107.92
100.31
90.21
91.17
102.71
102.07
99.73
95.66
92.60
98.35
108.02
111.01
102.62
93.55
89.54
95.80
107.55
106.97
97.94
92.29
92.78
90.81
88.31
86.91
87.86
89.22
97.03
104.46
111.40
115.44
108.73
92.85
86.27
90.10
96.56
99.34
101.51
99.08
97.85
104.96
104.36
94.11
92.38
96.84
97.56
96.37
103.30
103.34
105.19
101.94
102.18
102.78
100.73
102.83
108.77
104.98
101.46
100.49
95.73
92.79
96.09
93.68
88.76
86.59
88.09
98.43
110.14
113.24
110.47
101.49
98.48
102.07
103.27
96.94
93.52
101.13
109.10
112.11
112.93
107.99
98.23
87.30
84.87
91.03
104.34