97.90
93.26
106.06
115.50
109.10
97.72
90.74
91.80
99.14
96.13
88.69
85.92
86.05
88.82
93.94
103.99
106.08
105.56
104.99
96.52
87.06
88.99
101.16
105.78
104.56
104.27
100.02
102.49
107.45
103.45
101.82
104.76
101.96
96.12
92.84
97.65
100.70
93.67
85.98
84.30
85.25
85.81
86.13
86.04
86.00
85.92
86.94
88.82
91.35
97.03
108.81
114.65
114.93
111.22
104.34
102.76
101.18
104.73
108.97
105.62
104.00
105.14
101.57
102.13
97.51
98.00
96.84
92.06
92.90
94.76
93.50
92.06
93.48
103.99
108.35
102.77
100.52
101.58
94.77
89.94
97.32
109.24
110.32
110.04
108.99
108.39
107.76
102.40
91.87
85.04
85.27
90.26
91.54
99.10
102.35
99.64
94.84
96.77
94.51
90.76
90.60
100.40
110.98
114.08
105.37
88.93
83.93
85.15
91.13
106.62
109.26
104.23
96.56
91.75
88.04
89.35
90.96
94.60
106.01
105.68
106.31
106.03
106.70
109.49
109.94
101.01
92.76
90.21
91.58
91.80
95.37
100.31
108.70
110.70
104.07
101.74
98.18
98.08
105.89
108.07
109.20
111.13
111.90
107.45