100.04
92.03
89.10
94.25
103.49
104.43
97.67
93.37
100.06
108.90
113.76
107.55
90.88
82.91
84.80
89.23
92.22
99.61
102.12
94.90
95.03
104.80
105.34
104.40
101.27
101.92
105.21
104.51
106.89
105.04
103.97
101.26
99.25
101.84
104.80
108.16
104.42
94.18
86.04
86.72
91.37
96.68
107.41
111.68
105.90
97.61
99.41
108.00
109.73
107.21
108.32
110.38
102.16
96.03
98.54
106.75
110.21
107.07
106.04
107.27
102.61
100.29
94.92
97.41
96.35
100.58
109.20
112.07
104.41
101.16
95.12
88.49
86.33
88.74
89.61
97.97
111.55
116.38
113.48
106.22
103.82
97.46
88.75
84.84
90.09
102.66
109.49
102.23
99.03
101.97
99.50
96.00
100.50
105.00
103.18
105.10
109.30
104.24
94.98
95.95
100.81
103.53
96.71
87.04
87.77
93.66
106.35
114.77
110.86
95.46
86.36
85.33
89.47
94.81
97.96
94.38
95.79
99.30
95.02
95.22
101.46
99.22
100.49
108.62
109.66
108.23
107.62
105.45
104.59
107.82
112.12
110.12
98.80
94.37
98.19
93.60
92.28
90.34
91.27
90.05
91.49
94.65
100.78
99.76