103.07
101.10
95.54
99.09
96.56
88.84
89.37
90.36
87.92
91.43
92.39
90.30
93.42
99.33
95.47
94.13
95.18
90.95
90.55
90.58
89.07
92.99
104.65
111.68
114.70
115.14
107.39
96.88
94.72
100.96
100.49
103.51
107.35
109.91
109.13
104.57
102.71
97.02
97.25
97.92
96.19
94.74
100.66
102.45
103.19
108.33
112.34
111.10
102.47
99.84
106.84
113.16
111.09
107.18
101.22
100.94
103.40
108.08
111.07
108.16
103.91
105.32
101.43
93.61
92.79
94.26
101.10
111.08
111.18
99.06
85.94
83.85
88.77
100.94
111.92
109.38
95.96
90.03
96.61
95.51
96.92
100.76
99.24
103.44
110.71
108.96
103.36
101.05
101.51
104.81
103.28
97.69
90.63
87.89
87.64
88.35
89.86
99.95
114.58
113.40
106.80
94.87
85.11
85.87
95.82
98.74
94.24
88.47
92.42
99.81
108.63
108.07
103.86
99.62
102.64
108.67
112.32
111.49
109.86
110.36
109.88
99.12
85.02
83.07
84.74
85.80
89.58
93.39
91.33
88.94
91.08
102.61
109.38
110.90
103.71
100.49
100.84
95.77
96.30
97.60
101.47
105.10
109.08
104.73