101.27
94.92
91.66
99.59
100.40
98.58
98.07
93.08
97.42
99.91
99.76
98.35
98.24
101.99
102.97
105.92
106.50
104.37
103.87
105.99
102.69
91.33
88.15
93.79
95.46
95.06
97.77
94.29
91.02
88.75
88.21
92.76
98.28
99.35
98.63
101.55
101.79
104.17
100.55
101.31
98.43
94.20
99.39
103.25
96.61
89.95
87.62
90.29
99.11
98.82
101.37
109.91
106.59
93.14
89.09
89.28
92.51
95.82
100.94
109.33
110.76
111.29
102.80
92.26
95.40
100.42
95.70
91.00
93.12
94.69
93.05
89.17
95.30
106.97
108.04
99.28
98.80
102.43
105.37
108.40
105.02
98.46
93.23
95.34
98.67
106.13
103.55
101.82
100.29
98.19
94.25
99.40
97.24
98.82
95.07
94.02
91.84
93.01
93.36
99.90
109.13
110.54
109.87
100.76
97.18
102.23
99.72
92.59
87.02
88.96
89.52
95.55
109.42
112.55
107.02
94.73
90.79
90.53
97.74
101.65
94.17
94.72
97.04
96.84
91.33
92.56
92.22
93.73
92.78
92.70
93.84
96.34
97.49
103.92
111.31
111.17
101.71
91.01
89.88
92.99
102.16
112.70
110.82
106.71