98.23
95.77
100.44
99.03
96.56
99.03
105.01
103.13
94.19
87.46
92.58
103.69
108.74
100.82
91.25
93.18
100.49
99.46
102.91
103.24
101.86
94.07
90.91
100.39
102.12
96.00
89.35
91.60
103.56
107.94
106.18
96.04
89.37
95.51
105.12
106.02
107.53
104.07
95.83
88.23
91.79
106.36
112.70
110.25
100.18
89.45
89.89
96.63
99.62
103.22
101.98
102.48
96.96
89.03
92.19
105.76
105.73
99.93
91.00
85.10
84.88
86.43
89.22
98.06
110.93
112.41
105.48
101.39
101.83
105.06
103.63
101.07
94.62
87.90
86.59
94.41
111.02
113.99
109.14
104.44
96.61
95.81
102.10
108.43
105.07
94.23
85.50
84.01
85.26
89.12
92.66
101.20
108.08
111.58
111.44
105.75
102.70
95.29
92.56
99.77
102.45
106.36
104.09
104.24
103.70
102.94
98.11
89.93
85.05
86.42
87.63
88.09
92.41
100.95
103.22
96.19
98.07
96.26
93.67
90.11
90.52
91.33
91.94
95.73
98.26
95.35
94.42
94.18
94.01
99.86
103.77
99.10
97.86
103.49
106.22
100.25
90.89
90.27
90.77
97.02
99.58
105.82
106.84
99.64