100.90
93.97
95.37
93.84
98.77
100.66
102.71
98.89
96.31
94.06
93.77
90.89
87.80
89.56
94.89
106.39
109.93
101.66
93.14
96.28
97.11
99.34
107.88
113.93
114.66
110.36
100.84
90.25
84.92
88.19
90.66
92.06
91.14
91.81
91.54
98.82
107.29
106.63
108.10
102.81
92.64
90.60
99.21
110.51
114.91
109.24
95.75
86.30
87.54
93.80
102.11
103.10
99.74
93.75
93.03
100.13
104.47
99.87
92.04
87.12
91.62
103.99
114.40
111.71
107.03
99.61
97.78
94.83
93.23
98.37
101.52
107.10
108.74
100.58
96.84
94.99
97.78
107.25
109.34
106.29
102.00
99.02
98.94
105.68
102.06
91.14
85.27
89.32
103.15
110.75
114.08
113.32
108.13
97.49
86.41
88.03
90.97
99.97
103.21
98.77
99.49
94.69
93.24
95.70
98.90
96.54
100.86
101.00
104.89
107.86
110.21
113.04
113.48
105.78
99.54
104.37
105.67
105.80
104.17
102.88
106.91
108.22
103.06
101.51
105.59
110.17
112.38
113.10
105.01
89.75
86.31
89.46
100.49
111.39
115.24
110.42
102.04
96.55
90.58
87.78
89.16
89.95
97.20
97.06