102.22
99.48
99.91
99.34
98.89
97.38
93.71
94.10
95.80
98.96
100.36
105.82
111.66
105.63
102.18
104.18
98.31
88.77
84.40
85.15
89.16
92.89
96.03
94.14
93.64
93.75
101.12
105.42
101.44
103.26
106.61
110.67
107.00
103.88
98.42
91.47
95.25
96.38
100.88
98.40
96.53
98.47
100.80
95.49
92.22
89.70
88.53
94.57
108.44
109.73
110.27
104.82
96.93
88.49
89.82
92.16
91.16
95.56
94.64
89.20
90.94
99.00
106.85
111.23
105.45
92.35
89.47
95.85
98.48
102.28
106.68
107.52
101.72
96.32
94.43
94.06
95.15
101.63
99.37
98.92
102.10
97.48
90.78
86.36
86.69
91.05
93.83
101.83
102.27
105.15
99.28
89.66
93.30
107.99
113.20
112.24
112.09
103.94
94.78
96.64
101.03
94.75
86.53
90.55
106.22
104.61
92.44
93.16
102.65
101.02
97.26
97.72
94.59
88.11
89.96
99.54
100.78
104.29
109.61
103.50
93.77
92.88
95.98
95.12
93.04
89.99
94.35
107.31
107.80
104.20
103.44
98.91
99.26
100.51
104.22
109.83
105.45
98.23
94.37
90.26
89.61
90.22
90.35
97.68