100.28
101.11
104.94
101.54
98.57
95.55
93.57
94.78
100.87
108.52
107.50
104.89
106.97
109.02
110.07
104.24
102.41
104.97
108.99
111.09
111.71
106.36
94.45
88.04
88.71
93.23
95.49
93.22
90.41
89.75
98.35
106.36
110.22
107.78
99.52
92.40
95.23
96.48
95.32
95.84
94.13
89.68
86.63
87.79
94.81
101.37
101.65
93.99
92.81
95.78
97.04
97.16
104.87
105.79
105.55
107.77
106.70
102.10
98.97
91.58
85.02
87.96
89.87
89.37
93.23
98.67
97.28
92.19
87.72
92.31
105.88
114.22
115.60
113.32
111.50
105.79
99.19
97.30
96.72
91.53
86.21
90.52
94.28
100.20
107.90
112.06
108.25
100.00
98.92
106.58
110.55
107.79
96.98
87.90
93.28
97.82
96.25
94.20
97.06
100.83
104.38
100.11
92.02
88.67
86.92
87.30
94.53
107.76
108.52
98.35
89.08
93.65
104.13
105.90
101.34
93.45
86.72
90.06
100.03
99.00
98.44
96.78
102.32
108.60
102.01
88.24
84.20
88.27
101.39
111.68
104.40
93.58
88.60
88.30
87.07
88.73
93.62
92.97
92.09
94.50
103.02
100.08
98.74
95.25