96.90
91.33
101.69
112.43
111.49
110.32
101.83
91.86
95.18
94.72
90.59
95.37
97.87
98.78
104.91
100.96
89.40
88.78
89.52
88.21
89.11
98.08
110.48
111.65
108.95
101.11
95.75
95.42
99.01
97.11
91.87
89.42
87.68
86.73
88.66
97.06
104.06
108.05
110.41
108.23
102.04
102.92
106.30
108.70
109.00
104.47
94.20
94.82
102.46
106.37
100.40
95.24
99.76
100.75
101.38
105.77
104.83
101.01
95.64
98.73
99.31
92.21
90.47
98.96
109.54
109.52
104.26
100.38
93.03
90.65
89.38
88.21
89.41
90.33
91.88
97.06
102.94
103.46
105.03
105.93
99.07
93.46
92.39
101.10
108.75
105.77
102.60
104.03
102.29
100.80
94.19
87.87
91.19
105.32
109.05
108.40
107.48
109.88
111.74
110.73
105.89
103.39
100.30
95.03
94.56
92.30
88.36
85.98
86.88
94.42
99.38
103.02
106.53
106.95
98.75
95.83
101.27
98.45
91.61
87.46
86.96
92.73
93.80
91.88
91.07
97.11
104.12
108.98
111.74
112.73
104.13
97.94
104.52
112.28
112.47
102.62
89.27
90.95
101.21
100.99
96.81
96.66
94.23
93.74