96.38
87.55
86.28
92.39
110.89
117.56
109.85
102.45
97.41
98.56
103.28
109.64
112.13
106.53
103.81
101.39
96.11
90.81
86.77
91.63
105.34
108.16
106.03
107.68
101.54
95.46
89.14
92.00
103.04
105.85
98.14
98.80
97.49
90.30
89.85
101.52
114.01
111.53
107.64
99.63
89.87
86.95
90.62
98.04
95.85
96.74
105.31
104.43
97.43
89.15
88.45
92.77
91.75
89.26
93.08
106.99
105.07
97.55
89.53
91.99
96.46
97.68
100.09
101.65
95.69
91.36
97.94
101.29
105.64
106.44
107.53
100.86
90.45
92.68
97.12
104.12
109.35
111.27
111.30
110.17
101.33
89.52
92.53
101.53
104.11
100.36
95.43
91.97
88.56
87.66
94.04
95.69
91.33
94.41
104.62
112.07
106.34
92.51
87.23
90.12
95.89
102.75
97.60
88.03
85.40
91.13
96.63
95.36
89.63
86.38
92.04
106.68
113.98
112.75
111.89
103.14
93.83
91.49
89.99
92.10
96.75
97.43
98.68
96.49
92.36
93.60
99.05
105.08
102.59
102.42
106.21
105.05
100.26
98.81
95.41
91.12
97.59
110.69
108.32
105.69
105.90
103.84
103.17
97.91