97.19
90.68
93.59
101.67
102.03
99.62
98.77
97.40
94.91
91.42
98.02
105.22
102.03
92.30
90.71
98.78
103.46
103.79
105.30
103.47
98.80
95.69
93.04
96.56
98.94
92.98
86.23
86.75
94.73
105.53
109.64
103.86
102.13
108.44
107.29
100.45
97.14
100.95
104.76
109.18
106.75
98.41
90.09
92.19
103.94
109.61
103.72
102.64
98.74
89.19
88.40
99.56
111.78
114.24
105.14
93.43
87.95
86.19
88.71
97.91
110.04
111.06
106.64
98.83
95.63
99.62
103.05
101.22
102.33
99.92
101.91
103.73
98.49
91.94
97.36
97.71
94.28
95.95
93.24
92.97
90.87
94.08
98.21
103.82
110.71
110.36
107.77
107.41
107.07
103.17
103.29
105.80
106.14
104.59
106.52
104.35
105.49
105.53
105.34
100.63
94.94
91.99
88.01
89.10
93.46
93.19
95.46
96.29
97.22
100.22
105.95
105.01
101.93
93.04
91.60
97.16
100.82
100.67
98.43
91.90
91.18
94.85
98.41
93.97
97.56
97.12
98.71
100.89
106.10
109.68
105.46
104.71
99.50
99.73
104.09
102.65
101.50
97.94
93.47
97.69
108.98
110.28
109.27
105.96