97.12
89.47
88.24
93.69
107.59
109.52
103.36
91.12
86.13
87.72
96.49
110.42
107.57
94.43
87.32
88.71
95.03
108.23
115.75
114.90
108.42
103.61
97.44
87.92
84.94
88.71
99.78
99.81
103.46
104.43
100.21
102.41
106.18
105.22
96.47
92.09
97.21
104.57
110.17
107.51
95.82
86.80
89.60
94.62
97.83
100.86
103.91
102.06
92.63
89.97
100.19
109.53
114.20
114.17
106.63
95.79
90.93
92.27
97.02
106.06
110.33
103.09
97.67
94.77
98.97
105.17
106.59
106.67
110.07
107.63
100.73
95.74
95.75
99.09
102.03
105.07
103.52
104.25
108.26
110.50
112.06
112.51
111.58
104.65
90.22
88.29
93.02
99.62
106.33
103.57
96.40
94.52
91.98
94.59
95.61
95.09
100.80
109.49
107.03
105.90
99.99
88.76
86.28
89.43
88.89
90.23
95.65
105.61
108.39
106.50
106.16
110.26
105.64
92.73
92.98
104.26
110.12
105.45
99.69
92.75
86.08
89.84
99.46
97.84
89.98
89.14
92.53
91.90
98.08
106.84
102.87
92.45
92.59
104.99
108.72
101.38
89.29
90.70
105.35
104.29
103.47
99.73
97.23
95.38