99.05
92.94
99.07
106.71
105.36
100.32
103.59
105.88
109.42
105.20
92.79
87.70
86.97
89.25
94.63
93.44
88.09
87.15
89.34
89.27
94.76
103.10
106.00
98.73
89.92
85.52
85.60
89.28
95.69
107.15
112.10
105.88
95.92
93.32
95.38
102.49
108.04
106.44
97.57
87.11
84.74
90.11
102.75
110.40
109.55
110.41
110.34
108.78
106.74
99.77
93.47
89.50
90.95
99.05
110.58
110.11
98.07
89.52
86.86
93.17
98.72
99.38
93.73
93.49
96.29
100.85
104.20
98.91
99.42
102.65
101.19
98.46
98.33
101.31
103.73
99.94
97.95
104.84
110.98
108.11
95.60
88.52
93.73
106.69
106.48
95.35
87.93
94.03
98.63
102.56
105.28
107.38
108.06
103.19
92.40
88.09
96.92
102.80
108.02
104.77
104.01
99.54
93.47
97.59
100.44
103.75
101.09
96.09
91.38
89.32
94.07
102.15
111.41
106.61
98.48
96.07
98.98
103.11
99.78
93.07
89.32
86.81
86.65
93.54
109.86
109.84
102.50
95.43
89.49
91.58
94.20
96.99
105.78
106.76
98.35
96.02
95.78
93.87
90.94
90.81
90.81
98.42
105.39
98.64