98.23
91.03
88.91
87.59
87.88
90.18
101.56
110.89
108.07
106.00
102.89
101.70
95.78
86.95
88.13
101.14
110.73
105.33
96.01
97.47
102.43
101.08
98.90
94.06
92.33
99.50
102.93
107.99
103.60
99.33
102.51
108.76
109.18
108.10
104.17
95.47
88.53
85.66
87.19
95.63
98.94
99.87
93.71
94.18
96.68
96.19
100.39
105.94
104.06
100.93
98.98
101.23
96.21
87.18
84.88
86.85
95.10
97.55
97.53
101.83
97.92
91.76
91.10
97.36
98.12
95.70
91.11
95.42
102.87
108.42
102.92
94.52
87.58
88.02
98.71
104.03
109.63
107.33
97.99
94.81
93.65
88.84
85.31
86.65
87.94
91.50
95.38
96.20
100.62
109.59
115.46
111.46
98.74
87.94
91.85
99.90
96.58
95.27
101.20
104.94
104.31
104.97
100.75
99.86
102.32
100.61
92.49
90.61
90.78
88.80
86.71
85.58
85.61
88.74
101.21
105.19
108.47
109.14
104.67
94.68
92.46
99.68
108.38
111.19
110.07
107.11
98.07
94.11
92.11
89.35
90.56
92.01
96.99
94.86
94.62
91.17
88.17
87.66
88.38
94.57
108.94
108.65
107.23
108.87