96.47
89.14
97.91
110.75
104.58
93.01
86.82
87.33
87.25
88.41
88.55
88.34
95.08
96.45
92.12
96.85
106.84
112.96
109.08
100.87
102.01
106.81
107.90
106.38
100.62
94.19
93.44
99.93
108.23
113.73
115.41
113.21
104.49
97.62
91.37
86.13
90.76
97.19
105.00
108.64
102.74
90.79
91.15
92.96
90.61
96.73
96.88
100.76
106.31
108.52
101.16
95.66
90.45
87.90
91.40
100.75
107.40
110.97
110.58
100.23
88.96
90.01
93.57
94.66
94.49
98.22
105.85
102.60
98.42
101.87
103.74
100.47
91.58
88.59
94.61
99.31
102.31
97.59
99.15
99.03
91.22
85.23
85.40
86.78
88.31
97.86
102.49
102.20
106.77
108.16
101.83
91.95
89.00
92.68
96.81
104.25
111.46
108.07
104.57
107.14
101.90
92.20
86.58
88.69
98.68
100.92
96.66
96.93
94.82
92.00
94.50
102.86
105.93
101.87
99.13
95.54
89.07
85.86
89.46
90.44
98.01
112.17
111.26
105.36
103.99
100.87
103.47
108.32
111.48
106.27
91.18
83.41
87.46
102.55
115.47
109.95
95.41
92.71
100.75
109.62
113.87
112.38
106.32
104.20