97.51
89.16
87.26
87.09
92.18
95.11
102.00
104.77
101.18
101.90
96.42
87.27
86.24
90.91
94.56
103.10
107.64
108.47
102.82
100.70
103.91
109.15
106.06
101.61
94.99
91.09
95.99
99.09
100.27
106.84
105.32
102.05
101.49
105.57
103.80
98.26
97.14
100.90
104.31
106.52
105.92
105.42
106.85
110.52
109.86
107.59
104.67
99.39
92.22
92.25
99.75
98.12
100.51
104.41
108.01
100.50
90.91
89.73
92.85
98.52
98.07
92.89
94.90
102.51
107.69
105.48
101.79
93.16
87.23
86.18
90.07
102.39
110.17
102.09
88.11
83.68
84.85
89.23
92.04
93.63
102.77
107.37
102.75
95.75
88.97
86.13
92.31
106.19
113.26
105.48
96.12
99.49
102.27
93.93
89.06
92.21
101.51
111.72
113.74
108.79
100.86
93.55
89.63
89.92
92.40
91.29
97.10
103.72
101.06
97.82
94.46
92.25
88.69
86.67
86.96
92.12
98.45
94.86
95.04
102.63
106.44
101.99
100.15
99.17
104.58
102.97
99.80
100.76
99.83
94.66
96.62
104.11
105.61
103.05
102.75
107.86
106.71
98.04
91.10
94.45
94.57
95.74
96.42
103.56