100.44
103.25
110.40
110.26
109.14
103.41
90.52
83.95
85.97
95.22
101.93
107.06
108.07
104.24
99.91
99.32
96.16
95.33
92.03
91.01
96.90
102.24
95.86
96.57
98.95
100.18
95.82
99.78
105.19
102.60
97.88
96.28
99.40
96.21
99.51
100.56
103.79
102.71
104.91
106.08
99.38
96.08
92.58
95.52
104.42
109.72
103.93
95.78
96.01
99.97
96.45
94.34
100.63
107.40
105.58
102.75
106.01
107.08
105.74
104.85
103.17
102.70
99.18
97.21
100.61
102.26
99.17
95.77
96.89
102.21
103.78
99.02
91.43
86.81
86.65
86.69
86.67
92.85
96.42
92.13
89.69
88.47
86.86
87.05
88.98
95.07
104.14
113.15
110.24
103.26
92.27
87.73
88.69
94.92
108.16
107.38
106.73
102.69
93.25
86.27
90.37
94.56
94.57
92.78
98.81
100.40
95.87
91.38
88.15
87.47
93.85
99.37
100.41
95.06
89.51
92.39
94.64
94.61
90.17
88.13
92.16
101.91
99.29
101.35
101.68
105.41
106.57
104.55
102.52
104.84
110.10
108.43
101.90
97.12
101.86
101.94
94.09
88.95
91.08
93.39
95.67
105.07
113.78
108.81