98.33
93.82
96.18
97.88
91.66
86.29
86.59
92.41
103.71
108.13
109.09
112.02
108.26
100.92
92.63
91.60
101.04
104.89
106.13
109.90
104.21
97.88
101.50
101.08
100.83
99.69
96.74
94.33
99.43
104.76
106.93
108.02
107.88
100.86
92.69
92.65
98.11
97.97
94.19
90.29
87.19
87.13
92.07
97.94
100.14
93.56
92.72
90.86
91.90
101.09
105.82
99.16
90.68
91.04
90.20
87.39
87.99
95.56
106.82
111.14
110.89
106.82
98.42
92.21
98.95
108.58
106.51
96.13
93.36
90.47
87.82
93.05
103.15
105.55
97.73
87.99
90.89
101.20
103.07
97.11
94.00
100.39
107.49
108.81
104.77
96.17
96.62
96.28
89.15
84.67
89.11
99.57
104.39
106.57
107.46
103.34
96.78
96.30
104.96
104.40
98.70
97.47
101.06
99.92
92.24
86.55
85.60
87.33
88.43
92.19
97.78
99.15
102.29
106.76
104.20
99.30
90.80
85.37
85.96
90.49
102.20
111.62
109.63
106.51
105.99
104.46
99.68
91.60
90.95
91.97
96.03
99.70
101.07
106.12
109.43
102.77
91.34
90.67
92.61
93.40
101.78
109.67
110.23
108.54