101.17
104.72
104.70
94.57
88.40
93.87
102.09
97.97
90.53
95.63
107.18
112.58
111.39
109.71
107.85
107.16
103.30
100.98
94.55
89.86
90.19
95.60
102.52
109.38
103.98
98.51
99.05
97.65
99.44
96.59
97.88
97.32
94.29
89.66
89.21
90.10
91.73
99.31
111.06
116.60
116.19
110.74
105.65
103.00
98.53
94.58
93.91
95.77
101.61
102.92
106.37
102.01
93.68
92.70
93.33
93.59
99.33
104.57
97.98
87.96
89.50
97.01
95.08
90.95
89.06
93.66
106.26
110.05
103.91
98.64
93.71
88.23
92.00
105.53
115.41
113.43
110.05
110.86
108.89
103.88
99.12
90.91
85.03
87.01
88.27
95.19
106.54
110.46
101.81
90.55
87.61
92.97
96.51
103.80
105.64
105.45
103.34
95.43
87.24
84.38
87.30
88.72
91.81
101.24
102.77
105.42
104.51
100.02
93.99
94.30
104.17
109.49
102.31
93.07
89.80
87.40
89.09
88.82
93.22
101.47
104.92
102.04
104.11
102.37
104.34
101.62
94.57
88.27
87.39
90.39
93.66
99.30
104.54
110.44
114.53
107.61
96.41
91.74
91.68
92.24
98.22
105.29
103.56
101.64