102.83
99.32
99.80
99.95
92.58
87.79
88.68
88.63
93.74
102.49
106.25
107.89
101.11
89.94
84.74
85.83
87.98
96.90
112.09
110.27
98.05
94.29
99.28
106.10
100.00
98.93
99.55
97.82
92.50
86.62
87.18
94.07
98.68
96.58
94.14
92.73
92.64
95.02
96.03
95.60
101.43
107.34
109.40
102.42
90.30
88.34
90.27
88.75
91.10
93.96
91.31
90.55
97.59
96.96
90.00
86.56
86.56
87.74
94.84
103.34
105.94
108.22
112.03
112.41
109.32
102.38
91.84
90.81
98.03
102.03
95.60
88.41
93.75
97.29
102.38
109.04
113.94
111.90
101.40
90.94
94.53
103.77
111.39
115.04
109.67
100.57
100.21
105.06
100.45
92.03
91.47
101.32
100.25
93.48
89.97
90.13
96.10
103.17
107.25
102.94
95.95
88.89
86.13
89.83
91.87
92.70
101.29
99.63
101.43
100.31
97.00
96.44
102.82
109.44
110.71
107.83
102.23
99.14
97.38
90.56
84.89
84.74
87.44
89.63
90.65
94.15
104.79
108.84
106.86
104.38
95.04
93.37
98.11
100.39
106.53
109.62
104.96
98.94
102.21
107.39
111.32
108.06
95.42
88.57