102.85
97.10
101.56
109.10
112.49
113.78
107.64
104.26
106.47
106.62
108.40
109.27
104.57
102.48
106.48
104.89
105.30
101.06
91.00
92.44
93.76
99.78
110.55
107.32
103.75
96.88
93.90
96.59
94.18
93.26
95.75
97.28
91.57
92.96
101.12
109.70
113.52
106.31
96.19
96.65
103.40
100.34
95.77
90.25
90.78
95.42
95.46
102.39
105.30
105.26
108.30
103.14
97.52
100.20
98.41
100.53
107.98
109.04
109.82
110.78
103.92
88.98
86.42
88.05
93.20
101.09
100.73
102.15
96.17
96.44
105.16
101.44
91.72
91.42
97.58
107.71
110.77
107.60
104.43
101.33
92.09
87.97
92.36
100.78
103.57
96.75
88.47
88.34
93.37
102.82
104.23
105.41
108.02
112.01
112.14
103.63
92.17
86.42
89.13
94.33
99.82
101.50
105.78
102.68
103.21
102.38
95.21
89.98
87.92
89.10
90.72
93.40
91.97
94.36
97.05
99.21
106.77
108.25
104.86
93.94
85.67
87.87
96.98
98.92
95.41
99.67
110.11
106.52
97.38
88.35
86.98
96.18
107.73
106.86
100.22
93.81
90.28
91.62
92.41
99.75
111.69
112.03
109.97
99.68