101.30
102.98
101.30
93.19
93.18
104.20
105.97
96.57
87.21
89.21
97.19
109.36
112.36
112.24
107.97
101.19
95.94
98.73
107.73
112.70
108.11
98.39
88.03
85.84
89.49
97.90
105.99
112.09
113.34
109.64
106.08
105.13
105.45
104.71
99.83
93.33
96.13
96.44
96.62
95.93
90.96
94.00
100.45
97.40
96.67
99.33
107.19
111.67
107.69
100.65
98.60
92.86
94.27
104.35
103.09
96.09
97.34
99.20
93.92
89.89
97.38
101.97
96.91
88.68
87.34
87.44
93.02
106.84
116.03
114.12
110.01
98.21
90.45
96.50
109.23
110.45
101.28
96.46
103.85
108.14
106.11
96.13
93.33
93.33
93.92
99.67
108.53
107.52
106.01
104.24
102.12
105.62
103.12
100.77
105.31
102.79
92.64
88.98
97.72
106.55
105.05
95.03
89.33
95.73
105.34
111.19
113.37
108.03
105.36
100.99
102.03
97.03
90.59
90.77
94.46
94.83
100.60
111.01
115.87
113.21
99.36
86.98
84.71
91.24
95.49
102.82
111.07
113.18
106.42
92.66
86.79
91.62
104.19
110.25
103.74
101.19
102.28
107.79
104.58
92.18
85.47
85.89
88.48
89.35