99.91
93.41
94.75
100.31
97.81
92.34
90.97
95.61
104.64
109.16
105.86
100.88
95.79
89.06
92.61
103.22
101.10
94.66
94.57
91.67
93.01
98.88
100.82
93.78
95.62
97.67
96.94
93.70
90.65
87.35
88.11
89.46
91.16
92.30
96.50
104.59
105.72
107.77
112.09
106.64
102.01
99.49
95.83
94.19
94.97
96.28
98.40
102.03
104.44
107.33
100.41
93.55
95.20
104.93
110.20
108.33
98.60
95.80
100.63
100.38
94.57
89.68
93.48
95.76
100.69
104.56
108.41
111.17
108.48
101.80
92.56
93.38
103.03
101.58
92.40
88.75
90.23
91.94
96.25
102.35
101.78
102.10
100.23
92.11
92.94
102.41
101.11
102.35
99.90
98.80
94.04
88.18
86.04
92.65
104.49
107.86
109.35
112.61
109.45
104.93
102.93
101.52
101.00
98.04
91.25
86.21
91.41
106.04
114.83
114.78
108.40
102.21
103.75
107.62
104.03
101.52
98.80
98.68
94.95
98.78
98.11
100.21
106.08
100.63
95.50
92.63
91.35
94.59
99.44
107.58
114.11
112.24
98.54
86.33
84.56
85.20
87.47
88.20
88.06
92.75
101.96
110.42
107.48
99.25