102.97
101.55
95.87
93.46
100.43
111.97
115.20
110.94
100.81
96.29
96.59
103.03
107.35
104.68
98.54
91.32
88.21
91.75
96.13
95.12
91.21
97.66
99.74
95.83
91.40
88.07
86.05
90.25
93.56
91.04
93.49
105.57
111.27
103.67
94.14
97.45
99.99
104.39
101.63
98.67
103.81
109.53
108.51
107.86
106.16
98.66
95.64
97.16
98.46
101.64
101.41
100.34
101.39
103.02
108.34
106.81
94.31
89.53
94.50
103.88
109.63
106.09
99.77
101.46
105.01
101.00
95.58
96.16
103.18
99.37
98.01
106.37
109.05
104.83
101.18
99.93
104.21
100.26
90.38
87.76
89.99
88.72
86.82
86.21
88.90
97.79
111.34
114.37
114.57
113.54
109.92
105.17
100.02
99.34
95.11
88.72
93.98
109.36
113.97
113.69
109.48
101.95
90.01
89.62
103.28
106.45
97.55
94.87
91.85
88.81
86.64
86.73
89.78
91.78
101.30
108.93
107.65
102.19
96.33
91.50
89.76
96.67
98.70
99.72
106.35
112.16
107.12
97.09
96.14
101.75
98.47
99.76
100.83
97.74
98.29
106.66
113.95
115.30
112.87
104.20
97.07
97.67
97.47
99.59