98.15
93.65
104.75
113.76
115.03
114.85
110.69
101.31
91.69
88.94
92.11
102.68
102.27
94.06
93.44
98.22
102.01
108.70
109.68
107.40
98.82
88.52
90.97
102.28
109.25
108.50
105.92
104.76
107.68
108.98
103.01
93.88
88.30
91.19
93.39
94.85
94.17
93.24
97.21
101.05
104.15
99.51
94.23
90.60
87.46
87.65
88.89
93.69
102.87
108.57
108.13
106.38
107.65
106.21
107.21
103.86
97.85
97.43
101.57
99.64
94.39
88.73
93.15
93.74
96.37
94.57
94.12
97.76
104.19
111.43
113.17
107.02
95.61
90.58
87.87
91.02
102.58
107.99
107.40
101.16
96.95
96.66
96.79
99.45
102.95
100.39
100.06
102.51
99.30
92.27
93.32
91.69
95.57
97.41
95.07
94.86
94.54
100.86
100.47
93.78
87.53
86.61
86.36
91.17
94.72
99.46
103.27
98.57
96.41
103.14
110.87
113.89
107.81
102.73
100.57
104.13
108.94
104.30
94.93
95.79
97.85
93.68
96.00
106.44
106.28
95.06
85.12
89.03
94.02
99.64
96.34
90.69
95.27
103.86
109.98
104.01
90.82
89.03
90.53
95.57
105.42
108.98
104.03
104.42