97.61
89.28
90.35
104.81
114.33
108.42
105.73
109.49
108.86
104.84
98.99
100.69
98.01
97.31
94.80
93.35
90.20
89.65
98.75
107.18
106.53
106.62
108.08
103.37
95.47
93.26
89.53
89.42
89.28
92.94
100.50
101.56
94.17
97.30
104.84
107.67
103.50
104.08
104.45
99.01
95.96
91.05
95.75
97.98
98.28
94.94
98.16
103.61
105.52
104.67
101.30
93.45
92.13
94.26
91.75
90.26
88.05
87.45
92.71
102.27
106.06
97.29
97.71
103.00
101.05
96.52
100.34
109.53
113.22
113.64
105.75
96.98
93.68
100.79
110.30
109.77
103.81
94.41
89.64
87.41
86.91
88.72
90.02
89.10
87.22
88.80
90.94
100.69
113.18
114.75
110.64
109.56
105.44
94.07
90.91
101.47
104.04
94.78
87.24
86.28
94.16
109.72
116.09
117.12
111.90
106.05
106.66
100.63
91.14
86.82
90.77
91.11
90.94
92.70
102.48
113.34
109.09
102.07
91.49
92.60
97.46
96.21
95.40
94.84
90.15
90.97
97.46
103.38
107.34
107.81
103.59
97.45
99.40
102.99
99.90
102.72
102.75
99.73
102.39
98.21
89.21
85.71
85.39
85.34