97.00
87.61
89.01
93.99
101.35
102.97
101.23
103.33
101.89
103.58
109.09
108.85
103.87
96.03
90.68
93.07
97.97
96.12
97.69
97.43
98.08
94.79
95.01
96.79
93.67
88.90
86.96
86.76
92.18
104.01
108.07
107.28
99.41
91.05
91.68
101.18
105.46
108.14
111.21
110.09
105.54
106.12
103.91
101.77
105.97
111.96
108.08
103.71
97.53
97.28
98.79
93.36
88.72
89.46
97.80
103.14
107.98
104.35
93.27
85.37
86.15
93.72
108.32
108.71
97.31
87.00
90.24
94.16
99.92
107.71
112.11
112.14
111.40
104.64
94.48
95.22
100.49
104.40
108.29
111.80
108.98
100.16
97.22
97.47
95.09
97.52
94.36
90.85
89.03
87.51
86.56
88.02
88.86
95.74
110.23
116.40
108.87
91.33
86.48
91.51
103.66
112.34
105.33
98.41
96.24
97.65
105.35
104.44
97.55
96.02
94.62
88.93
86.80
90.94
94.61
104.13
103.23
93.25
85.52
87.68
98.27
101.27
100.11
94.67
92.14
99.96
107.31
109.80
105.97
102.09
93.35
89.40
92.40
99.14
107.35
107.87
106.41
102.17
99.35
98.31
104.34
110.21
108.43
100.98