96.69
88.46
93.23
97.69
102.99
105.46
101.57
96.08
99.81
105.04
105.69
103.60
97.64
90.26
91.58
92.48
91.86
88.38
89.74
96.81
100.75
107.67
111.12
105.69
91.61
84.33
84.94
86.67
91.25
92.87
95.78
97.89
95.88
90.67
90.03
88.40
87.30
86.46
87.15
91.57
94.30
103.54
104.84
98.62
90.74
85.98
85.02
87.58
96.73
110.71
108.49
100.39
90.90
87.98
90.65
94.61
92.44
94.33
102.60
102.56
98.61
99.46
96.19
92.87
90.54
88.34
92.01
102.70
109.65
109.39
100.88
91.96
94.10
97.12
103.00
108.65
102.23
89.76
85.26
90.10
95.99
102.61
102.22
105.26
106.69
108.59
108.79
108.45
104.02
102.87
96.33
95.40
98.26
105.21
109.32
108.26
100.49
88.43
84.35
86.54
95.58
110.01
114.79
106.46
94.79
87.14
90.60
102.97
108.53
101.61
94.18
90.66
88.68
95.20
109.03
110.23
104.10
95.50
93.44
102.40
102.07
103.19
100.52
94.36
87.52
91.01
93.33
101.13
103.99
97.29
89.45
90.67
98.34
95.96
92.14
98.66
109.86
111.41
109.18
99.84
96.77
98.33
99.51
106.09