102.19
104.06
101.36
93.35
93.46
100.32
108.66
110.28
108.43
106.49
106.91
99.27
86.73
85.51
95.93
106.73
110.91
111.32
112.35
108.87
102.19
100.27
105.98
108.25
105.79
102.45
95.58
90.41
87.26
93.15
98.83
96.54
96.99
96.86
97.91
94.48
89.38
90.42
94.69
102.53
103.01
93.47
86.09
86.91
89.40
88.94
89.20
94.72
105.77
104.76
95.46
91.21
96.68
97.12
98.47
101.38
101.84
97.75
100.45
107.61
104.82
102.77
105.92
102.42
100.02
100.56
96.73
92.32
87.71
87.13
89.23
91.02
93.36
103.69
110.61
113.52
105.78
91.20
87.18
87.51
88.63
91.58
92.01
93.08
103.01
111.70
114.70
113.19
111.87
103.62
96.88
90.31
93.45
93.15
89.81
91.90
98.63
99.27
94.80
91.08
94.35
96.57
96.56
95.91
97.52
105.13
105.24
102.72
94.60
91.32
96.18
100.53
100.73
105.87
101.64
97.24
102.02
98.43
88.62
86.67
89.01
91.63
94.06
103.25
112.12
105.87
102.18
95.02
96.25
104.33
105.72
100.32
98.23
103.08
106.33
106.34
100.59
95.82
92.05
96.34
102.42
104.18
96.57
97.20