96.87
91.92
93.91
104.47
107.71
106.00
99.41
100.48
102.55
106.84
102.92
100.32
105.44
106.82
101.50
95.50
88.32
84.89
89.58
93.97
91.82
87.88
85.68
86.53
93.28
97.92
96.24
100.23
101.60
102.87
101.79
96.67
92.51
88.12
87.16
90.63
100.56
107.03
112.04
112.80
108.47
97.49
88.34
87.12
92.27
102.10
100.46
95.52
96.19
98.29
101.62
96.21
91.03
90.13
91.71
93.71
91.83
91.91
97.11
95.81
97.65
98.06
104.31
105.59
108.30
103.13
90.61
87.18
89.07
94.23
99.87
97.24
90.46
86.45
85.67
85.57
86.85
91.47
97.54
106.13
100.87
97.71
95.89
92.57
87.68
92.87
102.99
108.68
105.69
102.15
98.83
102.68
104.52
97.02
97.88
99.39
104.10
106.94
102.50
96.50
89.89
89.68
88.99
93.18
104.45
112.13
115.45
113.47
108.58
100.60
89.95
88.15
89.11
94.12
99.00
103.36
108.74
108.98
104.82
105.60
106.37
100.38
90.15
86.02
90.72
102.06
106.49
106.22
97.64
94.53
92.35
95.05
97.64
96.51
101.12
99.40
99.71
97.37
98.95
98.59
103.73
99.37
90.67
87.85