99.70
92.30
88.81
95.68
105.31
103.10
93.69
86.71
86.03
86.22
89.21
94.49
102.84
104.13
94.82
86.87
88.12
96.92
101.06
99.11
102.38
104.86
108.30
112.01
110.71
105.35
99.48
98.61
103.08
98.11
97.39
102.98
102.10
101.86
101.58
93.46
94.81
94.96
96.01
91.85
94.74
99.47
98.00
91.32
92.55
103.71
105.35
95.88
91.28
93.86
92.19
87.77
92.15
103.21
110.87
105.42
94.33
86.30
84.71
90.25
98.70
99.17
99.97
96.07
89.11
88.94
98.64
101.45
93.09
87.25
86.50
86.21
88.25
92.50
101.19
99.96
91.60
91.03
101.36
113.60
115.64
115.01
110.77
103.97
104.10
110.27
107.04
99.09
95.53
90.15
91.26
100.92
111.33
111.09
105.72
100.91
101.53
98.97
90.73
88.29
93.58
99.65
99.81
93.76
98.04
103.89
97.69
90.18
92.62
98.53
107.37
113.61
108.89
104.88
97.91
92.91
90.35
90.56
100.41
100.54
93.86
94.10
95.94
104.45
113.33
111.84
100.87
87.01
88.28
98.70
104.19
104.02
99.68
103.15
107.87
110.86
112.31
110.97
102.40
97.10
102.45
103.48
93.90
93.19