99.56
100.04
103.93
106.34
99.34
91.98
87.50
87.81
94.44
103.02
108.52
102.16
99.34
93.88
95.03
95.33
89.39
91.88
99.61
102.45
95.22
92.34
97.30
102.73
103.03
100.97
98.38
91.44
88.86
91.76
102.16
104.30
107.77
112.01
106.52
95.05
88.33
94.58
101.87
109.06
105.13
101.44
106.13
102.28
90.48
85.99
93.44
96.64
100.58
95.62
98.57
98.53
94.41
89.29
89.25
90.36
93.80
99.08
103.38
107.27
107.72
103.00
97.97
100.03
106.73
104.62
92.44
86.48
85.88
85.75
88.98
99.87
108.54
108.66
107.14
105.04
101.03
94.79
96.44
106.41
105.39
95.47
92.07
90.14
87.18
86.47
93.53
106.15
104.64
97.69
95.69
92.37
96.82
101.00
106.80
110.58
111.10
103.42
99.48
104.84
107.49
103.03
103.81
108.13
108.90
109.44
102.35
94.47
93.07
90.74
88.23
87.89
89.50
89.23
90.86
101.23
100.81
92.05
90.60
94.35
100.13
97.75
94.14
92.45
96.35
94.90
97.12
99.58
101.42
103.17
100.98
104.01
110.73
114.26
108.85
97.35
88.04
85.67
89.83
99.99
111.33
116.02
116.56
111.82