97.29
91.76
92.13
92.09
95.22
94.08
99.00
97.61
92.48
89.57
92.47
102.63
108.82
102.41
101.74
102.97
101.61
92.47
94.02
106.27
104.88
98.90
98.31
99.41
101.61
95.59
92.13
90.89
94.63
103.00
105.82
102.57
104.23
108.79
107.63
97.40
95.24
100.40
97.54
94.34
98.77
98.19
91.61
87.09
85.91
89.27
97.97
112.21
110.76
109.63
110.98
107.63
105.52
105.31
106.38
109.96
109.74
100.25
88.20
89.73
99.55
106.03
108.05
110.03
110.51
106.86
104.36
104.13
100.75
92.71
88.59
96.26
110.20
113.33
111.57
101.46
89.59
92.08
97.94
102.91
105.11
106.53
109.29
110.77
103.48
99.73
97.06
90.85
85.51
84.80
85.93
88.12
89.10
95.13
103.06
107.80
112.58
109.21
96.46
90.51
96.24
101.99
96.54
92.67
89.67
88.14
91.64
100.59
109.44
114.53
111.91
98.02
90.81
98.20
109.68
109.78
109.70
105.51
96.99
88.54
85.79
89.63
97.37
102.80
106.20
99.54
88.95
89.15
99.60
98.88
94.33
92.41
96.74
94.88
89.80
89.00
98.60
112.67
114.08
111.41
109.36
103.30
98.60
91.83