98.00
89.65
92.40
94.37
101.73
99.58
100.48
105.40
101.73
100.03
102.64
98.66
96.11
100.56
106.32
105.30
97.61
87.48
88.26
100.22
113.27
115.03
112.98
104.58
96.93
96.23
102.43
104.99
100.12
90.52
85.30
89.37
94.31
92.88
88.29
86.38
87.31
91.47
98.38
99.23
97.72
97.57
95.41
95.07
90.69
87.58
91.57
95.38
102.86
110.10
104.78
96.17
94.22
102.22
106.05
100.41
92.37
86.70
89.29
98.17
104.42
109.58
107.78
98.49
88.63
86.65
90.20
93.88
98.66
106.14
104.09
102.77
104.76
104.95
97.89
97.96
99.68
104.83
110.64
112.79
103.96
88.24
87.88
97.45
108.36
112.56
108.68
106.87
103.27
98.80
95.53
97.46
98.22
92.33
95.58
95.99
96.99
101.58
102.19
101.86
100.74
99.95
95.54
95.61
97.07
98.57
99.48
99.31
92.35
92.30
96.43
95.79
99.02
106.71
111.22
111.88
112.19
107.17
97.02
90.24
92.67
104.37
105.43
105.21
108.39
112.09
114.04
112.23
108.23
101.61
96.64
95.94
102.84
103.56
104.36
105.21
105.34
108.87
104.37
99.84
101.67
104.13
100.52
100.47