97.34
92.01
94.39
97.58
96.48
90.61
89.94
90.46
92.53
97.60
103.95
99.34
92.38
94.25
93.45
88.84
88.77
97.96
104.27
110.15
104.30
101.35
107.03
109.92
109.45
109.69
105.29
92.13
86.21
87.33
87.20
86.79
90.66
103.65
112.36
115.28
113.44
105.15
102.28
98.84
98.38
105.85
112.39
114.49
107.09
101.04
98.98
97.10
100.44
104.68
103.96
102.38
104.51
103.95
96.10
96.41
105.18
105.00
94.65
88.73
89.66
90.68
90.27
87.64
87.64
90.77
99.66
109.62
114.27
109.66
98.30
95.90
93.01
96.45
107.93
113.86
108.62
95.45
88.55
86.61
86.87
87.06
88.83
90.63
89.77
93.90
93.44
98.28
101.87
97.73
90.51
95.14
103.04
109.21
113.78
112.31
110.83
107.02
106.13
100.60
100.71
96.87
97.24
101.86
102.36
95.29
94.33
96.69
103.46
103.27
95.91
96.03
103.21
105.38
100.39
92.11
87.71
90.26
101.67
102.33
97.56
100.71
110.15
112.74
112.49
108.01
99.40
96.24
100.13
100.14
96.62
90.79
94.15
103.62
105.29
104.05
102.36
105.28
108.31
105.11
100.66
102.98
97.86
89.96