99.33
94.51
102.25
103.01
100.81
102.35
100.99
102.67
105.83
105.77
104.61
100.16
100.87
106.20
101.99
101.23
103.93
108.20
106.89
99.19
95.15
97.53
94.61
94.48
95.26
102.08
101.79
100.64
96.85
89.23
87.48
89.63
89.70
93.98
102.51
100.57
95.26
98.55
102.35
96.86
90.65
86.94
90.99
94.79
101.46
110.02
107.05
102.67
97.43
93.48
92.14
88.57
93.33
104.65
108.65
108.15
101.55
95.52
97.84
98.04
91.65
93.81
101.78
100.81
103.53
110.28
105.74
92.62
86.47
93.91
110.07
110.96
105.33
100.95
92.62
92.57
100.55
109.23
104.75
96.82
94.90
93.50
88.87
86.91
87.69
91.64
95.96
99.03
99.72
103.86
106.80
98.86
90.96
90.61
97.99
98.32
97.79
95.59
96.98
99.74
106.06
105.66
102.83
105.31
110.06
103.31
93.98
93.92
99.74
95.25
88.00
88.84
89.08
88.51
88.77
89.15
91.70
100.17
110.94
116.07
108.79
97.25
88.72
89.53
91.45
99.13
107.02
107.20
105.38
108.30
105.33
92.92
85.81
85.70
90.18
95.81
93.31
87.95
89.42
94.15
96.90
93.92
91.70
91.57