97.75
89.50
94.85
108.61
113.92
115.67
109.14
95.89
85.36
89.48
94.84
101.86
103.00
105.08
102.41
103.68
105.46
109.11
107.18
99.09
91.53
86.39
84.55
87.35
91.46
94.88
103.61
104.21
100.45
97.16
101.25
105.54
106.40
100.54
92.12
90.15
98.63
98.96
90.90
87.31
86.12
90.57
99.04
100.52
104.83
106.34
99.41
93.27
97.47
105.24
111.21
108.00
98.84
91.52
90.32
93.57
98.58
104.00
109.48
111.86
104.48
90.61
90.22
102.16
108.23
111.22
109.74
105.59
99.51
93.97
89.56
87.50
90.06
99.39
105.33
98.42
91.70
96.00
103.67
106.78
107.73
105.41
95.28
86.28
88.53
92.34
101.74
111.65
107.87
93.17
88.94
96.76
102.01
104.46
103.73
102.71
105.68
109.66
112.15
106.09
101.57
95.73
97.02
99.97
104.75
110.33
113.16
114.31
114.85
107.73
99.96
96.91
97.57
94.25
92.14
95.13
103.48
99.88
96.25
97.62
104.47
107.12
98.02
91.39
89.09
87.11
92.66
95.30
93.69
100.77
102.14
101.55
107.03
103.11
96.92
101.47
109.81
109.34
103.98
104.32
108.54
104.13
90.66
90.84