98.78
91.07
88.25
89.72
89.31
95.16
106.09
109.46
112.27
112.19
105.33
102.21
107.15
109.43
109.32
103.65
95.25
95.56
103.22
102.29
100.78
95.50
88.56
86.84
94.80
110.90
111.17
101.83
98.24
100.12
97.11
93.68
90.71
88.52
92.54
96.14
91.92
96.17
101.76
103.46
101.52
93.52
87.66
87.17
91.30
102.79
109.63
107.15
95.10
85.53
84.36
85.60
85.86
85.72
85.99
89.43
99.02
104.67
104.13
106.85
108.11
105.97
107.02
107.10
102.56
98.76
93.47
91.25
92.98
97.25
93.83
87.59
91.11
98.28
108.93
108.91
100.11
91.39
87.69
91.03
103.19
104.26
95.28
92.42
97.81
97.54
97.86
100.80
107.18
112.56
106.89
100.56
92.05
90.38
95.61
96.86
91.89
93.77
99.97
97.85
94.41
92.87
92.02
99.18
97.48
89.47
85.65
88.92
97.39
109.46
115.21
116.35
111.25
107.52
101.05
94.19
89.89
93.14
102.92
106.28
98.83
97.22
100.23
95.30
89.20
86.18
91.68
108.19
107.82
104.64
97.57
94.27
92.85
90.75
87.68
85.94
86.58
89.15
93.44
103.62
106.16
105.30
96.53
92.35