98.07
90.78
96.16
106.59
103.67
94.92
94.13
97.57
100.29
97.05
89.41
87.39
87.02
88.14
87.73
88.35
91.15
102.29
113.82
112.13
106.99
97.05
91.19
88.34
90.49
89.65
93.15
94.15
97.24
98.20
92.41
95.09
95.48
96.18
102.83
110.94
114.91
112.57
108.17
100.81
91.95
85.72
84.87
86.36
87.13
91.91
103.77
111.90
106.07
97.22
88.95
91.85
94.64
102.98
106.76
98.87
90.29
91.89
102.12
106.23
109.26
111.86
108.53
104.64
105.48
109.91
108.89
106.92
103.58
94.76
87.09
84.77
87.63
91.82
101.17
106.82
103.19
99.35
98.73
98.51
100.96
106.86
112.79
107.65
98.26
92.34
90.02
87.30
87.38
89.69
91.51
94.68
102.17
101.68
102.94
101.27
102.35
101.26
96.68
94.59
91.82
89.95
88.40
90.45
92.76
101.42
104.95
100.75
96.51
93.94
98.98
101.00
100.16
102.66
103.88
101.15
104.56
103.10
95.07
87.77
90.80
99.03
103.27
98.30
97.06
99.85
105.14
100.61
98.15
98.74
104.12
111.47
111.83
105.98
100.57
100.82
100.00
98.09
102.82
103.82
98.94
100.81
100.66
97.54