102.47
99.89
105.93
107.97
101.40
95.30
98.20
96.51
96.24
95.89
95.36
99.11
106.52
104.79
95.52
86.49
85.71
91.07
92.78
98.00
97.24
98.60
95.00
94.71
101.46
109.75
111.49
109.59
109.39
105.28
92.88
84.50
86.81
93.96
104.37
104.95
96.89
89.88
87.49
88.64
88.42
90.28
100.17
108.90
101.91
92.76
90.69
100.61
113.05
116.90
115.96
111.06
106.00
97.95
97.34
94.34
98.38
105.93
101.52
98.90
100.84
96.47
89.26
86.33
86.61
87.68
87.52
90.68
94.96
103.88
112.36
113.59
107.63
96.60
86.74
90.17
97.51
102.98
108.39
105.88
95.65
89.88
93.50
101.84
97.79
97.91
101.36
107.02
105.88
98.99
92.74
91.47
89.57
89.85
96.30
107.35
104.54
98.01
92.76
96.02
104.22
103.95
100.32
94.70
90.10
86.66
88.38
96.27
97.28
90.88
90.43
92.21
101.83
110.02
104.23
101.49
104.96
106.85
106.98
101.63
98.03
101.32
98.75
90.10
91.66
104.71
106.33
101.85
103.29
99.06
92.50
87.32
85.12
90.29
104.87
113.61
113.55
108.64
101.60
97.83
99.15
96.08
88.56
86.31