99.19
96.81
105.78
114.72
117.38
112.46
102.00
97.98
95.27
93.04
97.57
98.14
94.62
88.25
91.40
98.64
107.27
106.64
104.67
98.66
91.55
90.98
99.00
105.94
111.72
108.52
106.09
98.70
95.01
99.54
105.19
110.64
110.25
107.68
101.32
91.39
90.13
89.05
89.51
91.25
95.07
94.14
98.63
98.43
94.20
91.63
89.33
95.12
102.05
102.92
96.49
92.79
88.69
87.03
86.36
91.48
98.45
106.31
100.47
96.56
101.98
103.29
99.96
102.00
105.88
107.30
109.57
111.23
103.80
100.05
99.00
94.18
88.94
90.03
90.26
96.10
95.59
99.22
98.34
100.14
95.28
88.75
91.63
104.95
111.94
103.95
100.62
106.04
107.31
102.64
96.74
97.03
100.95
108.47
111.37
103.19
92.38
90.37
88.37
91.42
104.56
103.97
96.51
91.73
98.30
103.99
99.96
96.85
92.07
91.48
90.41
95.04
103.45
110.66
112.28
108.97
99.60
97.87
105.91
107.74
98.57
93.63
92.07
90.18
87.80
91.49
103.00
109.97
112.02
113.31
110.04
106.52
101.14
94.47
97.91
106.37
101.81
96.36
90.35
94.79
97.01
91.45
88.73
95.89