99.50
93.19
95.80
105.76
104.59
94.73
89.34
94.05
95.17
94.27
90.60
90.35
96.38
100.90
100.45
105.53
109.19
109.70
108.65
110.35
104.32
89.14
83.33
85.73
92.29
107.81
115.66
108.77
102.51
105.00
107.37
107.73
105.09
97.41
87.93
84.45
85.85
92.18
99.98
101.31
96.72
95.57
98.71
105.66
108.83
111.92
109.19
106.85
105.79
107.34
110.96
105.07
96.03
91.20
96.81
106.67
108.70
109.29
102.20
90.54
84.34
85.51
91.98
94.18
96.62
95.13
91.19
93.78
93.65
99.28
104.35
98.06
92.59
89.67
91.55
96.62
95.62
93.13
94.24
101.04
108.42
110.09
111.59
112.22
109.52
104.65
96.95
95.00
90.86
88.29
88.00
86.76
90.93
98.80
101.67
97.45
99.67
99.24
92.42
86.97
90.59
97.30
106.38
106.89
106.14
97.35
95.27
99.39
94.55
89.91
88.53
92.91
92.20
95.93
104.30
107.89
104.22
102.13
102.80
96.92
94.86
92.80
94.98
92.75
90.05
92.92
104.42
110.26
106.54
97.43
97.40
101.91
103.13
101.47
104.92
101.76
95.43
94.83
100.25
106.59
111.27
110.92
108.72
105.38