98.42
89.79
91.05
98.17
102.26
97.26
93.60
94.98
92.22
95.72
93.84
98.35
104.77
106.16
102.14
91.40
85.35
84.55
86.22
91.85
99.50
110.62
111.94
110.65
106.02
105.09
107.27
106.61
107.52
110.54
113.38
109.45
93.98
88.41
89.64
88.87
90.31
95.34
100.27
106.69
103.51
95.62
91.11
98.06
104.81
104.14
100.82
98.55
104.43
101.78
93.17
87.06
91.72
93.11
99.29
107.61
106.24
106.55
105.18
95.10
87.51
87.45
89.07
91.10
91.47
100.11
100.61
94.12
94.53
97.40
100.76
107.83
110.38
112.03
104.11
92.00
85.82
91.63
103.68
108.83
108.22
99.15
88.94
86.64
89.90
99.79
112.88
117.57
111.02
105.23
103.22
104.63
105.60
105.13
102.22
93.54
92.25
97.33
102.88
102.01
104.95
110.26
108.53
102.94
91.66
86.16
86.79
87.62
93.48
104.33
113.52
115.61
113.82
112.49
106.33
91.09
85.65
91.96
96.30
96.90
94.64
99.70
103.23
100.17
98.40
95.65
90.68
86.86
88.47
92.43
95.67
93.93
90.05
89.56
97.23
110.90
113.24
111.60
109.88
105.09
100.15
104.07
104.26
106.02