96.35
87.05
85.51
86.16
90.05
93.38
102.13
106.93
100.39
92.13
90.53
90.16
98.47
112.32
110.10
100.26
97.93
105.62
108.34
102.85
95.71
96.89
106.93
114.03
108.58
91.56
83.67
87.75
102.24
105.84
108.13
101.25
90.64
90.30
90.03
89.44
96.62
103.31
102.74
102.98
101.80
99.38
92.59
93.84
102.79
103.46
96.61
95.43
100.92
104.89
98.41
94.24
99.75
98.31
91.63
86.67
85.97
86.72
88.40
88.75
89.92
88.98
88.95
93.90
102.75
112.64
111.14
105.05
105.23
107.07
110.30
107.90
101.94
100.41
94.12
87.44
85.65
91.90
103.68
110.57
114.28
111.19
97.93
93.62
101.37
109.72
111.71
110.54
111.08
109.14
101.66
95.41
93.88
98.76
104.76
101.22
97.63
97.98
101.61
100.65
96.03
95.36
91.12
90.18
93.79
104.93
108.89
102.35
90.26
89.32
95.90
97.07
97.22
97.89
103.90
106.13
101.22
92.77
90.24
94.89
93.84
93.37
99.63
98.12
94.50
97.12
105.53
103.00
99.78
100.93
96.44
99.36
98.03
101.95
109.78
106.97
99.21
91.33
93.60
97.46
101.88
101.20
102.86
107.53