100.80
93.86
97.93
111.09
114.44
108.55
93.30
84.12
87.80
103.72
114.36
106.80
102.11
97.01
99.14
102.28
104.66
97.20
87.06
84.79
88.32
96.06
98.95
96.24
96.33
98.46
99.66
101.66
108.61
105.20
97.16
99.55
109.25
110.81
104.93
98.50
100.31
96.86
93.66
94.68
100.61
109.66
114.51
112.90
107.94
104.56
104.58
101.26
100.16
96.27
90.32
93.10
97.66
93.99
89.13
90.39
101.77
110.78
106.10
97.07
96.90
96.02
90.40
90.11
100.95
111.09
115.39
116.32
107.80
92.54
86.08
93.97
110.24
115.01
108.44
92.86
87.76
92.34
100.63
98.85
90.66
86.49
90.93
104.84
110.25
112.00
105.92
102.21
101.69
94.37
88.34
85.90
90.19
97.81
99.85
103.17
105.94
105.58
97.98
93.83
93.63
98.02
98.55
92.04
93.27
95.93
98.23
97.15
90.59
88.37
88.15
88.25
93.65
102.82
99.07
94.85
89.39
86.16
85.71
86.84
91.52
102.93
107.57
105.96
108.31
113.14
110.48
99.57
90.37
95.18
101.23
105.78
99.56
97.85
94.68
92.77
94.38
91.42
96.97
101.06
100.90
103.86
105.73
106.47