101.04
93.74
95.86
99.49
99.59
100.83
103.70
104.42
107.27
102.96
102.99
108.18
112.09
104.39
96.02
91.53
97.20
96.37
91.66
92.40
95.06
96.12
91.66
91.75
98.19
105.74
108.48
99.96
97.19
99.40
105.98
112.73
115.57
107.97
98.94
97.76
105.09
105.45
98.57
97.28
102.87
109.48
113.57
115.19
107.66
94.41
95.30
94.61
94.70
99.16
99.74
99.67
104.05
102.25
103.70
103.33
98.66
90.60
93.42
105.50
113.23
108.14
98.47
88.45
85.18
91.27
107.03
107.29
99.55
93.75
95.59
101.97
97.21
88.80
92.32
102.28
99.98
90.54
86.35
87.61
91.43
99.56
104.17
106.93
107.95
104.44
92.93
85.32
87.99
99.65
107.22
112.11
111.08
102.05
99.55
102.49
100.67
90.88
90.68
95.85
95.35
95.11
92.25
97.48
109.79
112.47
105.84
99.96
97.38
103.45
107.76
99.29
94.02
94.37
92.14
88.15
86.87
89.73
96.49
107.48
103.52
97.46
91.46
94.56
107.33
112.42
112.47
103.85
92.22
91.46
98.89
97.00
99.70
96.17
98.16
106.19
103.22
96.33
91.54
87.39
87.44
92.51
95.07
98.11