97.43
91.71
99.83
112.65
114.95
115.03
115.19
112.09
109.95
104.14
97.97
90.63
86.12
85.82
90.67
93.36
98.79
105.33
104.28
103.27
102.25
93.63
92.79
94.20
94.85
95.53
93.81
96.35
100.23
107.41
112.15
105.73
97.26
89.57
89.73
88.90
88.20
92.29
102.37
104.44
102.88
104.17
98.68
89.36
84.64
84.88
88.01
93.50
99.92
98.81
93.08
89.81
94.70
104.68
112.65
111.99
111.50
113.01
106.03
90.25
86.12
90.39
101.21
104.25
97.51
98.45
100.82
106.42
101.28
93.71
91.70
93.14
92.04
89.63
86.82
85.41
85.59
85.95
87.53
88.91
88.91
95.61
109.90
108.60
102.18
102.63
100.55
102.26
105.47
102.46
99.36
93.10
89.86
91.69
96.10
93.38
94.80
99.02
103.05
103.47
98.69
92.05
87.93
94.89
102.27
106.65
109.69
106.70
102.77
103.78
100.04
94.87
92.88
88.98
89.08
96.07
98.42
103.55
100.18
90.05
85.98
91.64
103.81
101.62
101.78
101.23
105.92
105.23
101.34
101.70
102.07
95.76
90.31
86.80
92.28
97.17
93.02
95.57
95.22
100.05
106.05
106.59
100.90
94.14