101.09
104.24
110.23
113.03
104.74
100.26
99.66
98.76
95.62
100.20
109.68
113.23
111.55
110.95
108.80
101.25
94.74
97.36
103.06
102.57
96.13
87.64
86.16
92.27
95.73
93.06
96.12
94.44
89.55
88.56
89.29
91.94
96.66
95.44
98.89
96.01
96.58
99.68
99.93
100.69
94.16
96.61
106.29
113.65
112.34
103.77
89.28
87.24
97.30
108.06
105.89
93.90
86.87
90.02
99.59
98.41
97.63
102.36
105.56
101.17
100.15
100.54
103.32
97.68
90.03
88.12
95.92
105.91
101.59
98.47
105.39
105.09
96.14
89.90
96.55
99.51
95.02
88.42
93.32
108.81
108.21
95.99
87.90
93.28
102.46
97.97
99.51
102.13
102.81
104.89
103.64
94.14
89.92
89.52
88.95
89.66
91.80
102.12
106.59
100.01
96.96
96.43
100.62
105.97
102.84
103.39
104.96
105.04
99.69
91.53
95.70
96.00
91.07
86.65
87.27
87.28
88.56
95.19
101.19
108.85
102.97
90.06
88.24
88.66
92.84
92.98
100.60
105.06
99.52
99.54
107.43
111.32
112.77
107.99
93.20
85.19
84.82
90.88
93.52
95.67
96.85
94.78
91.69
91.67