97.18
88.18
87.38
90.99
99.32
110.92
108.83
104.41
104.24
100.09
90.66
86.85
87.91
90.73
90.08
88.22
86.98
89.42
98.11
109.94
112.33
110.54
104.00
94.97
88.10
89.81
93.97
100.25
96.99
90.72
87.59
91.15
94.50
98.02
99.33
93.20
95.99
106.87
105.58
105.50
102.99
100.20
92.25
93.96
100.21
100.95
93.56
95.08
100.99
105.58
108.26
106.06
94.84
90.78
97.25
99.73
96.54
95.87
96.02
99.35
106.49
103.23
103.22
99.16
92.16
94.97
103.33
111.03
110.38
105.33
94.83
91.95
93.69
90.64
91.20
99.12
102.00
99.86
99.55
99.18
97.09
102.82
110.31
112.36
109.15
107.48
103.87
101.22
99.66
92.83
85.64
86.31
91.27
96.03
102.47
99.08
95.10
102.00
100.44
100.41
102.46
102.12
105.24
103.02
91.96
85.03
85.09
87.46
95.83
100.47
107.71
103.58
95.51
98.74
106.54
104.62
103.19
97.72
99.69
105.20
99.49
98.06
105.51
110.54
111.63
103.51
93.08
87.09
88.58
93.98
92.40
97.54
106.68
107.79
109.43
108.67
101.72
97.37
99.86
99.58
98.99
99.92
105.44
111.13