97.25
88.07
87.79
89.20
91.10
96.67
105.46
109.01
111.84
110.42
101.23
92.27
97.35
104.61
100.86
93.02
95.55
96.03
101.58
111.23
110.29
107.76
98.89
97.51
99.87
95.81
95.77
101.39
107.58
102.44
90.93
92.23
96.16
93.14
88.19
88.49
96.29
100.15
94.91
92.30
89.07
87.93
95.35
103.48
103.32
96.37
99.35
100.24
97.85
103.16
108.58
111.46
111.67
110.06
102.21
89.21
90.11
102.64
111.35
108.24
100.79
99.33
97.44
101.62
106.75
103.04
93.76
87.84
91.94
99.57
97.87
96.12
101.57
110.35
114.75
114.80
107.39
101.43
104.60
106.40
107.94
104.29
97.77
90.75
89.97
93.76
102.86
108.60
105.75
105.86
109.40
111.45
107.32
103.63
99.99
98.06
102.44
106.90
107.81
104.65
101.36
95.19
97.31
103.20
108.89
105.98
101.20
95.80
92.90
99.26
102.41
100.35
104.10
107.48
109.32
108.93
101.47
99.02
102.82
96.88
91.83
97.89
110.10
115.36
107.95
95.73
92.70
94.28
101.75
109.71
105.38
92.52
93.04
101.95
109.46
111.21
111.22
111.50
108.61
95.71
84.81
85.57
90.46
94.31