99.88
98.28
100.10
94.14
86.69
87.44
92.05
98.83
102.15
94.98
94.45
104.48
104.76
98.45
100.14
98.86
96.07
92.47
98.62
101.81
96.51
88.57
85.13
88.32
93.18
94.50
94.28
90.64
94.96
97.08
100.37
104.37
103.41
98.61
98.59
104.22
107.23
109.11
102.09
88.69
84.00
85.31
86.77
86.69
91.91
110.61
110.17
102.43
96.80
97.67
97.23
102.68
100.71
98.36
92.79
89.73
93.86
98.21
94.16
94.00
90.95
87.10
87.48
93.96
104.69
104.97
98.66
99.11
98.48
98.49
103.97
110.17
107.17
95.89
89.26
96.65
109.86
112.77
113.53
114.28
113.69
108.84
99.88
91.30
86.08
84.49
85.47
91.16
108.31
114.64
111.15
98.30
93.47
94.68
94.03
96.97
97.16
91.92
93.93
105.00
112.63
107.15
103.77
107.51
112.08
107.38
100.26
94.98
95.57
98.22
105.13
108.08
106.88
101.85
102.68
101.08
91.20
91.16
92.12
99.44
110.52
112.63
110.83
100.15
86.70
87.73
92.58
98.14
97.58
95.00
97.93
100.63
100.39
99.01
95.01
98.88
102.63
106.31
107.04
99.03
97.86
100.35
96.57
88.25