103.38
110.88
115.64
109.62
100.52
92.13
86.24
84.62
86.90
87.64
94.16
109.65
106.73
93.37
87.29
88.53
92.57
91.81
96.78
100.06
104.77
99.46
95.55
100.53
109.45
110.86
104.13
93.87
86.01
84.14
88.15
100.56
106.98
100.92
90.14
86.33
87.27
88.21
90.17
100.33
106.38
98.58
90.40
95.70
105.00
104.04
102.31
95.63
97.86
105.51
110.17
103.56
96.66
96.42
103.89
103.70
102.02
102.85
104.91
100.58
97.77
96.89
96.26
97.40
94.01
91.11
93.92
95.62
95.49
97.33
95.12
96.66
94.16
97.58
107.03
108.24
109.53
106.31
97.23
87.74
85.36
87.29
90.93
92.90
101.85
101.74
100.77
96.15
97.15
100.59
102.56
96.76
89.28
92.19
95.23
92.81
91.60
99.39
106.42
102.11
101.60
103.14
108.17
108.38
106.96
97.96
86.98
89.27
104.12
113.57
114.77
109.41
103.75
98.28
93.17
91.67
97.84
108.56
105.66
100.43
102.41
106.08
101.28
99.81
97.56
96.94
95.77
90.94
90.74
90.52
93.79
94.70
91.64
95.08
106.92
111.78
106.76
101.92
104.87
105.07
100.98
102.23
104.70
109.29