102.73
104.94
113.83
115.17
104.15
95.47
100.39
108.61
111.88
104.81
100.34
103.33
106.60
100.17
90.24
92.40
93.20
90.17
94.14
100.64
104.52
109.21
109.83
105.50
103.01
101.98
98.55
94.04
90.66
87.18
90.12
101.33
106.50
106.99
104.33
107.12
107.99
107.45
100.17
93.81
93.22
94.58
90.70
95.62
97.90
94.35
90.68
89.26
94.39
96.65
100.78
106.45
110.24
103.81
93.61
87.25
85.93
91.08
99.00
102.51
105.95
102.42
95.15
88.48
89.21
91.98
96.70
103.34
106.37
108.80
110.10
102.00
88.67
88.78
99.49
98.32
90.61
87.31
86.59
91.36
101.57
111.70
111.93
101.33
91.90
95.90
107.35
105.23
104.43
102.72
99.37
93.71
97.47
102.16
96.42
97.85
99.78
99.26
102.75
98.93
96.81
104.68
105.83
101.75
100.02
95.64
94.45
98.96
98.91
99.98
94.32
96.07
105.09
103.28
94.40
93.81
99.85
104.90
104.80
106.91
104.67
97.68
100.00
108.14
104.41
102.37
106.52
103.29
98.05
96.65
98.85
98.33
94.80
97.95
104.20
103.21
102.56
107.64
107.68
103.30
99.98
101.77
105.96
109.24