97.13
90.04
90.29
101.38
112.48
107.22
98.94
90.94
86.04
90.40
100.69
101.82
99.35
95.95
101.12
106.68
105.43
94.89
85.22
88.86
94.98
96.01
94.66
97.29
98.41
96.04
100.82
106.59
105.57
100.66
92.23
86.96
89.82
96.91
98.03
98.86
95.06
89.80
89.96
100.90
106.88
105.25
97.51
90.46
89.05
93.29
97.48
104.61
107.90
110.42
113.35
111.41
102.12
91.14
89.54
91.19
95.10
99.75
95.22
89.87
86.50
85.34
86.70
87.13
89.02
97.35
111.61
110.52
101.78
89.64
85.61
85.37
90.49
106.08
107.07
95.44
88.85
96.87
104.90
108.61
107.86
108.11
106.82
102.57
96.16
96.84
105.21
103.39
99.67
102.37
106.79
106.29
105.93
105.55
99.73
99.78
100.48
97.01
100.72
109.96
106.12
101.79
98.64
92.28
86.00
88.45
98.30
109.09
105.99
97.64
98.19
105.51
108.63
106.66
104.11
94.57
87.45
87.63
87.93
86.90
88.65
92.98
95.89
101.76
101.81
94.98
97.57
103.87
100.24
100.78
102.36
103.82
103.30
98.85
90.05
90.36
90.93
90.37
87.94
89.29
92.72
93.60
97.08
98.70