98.40
90.24
94.01
98.04
103.24
111.13
108.71
97.34
90.20
90.49
99.94
101.75
103.71
99.59
93.62
98.67
107.23
106.16
100.02
89.83
86.71
91.34
91.54
88.03
86.98
92.13
107.13
107.06
107.41
109.11
101.43
91.38
87.37
94.55
108.18
109.69
106.18
103.52
104.84
106.51
107.47
99.10
91.28
89.26
88.39
93.93
100.26
95.40
88.61
91.91
98.88
103.82
98.83
90.15
92.40
93.47
93.33
89.95
91.39
103.16
114.87
115.62
109.15
101.73
100.79
105.43
107.16
108.39
102.36
92.63
94.77
99.25
96.13
97.09
98.31
104.72
109.61
108.22
98.12
91.84
88.87
92.32
100.50
104.07
104.76
105.20
102.67
99.41
91.83
87.03
87.16
93.08
107.67
106.06
103.17
103.04
105.67
99.73
95.16
97.27
104.00
99.97
90.66
87.71
87.92
95.44
106.34
112.87
111.80
105.61
100.89
97.99
98.37
104.38
100.36
89.31
88.30
93.40
98.56
104.27
99.99
90.90
88.74
98.44
101.06
99.33
104.19
108.39
105.19
95.97
88.50
91.19
96.10
92.51
93.71
100.06
106.49
104.57
94.21
94.60
107.16
111.29
110.15
101.45