97.27
90.03
91.67
105.33
113.83
109.34
100.57
96.20
99.20
104.02
101.04
90.80
87.67
89.94
90.52
94.26
94.40
94.46
92.91
96.44
96.24
97.27
106.08
104.72
104.00
109.32
110.65
100.64
95.32
100.21
97.69
90.92
93.02
96.05
93.07
97.16
104.81
106.47
105.52
107.44
106.54
102.06
95.25
94.54
91.69
91.12
100.49
109.40
111.21
109.96
108.31
109.51
106.99
103.35
104.36
101.65
96.70
89.05
90.88
93.85
94.18
92.42
95.79
106.53
104.97
103.72
106.22
106.44
103.86
103.83
107.05
110.59
107.30
96.55
88.85
86.70
86.03
90.84
106.52
114.25
110.21
108.55
106.02
100.38
92.99
88.28
85.99
87.69
97.23
99.02
95.85
95.01
100.52
104.14
98.45
92.65
88.28
91.97
99.58
101.30
94.70
94.91
94.75
90.31
89.41
97.46
105.54
109.57
112.96
114.89
114.35
111.91
102.68
99.05
105.96
108.55
106.82
108.23
107.33
104.56
94.77
91.24
95.82
105.25
107.91
105.36
96.00
87.74
87.97
89.41
93.33
102.75
109.50
112.26
113.63
107.21
100.77
100.18
95.27
89.97
93.43
96.07
94.15
96.74