103.20
99.86
101.96
101.29
94.03
94.52
102.82
101.23
97.06
95.92
91.45
92.28
95.91
100.40
99.15
92.78
94.57
100.69
100.23
100.83
103.28
109.20
107.92
99.19
90.81
86.46
87.50
95.47
104.46
101.70
104.09
110.88
111.39
106.12
101.84
93.33
85.67
88.49
90.64
98.37
109.21
107.27
101.26
101.59
104.88
108.48
106.04
104.51
99.89
100.71
104.01
106.95
110.74
106.33
92.64
84.02
87.34
100.98
112.85
116.73
116.31
111.75
107.77
100.37
99.61
106.03
109.69
109.44
107.69
106.66
106.66
98.91
86.61
84.20
85.27
85.33
88.47
91.73
98.70
102.52
108.63
111.66
110.87
107.72
108.13
108.67
109.52
110.64
102.50
91.80
94.60
102.35
105.89
98.00
93.30
99.31
98.86
100.87
98.99
99.34
97.37
96.04
102.85
109.47
112.61
113.94
114.03
108.42
98.13
98.05
103.98
109.11
104.68
101.26
106.35
111.65
111.28
101.66
92.15
87.76
93.85
99.17
98.14
99.06
95.12
97.63
106.15
111.72
109.00
107.74
101.71
94.04
93.42
93.49
92.36
99.03
106.23
110.79
112.51
113.05
110.75
99.23
88.45
85.56