98.35
92.81
103.44
112.07
110.69
100.35
91.61
91.57
96.09
104.59
100.90
101.12
97.21
95.74
92.21
88.82
91.71
92.42
91.79
94.45
105.21
106.39
107.55
105.04
95.87
91.60
97.05
108.65
112.96
111.71
108.31
103.20
94.65
91.64
94.42
104.88
110.35
109.19
97.73
92.04
91.89
100.80
101.26
95.78
90.41
91.32
97.39
100.19
96.90
90.84
87.38
87.71
91.67
101.36
110.78
106.72
102.42
105.82
102.83
94.51
94.61
100.48
107.07
107.55
97.25
91.60
90.22
88.62
87.99
87.18
91.95
106.65
107.27
106.94
101.54
93.47
87.65
87.78
88.01
91.05
97.12
105.32
112.64
108.44
103.26
102.07
104.02
103.89
98.79
90.28
90.72
99.21
104.29
99.11
97.94
101.00
98.53
101.11
102.59
94.26
92.50
101.39
104.47
102.15
100.23
98.50
96.85
98.73
104.05
106.44
103.86
95.65
92.26
94.67
101.88
109.68
103.67
96.18
99.49
107.24
109.35
105.60
101.17
92.39
87.42
91.89
103.04
104.80
105.57
107.06
100.37
92.01
91.15
97.72
100.91
100.89
104.29
103.87
102.01
102.56
103.03
97.50
89.17
87.72