100.65
94.80
98.30
97.34
96.24
97.91
94.77
93.81
92.34
92.82
102.86
103.97
96.47
87.69
91.31
105.87
112.76
113.63
106.93
102.39
94.46
95.56
99.03
95.45
94.11
92.61
89.45
94.40
105.31
104.07
95.06
96.33
107.68
109.72
98.99
96.23
94.59
98.43
108.17
107.61
106.69
102.39
97.20
91.10
87.26
89.23
91.59
90.96
95.64
97.27
94.82
90.45
93.24
99.51
102.85
102.47
95.76
94.61
93.09
91.48
88.32
87.69
90.04
94.26
104.82
107.45
105.20
105.86
109.13
109.98
100.78
94.52
100.48
107.81
104.07
98.58
97.56
92.40
90.57
92.40
91.91
89.66
94.05
101.65
99.06
101.19
105.19
102.25
91.18
87.24
94.11
100.61
101.84
102.76
107.23
112.27
112.55
112.10
104.70
95.95
88.27
92.68
99.91
100.34
105.58
107.57
104.66
101.16
104.17
103.14
95.48
88.86
91.58
100.13
108.31
112.93
113.49
104.81
93.27
93.26
100.13
108.70
106.46
102.02
98.49
100.46
104.44
100.73
93.36
96.54
103.75
108.17
110.82
110.00
110.35
108.31
105.91
97.25
88.77
92.75
96.39
102.32
105.85
109.31