97.21
92.06
103.17
113.43
110.54
96.79
86.91
86.49
95.04
110.70
110.44
108.02
103.85
98.75
95.03
95.59
104.12
107.24
99.17
88.88
84.97
87.95
96.49
96.36
89.79
93.95
107.54
115.09
112.46
104.85
102.02
106.38
110.47
109.96
104.17
102.20
107.79
111.04
112.17
112.57
110.71
108.10
108.76
104.37
100.13
94.85
88.43
92.21
106.88
113.28
112.76
112.67
104.34
95.94
97.16
101.46
105.67
108.57
107.78
101.98
93.03
92.99
94.09
96.62
103.22
103.28
102.21
94.55
87.00
88.44
99.01
106.07
102.77
102.77
99.51
90.81
93.54
98.52
93.97
97.00
107.63
103.99
97.13
100.91
107.19
111.36
109.08
102.66
94.62
98.23
97.54
96.32
93.54
98.69
105.60
101.27
90.28
90.78
93.75
96.27
92.46
94.71
95.97
103.02
103.58
106.20
102.85
92.87
92.04
94.85
91.44
87.02
86.14
86.09
88.32
98.06
109.71
107.59
106.67
110.23
110.04
107.36
108.38
102.72
99.31
100.54
106.96
109.51
105.41
94.43
91.30
97.40
96.08
99.33
98.90
101.33
99.85
102.85
98.91
96.65
97.16
97.19
98.77
105.31