102.27
101.39
98.00
95.31
94.50
101.27
103.56
99.92
99.18
93.62
94.71
95.08
102.00
99.59
99.82
107.29
112.26
104.79
89.85
85.36
90.46
91.29
98.04
106.03
112.27
114.96
109.15
97.15
94.41
93.09
89.40
92.43
92.26
95.98
104.62
106.56
106.69
109.84
107.61
95.93
91.77
99.42
105.54
106.99
102.21
103.02
108.19
102.15
93.25
93.06
93.10
89.77
94.02
106.92
108.39
107.88
103.79
96.11
92.29
90.52
88.79
86.88
88.98
90.02
93.82
101.75
111.26
110.88
105.96
97.78
98.15
94.60
88.53
85.90
89.49
99.59
111.29
108.39
107.66
107.04
104.25
102.83
100.33
103.37
98.84
87.88
84.36
90.20
99.06
105.50
110.59
110.33
110.72
108.33
99.68
89.23
86.57
95.05
104.03
108.97
101.29
88.11
87.75
93.27
93.54
98.82
103.54
97.25
88.51
87.31
87.15
93.11
108.00
107.79
95.17
87.38
87.05
86.94
92.67
103.73
114.28
113.61
111.28
103.32
94.64
93.46
92.66
94.33
92.72
96.44
106.51
104.09
99.17
96.29
95.16
93.61
93.82
93.40
100.82
99.11
98.53
105.77
111.36
105.92