99.81
94.10
93.18
90.71
92.70
103.34
111.15
113.12
112.17
108.23
99.29
95.75
91.05
92.43
90.98
91.18
92.25
89.73
87.34
90.61
103.02
109.21
103.65
98.57
91.65
94.75
99.10
93.30
90.15
94.95
99.08
99.65
101.50
107.83
110.08
110.19
110.84
105.71
94.23
85.10
84.01
85.38
87.37
88.83
93.30
104.17
111.78
113.65
105.69
100.22
104.46
109.76
112.30
111.48
109.52
109.82
110.34
105.11
103.18
103.74
107.35
101.89
98.62
100.78
95.70
87.14
85.94
89.19
99.30
108.88
109.29
105.04
100.83
104.05
105.09
96.08
91.46
89.03
91.87
94.18
96.38
91.96
95.33
96.84
94.59
91.09
88.68
93.97
106.64
105.44
106.31
104.76
96.62
97.24
103.75
105.25
108.57
102.76
99.55
98.60
98.20
92.92
88.37
85.75
86.32
90.11
92.06
92.04
95.39
98.10
94.07
88.21
89.17
97.84
107.92
112.56
110.09
108.06
109.81
105.55
99.34
95.74
100.80
104.71
108.86
109.71
108.60
109.35
105.47
99.59
96.52
102.71
107.28
106.66
106.30
102.07
96.83
92.35
97.40
108.69
113.55
112.07
104.34
99.59