100.25
99.02
109.77
112.30
107.33
97.91
95.27
97.03
94.64
90.85
92.39
98.52
101.24
106.46
110.91
109.95
99.70
86.97
85.07
88.16
91.84
92.18
91.25
98.20
98.11
101.81
108.95
111.74
108.93
106.20
107.74
109.74
102.31
88.38
86.74
87.59
88.29
92.88
105.10
103.23
102.05
104.03
100.47
100.63
97.77
97.94
106.36
108.23
104.10
93.81
91.02
101.69
110.77
105.75
100.10
102.97
103.27
102.33
99.38
91.58
88.30
92.21
94.29
92.67
96.10
105.69
110.01
112.07
110.79
104.33
98.15
99.37
97.64
92.68
91.64
95.07
101.39
104.25
108.43
105.02
102.48
97.21
99.81
100.62
93.24
90.16
95.55
107.97
110.37
107.40
104.82
108.17
102.81
88.40
84.58
90.12
104.36
106.07
100.56
102.48
102.33
103.33
99.98
97.71
97.50
94.03
89.04
92.72
93.95
91.84
88.04
87.59
87.51
89.67
95.18
97.75
99.70
105.44
103.45
94.84
86.49
90.89
102.03
99.76
91.81
89.49
89.38
91.31
99.80
101.50
95.41
91.96
89.43
90.01
94.18
99.48
105.79
101.99
100.16
103.98
108.20
107.96
108.69
111.29