97.98
95.80
110.43
111.40
108.51
99.62
98.16
102.48
102.35
93.50
93.35
94.94
93.99
88.98
87.45
95.42
102.81
102.35
99.10
97.45
100.64
97.92
93.33
96.28
97.40
99.22
103.73
105.34
98.41
97.42
104.66
106.10
108.17
109.02
107.30
108.79
108.97
106.55
98.88
87.70
87.37
93.30
101.85
107.66
108.99
100.00
91.07
94.94
96.71
97.61
98.31
94.53
93.78
96.01
101.82
101.57
95.92
98.44
100.19
95.32
91.68
94.33
105.58
110.23
106.00
103.30
98.83
93.34
87.62
86.84
90.82
93.16
99.91
105.75
101.10
92.98
92.73
96.90
94.32
98.10
98.55
99.85
100.82
97.77
97.88
105.70
104.96
106.16
106.90
106.16
102.08
101.83
102.71
101.99
106.28
107.69
107.21
104.81
101.31
103.57
109.41
103.96
89.00
84.34
85.02
89.11
103.23
113.68
106.76
92.32
91.74
97.25
94.03
93.30
101.52
110.06
113.46
105.32
88.52
84.94
86.80
86.95
87.76
92.65
101.90
99.98
94.92
97.62
97.72
103.71
106.60
108.80
110.75
109.49
109.15
103.59
96.97
90.60
88.12
86.51
86.01
88.73
100.85
106.44