99.46
95.78
98.61
98.40
94.81
93.49
93.84
90.34
94.36
106.58
114.68
114.22
108.49
102.91
99.84
102.28
109.01
113.76
111.82
100.04
87.76
86.92
89.09
89.07
94.71
108.71
113.42
105.43
96.20
95.00
102.49
106.07
109.96
108.79
103.62
95.23
95.98
101.53
101.41
102.75
108.61
110.98
111.97
109.60
109.08
106.49
104.78
105.03
103.43
97.85
98.98
101.06
94.43
90.98
88.13
85.54
89.75
104.68
115.66
110.46
94.87
90.49
96.66
102.66
105.09
99.54
94.92
90.74
88.90
92.18
93.29
99.54
97.12
99.38
96.61
99.84
106.46
100.57
90.93
95.24
102.04
109.01
107.20
105.27
105.39
103.06
104.90
102.46
97.49
101.60
103.48
99.33
96.62
97.17
97.79
101.95
106.82
110.95
109.00
106.47
104.52
95.23
90.66
89.92
95.93
106.84
113.02
109.30
105.62
104.47
103.21
96.51
90.93
89.57
90.91
93.25
91.92
98.19
110.78
112.12
102.22
91.73
93.58
95.76
97.88
105.23
100.81
91.71
89.53
91.31
98.30
107.69
111.29
112.86
113.83
111.57
109.33
103.17
94.55
90.77
88.55
90.06
92.82
96.16