97.53
89.88
95.35
98.07
93.79
88.96
91.25
96.43
93.29
92.59
102.75
111.68
113.55
105.81
97.96
98.08
94.80
88.46
85.93
90.30
92.43
91.46
88.10
91.99
95.70
103.89
111.96
110.01
108.82
111.42
113.31
106.13
90.89
87.14
88.37
89.17
90.00
90.88
98.16
98.23
92.76
90.18
95.08
108.05
111.86
102.60
95.71
92.29
90.26
90.09
90.26
98.96
106.12
110.26
109.18
104.81
101.25
100.33
103.51
104.52
107.99
111.44
112.60
106.74
91.80
84.18
84.69
88.88
98.86
108.69
107.85
107.17
105.32
99.02
89.98
91.04
103.96
105.02
97.43
91.84
98.28
97.67
93.93
95.38
99.31
99.63
103.41
102.23
97.91
97.41
92.53
90.93
94.79
98.83
101.05
96.22
97.83
95.50
93.12
91.67
90.56
89.79
88.00
89.35
91.76
92.64
92.67
92.34
100.62
106.61
105.50
96.97
97.83
98.56
93.79
89.34
92.49
93.65
89.40
86.43
92.18
101.79
110.06
112.45
108.66
107.53
100.83
88.84
86.48
86.85
87.88
89.43
92.08
92.70
93.88
94.99
93.63
94.54
100.52
97.73
91.54
94.52
99.16
94.58