98.49
91.16
92.66
99.28
99.78
101.57
101.48
93.36
92.72
99.47
99.22
98.55
103.64
107.36
102.93
99.30
100.07
107.16
108.93
104.26
97.79
98.95
102.85
104.09
104.64
97.54
86.91
89.69
95.88
103.91
100.20
92.06
96.34
108.75
112.89
111.75
108.05
97.95
93.80
102.13
110.11
109.23
101.86
92.43
91.36
90.49
87.70
90.49
93.34
103.06
113.44
117.23
116.71
110.90
100.79
98.15
95.49
98.03
97.09
98.79
104.46
99.77
88.50
84.24
84.76
86.48
87.82
90.49
94.52
96.23
94.98
99.04
99.01
97.85
92.75
96.81
97.55
90.34
89.84
101.27
113.20
109.84
102.54
98.14
93.18
88.15
91.44
104.60
108.72
105.56
96.06
95.90
106.19
103.57
101.12
103.69
105.80
106.83
107.09
108.14
105.34
100.15
95.44
100.49
99.78
99.43
95.52
97.76
106.37
109.65
111.99
114.33
110.67
103.17
96.17
99.54
100.41
92.99
90.32
97.13
100.84
94.20
87.21
85.94
87.41
93.05
94.41
98.04
103.63
101.34
95.62
96.62
106.80
112.12
105.48
98.89
95.22
99.68
107.02
111.37
106.69
95.21
94.69
102.89