99.10
96.01
101.96
105.11
99.36
89.53
93.09
106.08
113.74
107.09
101.25
93.97
91.26
94.35
93.61
88.31
89.40
95.32
99.33
97.11
91.92
88.94
93.22
102.08
103.79
99.84
97.93
98.05
101.62
99.20
100.25
97.94
99.90
103.11
108.35
109.53
102.33
96.69
91.30
92.39
102.35
103.08
93.09
90.36
92.32
91.24
90.34
90.73
94.13
96.81
102.86
101.54
91.77
85.49
89.88
98.30
97.28
97.09
102.69
101.23
101.12
104.16
102.68
101.64
104.37
107.29
106.61
99.01
97.67
97.01
94.25
92.41
91.47
93.94
100.54
97.01
99.83
103.29
101.45
98.81
98.07
94.13
95.52
96.70
95.59
95.16
96.64
102.54
105.13
105.07
98.28
97.71
99.86
106.16
109.54
104.25
101.41
95.66
87.01
87.10
87.85
89.63
93.18
98.53
107.04
112.56
109.28
108.06
111.31
106.72
93.71
92.37
97.60
101.07
107.30
110.63
109.66
106.47
95.85
85.17
83.26
85.20
88.82
98.60
110.22
113.27
107.78
100.94
98.50
93.30
95.42
107.09
105.46
102.67
103.68
106.25
110.56
109.20
100.10
87.16
87.65
93.42
104.74
104.78