98.18
94.35
98.51
104.87
100.41
90.64
92.36
101.65
111.52
113.83
113.17
112.24
109.18
97.04
89.40
96.15
107.09
106.43
105.05
100.00
98.50
93.37
91.70
91.46
93.09
94.20
96.74
93.99
90.34
96.98
108.90
108.15
95.80
90.87
94.46
105.80
102.94
100.87
99.01
91.23
91.58
92.11
93.49
94.15
102.59
104.56
106.46
111.18
108.37
99.18
89.05
92.09
98.31
101.17
103.48
109.07
106.78
94.69
86.54
86.52
88.86
94.48
98.02
99.02
103.11
106.61
109.91
108.72
107.92
106.91
101.17
94.81
97.95
105.80
103.51
100.86
97.11
92.44
91.98
93.27
93.75
97.49
106.87
111.71
112.85
113.81
112.49
110.34
108.33
105.15
102.87
100.75
94.48
90.52
91.60
90.45
91.50
101.23
107.32
102.47
92.41
94.09
101.49
103.36
96.96
90.10
93.42
97.17
96.58
97.42
92.82
91.33
97.57
108.94
114.11
113.26
104.57
88.69
84.21
87.15
88.79
95.55
104.13
103.35
105.44
110.99
113.49
108.67
98.65
90.79
88.31
88.12
95.18
109.83
114.37
113.27
107.33
93.86
85.43
85.16
89.51
101.44
110.34
104.92