103.04
103.65
111.61
115.28
109.32
98.48
91.36
95.41
100.06
106.08
107.10
104.85
96.36
87.99
87.46
96.69
111.38
115.85
111.29
105.64
102.79
94.54
88.02
93.87
104.13
100.85
94.56
92.50
91.84
91.42
90.90
89.53
87.14
86.74
90.69
104.29
112.82
105.59
91.36
87.49
96.80
106.60
111.92
111.32
104.67
102.84
103.51
105.58
98.25
96.30
99.06
93.93
90.35
88.44
95.17
99.16
93.26
93.89
99.21
108.90
104.97
91.77
90.29
92.11
92.90
94.83
103.61
104.11
101.45
104.30
107.25
100.81
88.70
83.95
84.35
86.85
88.18
88.17
91.27
94.49
92.32
96.77
103.16
106.53
98.99
95.10
91.64
95.97
94.74
88.62
90.72
103.46
108.81
108.21
102.15
99.66
103.60
101.12
97.91
92.63
88.92
92.74
101.58
102.09
106.05
104.27
102.84
101.73
98.46
92.04
93.73
105.16
110.74
112.41
105.71
92.06
91.23
96.86
96.65
95.65
91.70
91.92
91.54
87.89
85.41
87.23
93.94
95.44
99.51
97.93
98.21
102.61
105.77
104.93
97.71
89.85
88.77
91.72
90.72
89.50
97.87
100.14
99.93
101.04