97.09
88.92
88.09
96.53
106.59
101.93
96.38
96.62
102.23
102.31
101.06
103.03
106.96
108.27
103.96
99.89
94.10
91.27
95.09
98.46
105.98
113.18
114.55
109.19
98.34
88.62
91.16
98.99
97.71
96.51
99.93
99.84
104.98
110.29
110.68
107.97
97.83
87.33
87.63
96.24
103.13
96.67
91.31
95.55
97.15
100.39
109.05
108.92
108.17
108.69
110.14
106.57
104.70
98.90
92.65
91.39
89.85
95.89
95.30
94.36
90.07
91.11
99.21
106.07
103.31
99.84
93.21
89.89
90.68
89.84
92.31
101.68
100.43
99.28
92.93
88.75
88.89
89.22
88.23
90.50
98.24
105.06
108.11
105.84
96.94
90.64
96.35
102.34
109.21
111.76
109.48
107.36
109.24
112.41
108.74
93.44
88.66
98.28
100.99
93.53
89.48
88.46
88.88
91.46
97.53
96.80
91.31
90.41
97.58
98.07
101.35
107.19
103.38
103.37
105.98
102.31
101.62
107.31
110.42
105.29
96.91
88.35
92.06
99.23
102.01
102.66
102.35
103.86
97.50
96.21
99.76
103.18
101.86
98.60
97.35
102.51
103.26
102.82
106.85
106.83
96.55
86.63
85.19
88.19