98.75
98.51
109.30
113.03
108.33
102.82
98.70
97.19
98.27
94.82
97.79
98.02
96.71
95.06
101.75
102.40
101.09
106.18
107.51
103.62
97.17
90.85
87.93
90.49
97.33
101.52
105.87
108.25
101.89
89.81
87.85
92.99
93.76
100.13
103.22
100.78
99.22
105.17
111.90
115.10
110.37
100.69
90.58
85.95
86.29
93.34
106.32
114.42
110.15
107.07
100.68
93.88
90.62
96.65
106.58
105.77
97.14
95.98
104.25
108.45
107.38
100.09
96.62
96.49
101.43
100.28
103.57
99.56
98.72
102.99
99.30
99.08
94.62
96.96
107.69
114.51
109.17
101.47
94.86
90.31
87.40
92.90
105.25
101.85
102.52
108.69
103.97
90.10
83.80
85.94
89.55
98.22
108.86
112.24
111.09
104.82
98.74
98.47
95.52
98.40
97.10
100.09
97.00
90.55
87.45
89.66
90.13
92.01
93.46
96.56
101.00
99.63
97.18
98.98
98.63
91.93
91.37
89.66
93.33
101.74
111.49
108.83
95.64
86.05
84.77
91.31
101.75
112.51
107.08
101.20
100.05
95.37
95.95
99.63
94.12
89.88
95.64
109.16
105.93
96.57
88.38
91.85
99.42
97.93