100.60
100.70
110.93
113.89
105.97
101.41
102.02
107.56
107.64
97.35
89.32
87.22
94.79
110.35
117.13
115.73
104.87
91.46
89.25
90.73
97.13
105.18
102.61
92.67
85.65
85.15
86.46
87.96
89.48
89.22
95.16
106.06
109.65
109.49
107.80
106.71
108.53
110.41
108.76
102.09
102.24
98.05
95.68
95.41
95.91
91.37
91.20
95.42
100.95
105.75
108.04
103.58
96.98
92.68
94.86
103.12
106.90
98.42
97.09
104.49
107.77
106.72
96.36
85.45
86.77
94.51
100.70
107.88
104.97
97.28
88.64
86.76
94.93
100.96
95.21
88.56
87.67
96.86
106.74
108.80
106.46
102.70
95.34
86.74
90.34
96.05
102.85
107.75
109.50
103.65
91.69
87.04
91.08
94.72
94.50
99.31
100.25
99.19
95.21
89.11
94.12
96.88
103.27
101.61
92.89
86.80
88.41
90.05
92.87
95.38
104.68
113.71
113.03
111.43
111.88
109.58
108.91
110.29
110.18
108.88
103.53
100.11
95.18
87.28
86.12
88.51
92.62
92.72
88.95
89.79
97.08
108.79
110.47
100.76
87.88
89.10
94.56
94.68
96.95
101.68
108.12
103.51
91.67
84.70