99.47
91.96
90.78
98.03
96.81
101.08
101.75
106.43
107.01
99.11
87.89
84.09
87.10
89.55
90.42
95.16
106.13
108.13
98.72
97.33
100.25
101.25
99.51
96.84
92.85
87.76
89.93
98.20
107.41
110.29
103.14
100.13
100.90
97.99
90.73
92.32
103.90
107.91
108.95
110.16
105.36
101.83
95.55
90.55
86.56
89.29
90.58
89.74
88.78
89.99
95.34
96.97
94.02
96.96
98.29
102.87
110.81
106.20
102.14
105.42
105.66
103.44
103.04
98.75
99.22
101.01
97.44
90.16
94.36
99.18
101.86
99.72
91.01
87.66
89.59
95.91
101.32
97.69
93.17
88.35
94.07
109.49
115.20
110.76
99.83
89.05
86.06
92.39
95.69
98.25
97.48
99.06
94.64
87.70
85.64
86.63
87.08
91.63
93.35
92.69
91.66
94.50
103.89
113.36
115.50
111.83
102.30
99.50
101.04
100.06
100.04
96.86
98.24
102.67
106.77
101.26
96.80
102.40
107.37
108.94
109.47
110.96
105.29
99.86
96.48
93.08
98.32
105.09
109.38
108.02
99.70
93.86
95.90
100.83
105.69
107.52
107.35
98.89
92.18
88.54
91.01
91.68
99.28
99.77