96.73
91.93
106.11
109.46
109.04
104.71
100.77
97.58
94.27
88.38
89.65
91.82
89.15
86.23
86.14
87.60
92.81
105.83
108.92
109.57
105.47
95.28
94.62
93.37
97.29
98.22
104.12
104.21
101.99
102.66
101.95
104.68
107.84
105.05
98.81
92.96
93.70
90.83
92.52
101.39
104.87
99.52
101.40
107.86
109.18
105.45
96.27
87.87
85.26
89.60
100.75
113.60
112.80
111.04
101.97
99.11
98.55
101.45
105.47
106.36
108.67
104.98
97.66
88.76
87.65
96.70
111.35
107.93
99.61
94.77
98.37
105.62
109.79
106.31
96.21
87.60
91.68
97.88
104.71
107.05
100.72
89.75
85.43
85.51
86.09
89.08
95.12
108.18
106.37
95.82
88.17
89.75
97.73
99.69
93.34
93.80
93.22
94.51
92.48
93.26
103.52
113.34
111.71
104.82
102.01
100.61
92.09
92.79
101.64
105.72
102.53
103.63
103.34
105.93
110.04
103.79
90.96
88.73
92.19
93.71
96.09
94.13
89.71
87.19
86.60
90.32
100.87
101.90
93.92
90.04
98.47
102.66
102.88
106.61
103.71
101.22
99.66
92.69
92.76
95.52
103.46
110.70
104.87
101.71