98.36
89.26
86.46
86.79
87.21
90.21
92.82
101.79
113.91
110.84
105.70
107.14
107.82
99.07
92.15
87.92
86.54
93.70
98.38
105.55
100.42
90.35
89.53
99.55
104.23
102.62
105.06
106.87
109.54
103.32
97.54
91.41
90.25
100.39
111.93
114.65
110.48
107.96
101.46
96.00
92.75
93.28
90.13
87.52
94.41
96.35
91.15
91.24
98.36
104.25
99.12
98.92
104.81
111.02
110.35
103.17
95.28
89.07
86.19
87.08
92.97
98.32
94.86
95.23
98.14
100.61
96.76
100.00
106.78
105.43
97.62
92.43
99.23
97.94
100.34
107.86
107.71
107.80
105.49
94.91
85.83
85.21
87.63
87.53
87.72
88.92
93.61
98.78
95.58
91.56
89.57
89.57
88.60
87.28
88.33
91.01
102.21
105.63
106.73
103.30
103.63
100.60
103.35
103.92
100.24
90.76
90.38
94.80
101.96
104.01
103.12
98.07
92.21
92.51
93.63
95.36
104.43
110.32
110.02
109.02
105.59
103.12
105.66
110.20
110.65
107.10
105.28
106.32
101.81
89.58
85.49
86.49
86.70
89.66
97.33
105.31
106.96
110.47
109.67
109.45
101.88
96.38
91.91
86.69