101.76
100.74
97.44
98.76
102.91
97.84
88.75
91.66
98.41
96.85
101.44
98.34
89.54
85.69
85.71
86.11
89.66
91.97
94.42
92.94
92.87
94.10
91.46
96.17
101.16
100.36
93.77
96.00
99.15
103.69
102.37
103.20
99.82
101.78
108.53
106.73
105.88
101.95
98.04
99.26
96.18
89.40
93.53
97.37
99.47
106.83
107.16
104.32
95.47
86.17
84.93
86.90
90.50
96.21
103.69
104.39
102.10
94.58
95.56
99.60
94.83
91.74
99.16
108.64
114.24
110.44
95.31
84.81
89.27
96.36
96.39
96.00
92.49
98.11
100.44
96.35
98.44
95.81
93.44
91.28
87.88
87.90
90.08
90.25
91.26
93.95
91.75
96.52
100.23
98.66
104.22
107.41
104.85
106.68
108.40
107.72
108.93
112.21
113.11
103.24
86.92
84.32
86.28
86.72
91.23
93.37
90.94
89.57
89.37
95.25
95.06
97.55
107.15
112.55
114.36
109.78
106.54
108.25
106.84
107.30
101.97
95.91
99.80
107.48
112.21
110.62
104.63
100.39
97.00
91.90
87.25
87.80
87.94
87.02
87.57
88.38
95.36
107.84
104.57
95.60
96.78
107.66
109.00
107.65