96.35
90.07
97.39
100.99
106.33
113.44
112.14
109.37
103.37
95.06
91.84
94.17
97.79
104.04
102.36
103.80
102.07
98.49
93.91
99.38
98.33
91.25
87.66
91.02
97.02
101.97
99.12
91.22
89.49
92.00
95.54
98.44
96.92
90.09
90.30
90.92
94.55
99.20
101.10
101.74
107.20
106.11
104.70
96.75
90.62
90.41
91.43
97.09
108.53
108.33
104.34
93.87
92.05
92.46
97.12
100.72
106.69
102.92
96.58
96.63
99.67
101.40
96.37
95.38
98.70
105.82
102.67
99.82
101.10
105.18
100.27
98.80
102.95
110.05
111.87
103.49
91.48
86.81
93.46
95.88
98.42
98.22
101.30
104.01
108.84
110.14
105.99
99.55
90.30
88.43
94.19
95.88
91.09
90.19
91.23
91.51
90.32
97.17
110.52
114.23
111.18
106.51
106.42
101.32
93.24
87.43
85.06
84.88
88.37
91.05
95.86
107.87
108.14
103.45
94.50
86.72
87.70
88.98
95.60
102.06
106.05
107.31
105.05
99.84
92.46
92.47
92.37
90.04
88.06
89.25
96.65
110.24
110.49
101.86
96.67
100.72
100.92
92.25
90.77
95.51
93.50
89.97
87.06
87.21