102.86
100.87
96.74
96.42
98.36
96.10
89.36
86.91
89.32
89.29
92.45
92.09
88.85
89.21
91.41
102.13
112.01
110.54
101.78
100.05
101.37
99.96
102.83
106.87
108.04
106.89
105.43
99.32
89.85
90.77
103.63
114.09
109.59
94.84
87.66
92.92
101.40
105.46
105.97
100.80
99.47
97.13
89.68
90.46
101.12
111.44
115.85
109.45
97.83
95.85
92.43
87.33
92.01
97.81
107.36
111.46
107.18
94.86
90.56
96.00
95.01
95.21
101.16
110.43
107.64
95.78
88.54
86.17
86.08
88.47
99.69
106.23
105.43
108.31
111.50
112.39
111.31
110.00
101.57
93.00
88.40
89.95
99.27
101.81
101.30
106.43
108.61
104.18
97.25
90.61
91.01
91.79
90.33
89.56
92.42
102.48
109.16
105.76
93.49
86.23
88.14
92.18
102.85
111.31
106.58
103.43
106.54
104.63
98.33
99.45
99.25
99.59
97.95
90.64
87.19
87.94
96.63
111.66
113.76
111.48
110.00
105.33
93.36
93.25
98.76
104.32
109.52
109.37
108.83
111.11
110.75
103.45
94.21
90.56
90.31
91.06
92.82
96.38
93.64
96.54
99.40
103.44
108.42
109.88