98.69
91.80
97.67
101.67
96.42
89.08
86.57
87.07
89.94
97.50
103.46
109.10
107.95
97.76
87.05
86.71
94.73
108.72
114.45
114.82
105.34
98.81
94.50
89.22
90.77
91.26
97.76
101.40
94.38
89.58
95.62
99.37
93.17
91.78
90.57
88.87
94.37
95.46
97.59
103.96
101.85
92.74
90.26
93.11
100.50
100.05
102.88
106.58
109.10
110.72
111.72
104.35
92.18
92.45
95.80
100.50
106.30
109.88
102.13
97.27
102.81
105.61
100.78
94.80
92.38
91.24
92.36
98.21
102.33
96.24
88.38
86.47
88.67
93.98
107.37
115.16
108.60
102.85
96.60
92.63
98.15
99.16
101.92
108.50
112.01
109.32
100.96
92.13
87.23
87.50
87.94
89.38
92.27
100.13
99.00
101.81
100.68
101.84
102.75
104.33
97.71
92.69
89.85
88.88
96.45
109.87
111.83
110.03
110.47
106.58
104.60
100.34
91.97
86.06
88.21
92.22
96.74
96.31
102.91
104.20
101.43
94.80
89.96
87.85
89.97
89.86
92.29
92.75
100.54
110.44
110.82
103.48
96.33
99.39
106.84
106.08
98.87
91.60
89.38
88.07
91.34
103.00
110.61
113.24