100.41
102.66
112.05
109.27
98.62
97.57
107.78
111.39
109.44
109.26
102.49
95.24
89.84
89.24
98.74
105.08
98.98
100.08
103.53
100.02
95.58
97.62
104.60
106.27
104.41
100.76
93.33
87.56
87.03
94.90
100.14
106.44
110.36
112.96
112.28
110.35
99.74
87.26
84.66
90.64
101.15
107.98
102.82
92.70
91.15
96.65
97.49
94.97
96.58
101.02
96.58
92.13
92.41
98.42
106.79
110.77
111.48
112.39
112.43
111.42
109.41
106.79
103.93
96.68
96.91
106.22
105.78
104.87
103.76
97.95
89.48
86.39
87.67
87.97
87.48
93.31
100.36
109.32
115.13
109.16
101.84
104.25
110.64
113.55
113.25
107.44
102.23
104.84
110.76
110.83
109.82
101.35
93.64
92.60
96.95
100.24
105.94
102.12
93.76
92.18
98.19
106.35
112.33
106.32
96.50
96.72
102.66
106.44
106.89
108.45
101.71
97.38
92.23
94.23
98.51
105.45
104.73
100.99
93.00
90.12
89.55
90.91
91.96
92.59
90.10
86.96
86.70
87.71
96.23
108.99
109.54
102.47
92.86
92.94
100.10
109.97
113.75
114.41
105.77
90.44
86.78
89.24
92.40
90.42