103.00
104.56
105.27
107.52
108.33
111.01
109.59
99.51
87.15
85.88
91.17
101.12
109.28
103.77
93.47
89.08
87.61
88.21
95.69
99.93
102.43
99.69
103.65
110.23
114.15
107.03
99.04
92.33
94.09
104.48
102.70
99.66
96.13
91.85
96.16
105.74
106.24
100.14
102.01
102.82
105.34
102.49
93.78
90.23
88.38
94.86
104.53
102.88
100.66
93.06
90.06
93.87
97.52
94.64
92.64
97.73
104.05
106.73
102.78
95.50
90.26
92.38
101.35
100.19
93.52
90.71
91.41
99.90
104.02
107.99
107.59
98.71
86.77
83.45
87.17
91.93
92.85
99.78
98.01
100.83
105.49
105.22
99.11
91.43
90.59
92.48
95.20
103.44
108.56
105.72
96.65
88.87
93.94
106.83
109.38
107.15
97.95
88.79
86.47
87.78
95.80
105.59
104.84
107.25
110.18
109.82
103.72
91.04
83.90
86.77
98.41
103.65
97.63
89.36
90.50
95.06
97.34
95.83
93.94
91.79
95.06
106.56
110.17
103.40
92.60
93.27
94.09
96.36
105.56
111.87
111.06
99.41
86.37
88.38
98.20
105.81
103.15
99.48
97.80
104.23
110.62
106.13
96.19
89.54