100.76
102.04
111.91
116.35
115.63
109.16
104.21
105.54
109.83
110.76
107.41
99.18
89.75
86.37
90.86
95.57
91.95
87.78
85.95
89.36
103.56
117.19
113.61
98.07
85.44
83.75
85.73
88.38
89.27
90.97
99.37
100.35
97.90
104.25
111.83
111.39
101.63
93.08
88.18
87.83
87.01
89.76
93.80
91.70
88.65
88.72
89.92
98.71
103.90
105.77
108.73
111.79
112.82
113.31
112.71
103.32
91.01
87.27
92.90
93.59
96.19
94.02
93.50
91.47
88.16
90.77
91.02
93.92
100.52
97.84
97.46
98.43
98.30
92.02
88.22
88.42
89.94
91.42
91.75
90.71
94.58
104.16
110.86
104.12
97.89
99.59
107.19
106.75
102.06
100.11
104.59
103.15
100.52
94.05
87.71
86.21
88.70
98.52
99.59
94.52
91.39
92.72
91.19
95.71
104.26
106.91
99.42
91.16
89.59
88.25
86.36
87.53
87.82
87.45
92.34
101.61
103.68
101.00
95.28
93.47
93.68
100.10
105.81
108.73
108.40
101.49
94.82
95.49
94.23
89.27
85.70
86.44
89.09
100.36
108.97
110.19
109.33
109.60
108.05
103.47
92.43
87.54
91.16
91.27