101.93
104.79
109.29
103.65
97.18
92.68
94.81
100.29
95.75
94.30
98.18
103.94
110.86
113.17
112.63
109.86
101.34
94.50
92.10
99.18
100.76
92.22
91.25
102.86
103.46
93.83
85.60
85.27
88.14
90.55
90.72
93.00
101.25
104.75
106.71
109.78
104.91
102.75
107.99
107.01
100.95
91.88
91.66
95.65
104.64
107.54
110.31
105.63
101.83
105.09
101.80
89.95
88.85
99.07
109.62
113.11
104.75
97.64
92.40
95.08
96.03
92.37
89.21
93.13
97.81
95.22
90.42
91.15
90.36
87.48
89.02
96.40
99.45
97.93
97.80
102.36
107.86
111.01
111.12
101.07
96.48
97.94
95.85
91.70
94.95
100.68
99.26
95.42
91.75
95.93
104.98
103.68
105.58
100.66
95.11
100.88
105.76
99.37
98.07
102.37
97.90
90.36
93.64
98.49
99.98
102.77
109.27
105.35
102.97
108.10
111.76
109.40
99.80
95.07
90.08
93.33
101.77
106.84
104.36
99.46
103.00
103.15
97.06
92.75
98.35
109.95
114.79
110.26
103.93
101.00
100.76
97.79
91.79
86.31
88.36
95.45
104.99
108.73
104.64
95.40
87.13
90.08
96.57
102.75