97.40
91.12
97.25
111.62
115.00
112.37
106.67
97.02
91.92
90.97
95.94
100.61
101.75
93.91
93.50
105.21
103.38
90.53
85.66
87.82
94.86
96.77
97.45
96.52
96.69
97.72
105.64
110.50
106.98
96.61
86.49
87.23
88.54
88.85
93.67
103.94
102.72
99.47
100.70
96.96
99.24
101.70
106.62
103.22
99.32
96.90
97.29
93.31
97.90
108.29
110.34
108.63
99.68
87.49
88.76
96.99
102.34
108.89
112.29
111.01
109.95
102.16
98.45
102.23
106.62
109.93
110.49
109.31
109.61
107.41
106.18
105.31
100.71
98.03
96.80
100.24
102.04
94.28
87.74
86.26
93.38
108.69
106.09
98.93
90.93
90.55
89.77
90.03
94.09
96.98
92.67
95.51
101.13
102.24
103.33
96.46
88.81
92.28
92.67
90.11
96.83
102.81
98.16
88.76
87.54
96.71
104.67
109.94
104.67
102.05
100.46
101.15
104.91
104.92
105.05
102.05
100.71
94.42
88.54
93.28
95.82
96.62
94.96
98.22
100.26
94.12
89.95
87.65
88.03
93.21
96.79
95.03
96.01
105.89
106.24
96.12
88.58
94.76
102.56
96.93
90.54
89.13
98.06
108.85