103.22
105.96
105.94
99.32
99.14
98.48
96.34
100.56
101.81
105.40
109.56
102.24
95.81
93.38
89.00
91.22
97.69
104.82
99.88
90.35
90.15
93.47
97.10
97.46
92.53
87.89
86.21
91.28
100.62
109.17
105.71
102.95
97.88
93.80
89.11
88.04
88.01
91.98
94.98
94.70
95.00
92.57
90.84
95.18
106.22
104.53
93.77
85.53
85.99
93.78
105.93
113.88
107.36
93.68
86.25
87.70
96.08
103.15
96.93
87.34
90.61
93.36
101.75
104.37
100.55
97.24
98.31
99.87
100.42
102.78
102.26
99.05
95.41
101.27
103.01
106.06
100.91
90.62
84.91
85.04
90.43
99.99
109.16
109.08
101.97
92.27
90.28
93.38
90.88
89.39
89.64
92.04
98.63
110.46
112.08
112.70
110.43
105.90
104.53
108.04
104.57
102.00
106.19
101.41
92.51
88.87
86.73
85.61
85.54
88.92
103.77
118.28
116.69
110.37
103.01
101.81
101.15
97.53
94.76
100.69
100.31
93.90
95.19
97.01
91.10
91.04
101.79
111.59
107.77
100.41
90.97
87.73
86.73
87.84
89.25
88.46
90.16
92.94
98.79
105.82
106.97
103.34
96.96
96.75