101.27
95.22
93.32
90.49
94.90
101.50
96.60
92.86
96.32
97.79
99.97
105.12
100.91
91.23
91.39
91.13
94.77
101.73
100.65
101.37
97.12
98.57
102.51
102.94
102.05
102.67
105.18
98.81
98.54
97.77
97.43
101.91
97.43
98.52
96.99
95.24
99.29
98.42
94.87
91.54
87.92
86.51
90.10
93.38
98.23
97.57
101.40
104.81
109.39
109.62
110.46
112.96
107.44
100.85
95.23
89.32
86.13
88.29
90.36
89.46
93.18
93.46
91.76
91.18
91.51
90.30
93.68
94.15
91.35
90.30
93.08
98.21
108.60
105.76
103.94
96.51
94.16
101.50
98.79
90.71
91.36
102.15
110.15
113.51
113.38
110.27
109.38
108.03
100.96
96.91
103.07
107.16
109.59
109.37
101.35
96.71
98.58
105.78
111.79
108.21
93.89
91.47
94.65
101.91
110.75
113.93
112.62
102.99
97.63
95.09
89.64
85.61
88.55
92.71
101.39
107.48
106.51
107.26
103.83
100.48
97.61
94.76
97.20
98.69
104.11
99.46
95.52
90.96
92.14
96.34
101.27
101.09
97.80
93.21
97.74
97.00
100.11
98.37
100.64
102.17
98.78
95.80
93.74
99.77