96.54
89.44
95.45
106.16
105.86
101.36
103.31
103.65
102.32
99.94
102.24
109.22
107.22
94.35
84.50
83.99
88.96
101.35
104.06
103.82
98.88
100.68
109.08
109.65
109.59
109.86
108.52
104.24
99.54
100.17
106.35
105.59
101.25
92.80
86.82
92.55
100.59
100.59
98.94
101.84
96.60
97.02
103.02
105.74
101.98
95.82
95.83
94.14
99.66
103.88
107.32
110.15
102.71
92.00
95.03
104.68
106.40
104.88
101.24
104.21
102.24
103.58
107.01
102.04
97.92
103.44
104.15
102.45
98.05
97.45
99.22
96.07
93.01
91.17
88.79
95.61
106.16
112.18
114.76
109.68
100.87
95.95
93.40
93.75
92.89
90.71
97.78
105.47
103.15
99.53
98.45
92.40
88.13
93.21
96.12
102.50
110.72
114.67
108.88
102.46
98.82
97.34
103.60
106.60
101.58
100.12
97.12
101.05
109.32
106.17
101.18
104.73
105.37
96.34
86.53
87.59
100.26
110.44
105.00
92.70
87.06
88.22
96.95
99.41
105.38
110.96
114.40
107.25
90.14
85.66
88.91
91.69
98.72
102.67
108.31
111.53
109.70
97.60
86.85
84.36
85.54
89.58
103.32
114.98