97.56
92.33
104.59
109.97
108.19
106.86
100.32
99.93
103.37
101.99
97.55
97.68
94.30
95.16
104.08
112.57
115.76
115.30
112.03
105.28
96.53
98.53
95.99
90.16
90.73
96.55
101.90
103.55
98.62
97.90
101.66
104.67
97.79
92.06
89.32
87.59
86.90
89.46
96.29
95.85
94.29
91.53
96.26
104.92
101.45
95.44
89.16
86.13
87.61
88.08
94.40
108.46
110.04
105.04
105.82
110.30
113.16
109.06
97.17
90.28
91.22
93.93
100.60
108.66
113.22
110.23
107.26
98.56
95.95
94.26
96.82
104.90
109.84
104.83
100.89
101.55
100.74
97.36
89.71
87.04
87.34
93.93
104.62
108.81
101.71
99.90
97.26
89.16
86.77
91.57
100.82
104.38
105.50
101.84
102.64
98.38
91.56
89.12
95.40
100.96
97.47
93.24
90.19
89.66
95.85
98.19
103.15
110.83
110.36
100.09
94.35
100.93
107.03
102.02
96.12
97.71
100.09
100.41
96.81
97.32
99.31
104.03
104.02
96.36
88.42
88.89
92.20
98.29
107.50
108.47
104.67
105.04
110.40
111.16
104.83
92.08
87.48
86.51
91.19
93.63
101.33
109.57
107.36
99.49