100.36
94.94
96.46
98.26
93.48
95.78
104.47
106.50
105.30
104.45
103.63
96.26
89.65
88.79
88.20
95.21
99.16
99.76
99.36
93.38
87.99
90.20
95.44
105.17
110.22
106.98
106.73
102.01
92.55
88.42
86.65
86.33
91.51
94.33
97.77
94.85
91.05
96.93
98.25
95.53
97.32
104.45
106.68
106.98
106.87
98.14
90.46
88.97
93.81
104.87
112.88
113.11
110.10
100.10
97.51
106.46
113.48
113.40
111.00
107.29
100.25
93.35
94.16
93.23
96.03
98.35
102.46
105.25
108.02
106.23
100.71
95.72
93.60
97.31
100.22
106.35
101.59
88.91
89.87
94.45
91.03
94.17
102.70
112.13
115.08
111.31
100.16
94.59
96.93
105.58
102.44
101.69
107.75
105.70
95.21
95.93
98.58
92.38
87.05
85.33
88.96
99.23
104.81
101.89
102.22
102.35
100.48
104.11
104.37
105.69
107.51
100.31
96.83
100.42
105.63
107.62
108.44
105.30
96.71
90.65
97.21
100.80
103.27
100.55
92.14
94.66
95.58
92.44
88.03
87.63
95.95
101.93
96.97
88.80
90.98
95.91
104.04
104.74
96.76
92.78
97.69
96.79
89.73
93.50