96.66
89.02
95.04
110.51
117.33
117.33
114.51
111.42
109.80
105.49
98.64
100.91
102.80
104.74
99.62
95.05
91.20
93.70
104.29
105.34
105.27
108.59
112.25
107.70
104.87
103.09
94.71
90.49
89.24
88.06
87.05
91.97
95.21
91.35
90.18
92.80
94.20
97.89
104.83
110.40
110.56
109.85
107.47
107.51
109.81
109.15
109.02
106.70
106.45
107.64
110.69
110.98
109.81
106.87
96.64
88.62
89.01
88.76
95.35
107.34
110.86
104.26
97.34
93.98
91.19
87.89
90.51
93.44
96.62
106.29
110.82
103.53
95.95
92.12
97.20
105.41
103.21
95.36
92.37
95.38
102.37
103.42
99.11
102.67
104.18
107.75
102.26
93.95
97.02
103.34
107.83
102.95
93.62
90.87
96.90
106.76
107.67
109.34
111.35
105.72
101.00
102.57
97.02
88.38
87.97
89.88
93.06
95.38
95.30
92.38
90.75
97.37
100.94
96.37
93.90
91.54
94.86
101.64
99.40
95.97
94.94
96.16
99.27
99.39
103.62
106.79
110.27
108.03
101.89
92.21
85.30
84.74
85.68
87.65
95.91
108.69
113.65
109.89
105.01
96.30
87.35
86.96
91.71
97.68