96.75
88.22
86.85
90.19
96.31
101.46
106.52
105.25
107.72
106.50
99.45
91.37
87.65
88.76
97.62
105.70
103.29
103.85
106.72
103.31
96.56
95.57
94.95
89.01
88.17
97.71
99.31
96.31
95.12
99.79
97.18
91.85
89.52
92.34
103.06
104.93
101.12
99.03
102.77
100.65
94.15
91.31
98.51
109.34
110.72
107.12
97.92
95.54
103.63
103.65
103.01
99.83
91.44
85.13
84.16
86.21
91.10
94.89
100.12
98.14
102.79
110.44
114.30
107.24
91.07
86.12
88.47
94.99
94.15
90.73
95.05
98.69
106.25
108.54
105.53
96.82
96.82
105.27
104.40
102.56
103.10
105.46
108.95
102.85
95.47
92.12
88.09
87.09
91.84
104.17
109.40
108.68
99.15
92.33
97.57
105.90
108.40
101.33
93.18
89.41
91.78
100.82
110.50
105.96
94.31
95.07
107.41
107.28
104.85
96.55
89.05
89.60
91.65
90.47
93.45
96.05
101.44
101.89
95.28
92.85
98.38
97.79
91.95
95.50
106.99
110.66
108.66
105.30
97.96
97.94
106.86
109.48
100.92
92.70
97.84
101.38
94.96
93.03
89.88
92.87
103.39
103.50
98.77
91.14