101.34
105.24
112.74
108.20
103.92
99.41
94.18
93.79
92.19
87.36
88.40
96.58
110.08
106.72
105.01
103.04
97.09
92.91
100.46
103.40
99.03
91.86
93.95
105.40
113.73
115.67
115.25
112.57
106.27
102.89
102.56
103.78
99.21
95.93
92.72
88.81
94.28
105.79
106.62
99.45
91.09
86.66
91.58
94.13
93.57
97.46
97.05
91.99
94.48
95.64
99.96
97.45
99.60
105.79
100.37
89.11
90.97
96.27
103.10
108.39
106.51
104.51
106.52
105.81
103.59
105.77
102.55
100.21
93.92
86.69
88.92
101.04
105.00
104.28
95.45
87.19
87.13
91.55
93.07
99.20
96.73
100.78
104.79
107.84
111.80
112.17
108.38
99.14
95.94
101.72
104.42
100.78
94.15
92.30
97.61
99.43
102.58
107.43
111.52
109.87
102.40
94.81
99.31
108.71
113.50
106.06
93.96
89.37
94.55
99.33
100.82
105.80
107.16
99.59
98.27
105.97
105.60
95.48
86.18
87.80
91.84
93.90
98.40
94.60
94.48
101.11
103.64
100.64
97.38
93.69
93.88
94.34
94.84
97.41
96.86
102.81
108.08
107.32
100.59
93.37
87.75
85.15
85.41
89.57