97.48
88.10
87.41
96.33
109.22
116.29
116.56
115.57
110.75
99.95
93.83
94.77
96.45
103.92
106.99
97.87
85.99
84.27
86.11
93.26
103.11
112.47
110.03
99.23
90.88
88.53
87.83
92.05
98.84
108.68
111.63
111.66
107.54
104.34
103.96
107.38
106.78
107.42
107.43
98.47
93.63
98.76
99.11
95.73
92.96
91.30
96.60
103.89
108.07
109.20
109.34
106.18
102.24
94.81
93.98
100.28
98.58
97.06
94.78
99.67
108.27
112.34
104.50
88.32
87.14
100.50
113.30
110.55
107.29
105.21
99.02
98.12
99.42
94.62
93.07
97.33
104.80
110.79
113.63
109.52
99.00
89.65
87.14
89.85
97.76
97.11
95.54
98.17
95.34
99.60
109.62
113.32
114.48
109.54
100.73
93.17
94.66
105.67
105.12
93.28
89.01
89.74
90.74
95.92
103.76
103.24
99.04
95.31
92.95
98.32
100.26
99.43
92.32
89.74
88.07
87.17
86.81
87.63
87.63
91.92
93.54
90.90
87.92
88.19
90.60
94.81
103.78
110.33
105.86
93.75
87.02
93.63
107.42
115.11
113.74
108.41
103.84
95.67
86.77
88.99
100.66
106.92
109.51
107.00