100.81
101.82
108.09
101.70
90.40
89.12
100.60
110.14
105.94
98.40
94.69
93.81
100.07
110.02
113.99
114.94
112.31
105.36
93.87
91.00
99.01
102.35
103.12
97.71
95.01
97.25
99.04
94.58
90.91
92.15
95.32
91.66
89.45
93.52
93.67
90.63
94.85
107.87
108.04
99.11
98.58
100.60
95.11
89.91
89.52
90.89
90.08
96.79
102.25
97.44
99.94
103.27
99.45
94.41
89.86
92.58
95.82
103.47
101.71
94.89
95.27
94.01
95.15
94.15
99.29
106.56
106.03
101.88
92.47
93.18
100.53
97.64
92.11
93.84
95.05
93.72
100.77
99.28
95.12
89.66
94.92
99.09
96.61
96.42
101.12
104.65
106.56
109.28
102.05
88.02
85.47
89.57
91.22
89.62
88.57
91.16
94.72
97.18
92.41
87.92
88.31
94.78
103.16
102.61
103.37
103.99
96.57
87.68
91.90
99.20
96.46
89.95
86.43
88.34
90.82
90.15
95.67
95.67
94.77
96.77
103.86
107.98
106.00
100.50
98.35
92.77
91.41
93.05
92.62
96.73
100.04
103.70
104.54
105.43
109.43
113.58
114.27
111.67
105.06
97.68
92.68
94.46
100.94
98.22