98.47
95.94
109.74
114.78
114.61
113.41
105.17
93.66
92.54
102.61
107.63
99.24
95.10
101.20
110.37
111.58
111.80
108.92
104.63
104.03
106.10
108.90
105.99
99.80
98.88
101.03
103.66
97.79
95.30
93.22
94.76
104.64
113.39
114.57
108.01
103.35
106.39
101.84
93.92
93.22
98.56
98.26
101.41
101.99
97.14
100.34
101.37
98.21
93.17
88.25
86.45
86.02
89.99
99.07
100.17
95.36
98.35
104.67
110.83
107.61
98.89
99.96
98.76
96.22
98.65
96.34
91.78
91.95
96.74
101.36
107.97
112.30
109.82
103.43
98.39
100.69
99.01
95.95
90.86
88.77
89.01
96.89
97.91
98.10
101.08
96.04
89.24
89.88
95.75
95.43
96.01
96.53
102.40
105.47
108.06
111.16
113.16
110.94
98.36
87.41
85.36
86.86
91.08
97.27
96.66
93.30
98.57
108.30
103.88
97.11
92.94
99.86
109.51
104.53
93.73
95.54
97.68
92.03
88.33
92.45
92.58
95.18
102.78
101.74
101.60
106.08
106.97
99.35
92.38
94.48
99.55
96.34
94.94
102.45
109.47
103.68
90.19
83.81
85.54
92.97
101.36
101.00
92.27
92.17