101.13
95.25
94.93
99.12
98.10
100.67
105.03
104.46
99.73
102.71
106.72
110.43
110.77
104.29
102.75
107.87
104.86
101.04
97.87
96.15
94.82
98.02
107.06
103.72
93.89
90.11
95.92
97.58
96.81
93.80
97.74
104.72
109.61
104.24
90.39
90.20
94.12
98.80
100.34
97.73
93.71
87.99
87.19
91.48
92.40
91.32
94.06
93.48
94.94
96.17
96.48
98.67
107.14
104.38
94.30
86.12
84.63
86.91
87.48
86.90
87.58
89.21
91.96
100.62
101.49
106.51
106.47
104.47
99.08
91.33
94.82
106.53
108.25
108.51
107.82
101.06
95.97
101.87
101.27
94.44
94.20
100.61
104.28
109.27
103.90
98.88
95.64
88.93
85.56
89.25
92.41
91.28
97.34
102.85
105.55
109.00
106.09
94.95
92.29
103.52
108.85
106.45
101.27
103.70
107.32
109.13
108.70
106.65
99.46
89.83
88.74
94.50
93.62
91.73
91.25
89.93
87.83
86.23
88.72
90.65
90.48
90.49
91.87
98.04
96.30
98.90
104.82
110.73
104.34
92.50
89.08
93.77
100.38
107.40
112.04
106.25
93.77
91.95
99.86
108.71
109.76
102.14
95.06
91.77