100.35
93.68
92.35
94.81
103.26
113.48
115.87
114.67
111.17
101.14
95.09
90.98
93.10
95.16
93.42
98.91
101.97
107.37
110.02
111.96
104.89
99.10
100.77
95.87
92.13
98.63
101.94
96.02
87.29
90.65
99.23
97.82
100.23
107.77
103.05
98.21
101.64
103.79
96.74
88.33
89.39
96.41
100.37
103.04
99.47
101.89
109.41
112.29
111.10
101.74
92.57
92.54
103.40
105.67
95.59
85.45
83.78
88.66
97.05
100.54
104.45
110.60
112.21
110.61
106.36
104.83
104.95
104.04
102.30
101.68
94.04
85.66
87.25
89.72
93.11
97.41
95.36
95.22
95.63
94.35
91.67
96.29
96.45
102.00
110.32
106.43
103.88
104.92
107.53
103.48
103.22
108.14
103.66
95.31
89.14
86.94
86.61
86.27
87.77
93.26
108.88
106.66
93.03
90.77
103.58
114.25
110.34
102.64
100.60
96.07
97.40
95.56
100.25
110.46
113.09
108.05
103.72
106.64
109.62
104.49
97.86
98.31
96.26
91.22
87.39
85.94
90.96
93.02
93.10
100.50
110.41
110.02
107.30
97.54
86.99
84.90
89.98
105.37
115.85
114.59
106.74
94.47
90.33
98.31