99.16
99.41
111.24
114.32
113.42
108.31
97.76
89.61
85.82
89.87
102.92
111.39
106.76
103.93
99.70
92.96
94.10
101.71
110.74
115.47
112.63
98.74
88.08
85.29
86.37
93.97
103.23
98.37
95.84
91.67
86.66
84.94
88.26
94.84
99.34
95.01
90.59
89.08
97.75
105.44
110.45
105.17
103.59
106.12
108.23
108.62
102.39
100.45
101.65
101.73
102.64
103.38
105.75
101.21
92.47
86.29
88.62
89.58
94.41
104.71
101.99
101.86
102.76
104.50
101.11
102.10
106.65
103.85
97.22
95.22
99.91
99.30
90.97
89.54
97.50
106.98
104.43
99.07
94.91
93.19
91.43
93.32
97.53
102.24
108.38
111.80
104.03
100.52
100.46
99.91
101.22
98.98
100.02
101.02
96.49
90.12
92.31
93.04
92.77
97.86
104.52
110.70
114.44
109.29
101.34
95.51
90.77
96.14
103.01
99.14
92.04
94.46
99.45
97.91
94.19
91.10
88.61
88.98
89.89
90.55
97.75
101.85
100.60
98.22
101.48
106.32
109.40
104.91
96.39
97.35
106.74
103.81
96.02
90.44
87.57
85.93
88.88
90.47
89.50
90.00
88.60
92.43
93.87
93.36