99.60
92.98
91.76
92.70
90.06
87.65
86.28
86.61
89.84
90.91
97.53
108.65
109.59
99.64
88.59
90.16
103.71
102.85
98.34
94.65
98.22
94.87
91.17
92.34
93.15
89.85
87.90
92.62
98.71
99.35
97.54
97.01
95.92
92.48
87.78
86.92
94.02
108.55
113.05
107.52
100.73
98.84
95.08
96.91
104.87
107.94
106.52
101.99
92.52
94.17
103.46
99.42
89.85
90.28
99.27
101.52
92.99
87.69
93.11
96.34
102.63
104.74
102.85
103.74
103.51
96.37
90.06
87.21
87.84
93.86
99.98
108.16
105.81
104.41
103.02
105.42
106.27
101.27
99.99
100.82
103.69
98.08
95.58
94.25
98.36
99.01
104.31
107.98
102.03
97.13
91.27
93.06
105.42
105.30
100.42
94.79
97.78
108.24
105.83
102.64
105.07
108.17
107.34
104.99
96.27
92.87
99.71
109.94
105.55
92.50
87.11
86.16
92.80
100.15
109.47
104.86
102.40
99.94
102.38
100.81
97.54
100.44
106.03
99.76
93.32
94.04
100.84
109.86
107.23
103.94
97.70
89.50
90.06
102.01
109.07
102.55
90.19
90.81
104.62
112.38
110.63
97.87
85.11
87.69