97.49
89.45
90.83
94.60
101.86
105.80
98.57
94.73
90.96
88.72
96.04
105.20
109.93
109.91
102.38
93.86
94.96
95.93
101.67
110.77
115.57
116.59
109.19
96.42
86.65
88.29
90.29
94.25
105.03
106.13
95.62
85.96
84.31
88.23
101.60
114.65
110.40
104.09
101.38
98.75
91.81
94.92
103.02
106.10
108.39
110.89
111.67
103.57
96.70
97.29
96.10
96.13
92.19
97.33
104.70
110.35
108.04
107.26
110.33
111.99
111.66
101.80
93.91
96.46
102.78
108.35
102.98
91.16
91.19
96.46
103.89
111.68
113.54
107.58
102.10
104.58
104.81
106.90
107.61
103.34
92.70
85.96
87.16
90.71
92.69
98.32
101.10
103.40
98.10
89.69
88.27
95.62
99.14
98.75
92.07
93.14
102.11
107.86
102.69
91.45
89.14
95.76
96.61
96.13
90.87
86.33
85.47
90.48
97.19
106.76
102.46
90.76
88.67
88.37
95.00
102.13
110.44
109.05
108.75
101.54
89.57
90.92
103.61
101.28
101.91
103.12
104.93
108.54
103.67
91.76
92.52
94.48
101.88
108.49
106.95
103.31
101.83
105.62
108.91
109.63
104.87
92.97
84.77
89.45