98.63
90.20
93.73
103.75
109.13
103.56
91.38
90.39
100.14
108.38
112.29
110.72
106.64
105.32
103.80
99.59
99.00
101.10
97.47
94.77
98.73
106.60
103.80
101.60
96.33
89.40
87.84
94.42
101.87
108.46
109.56
104.46
103.04
107.07
100.85
96.65
95.26
94.38
93.07
94.61
94.10
90.25
92.67
93.58
90.16
86.54
86.40
92.64
105.66
104.21
96.60
87.90
90.35
101.52
110.08
103.03
88.69
84.15
85.90
89.16
99.98
101.09
92.47
87.91
94.40
110.11
110.47
99.41
93.14
91.20
96.94
103.13
98.79
92.26
95.28
105.89
105.15
105.13
106.04
109.76
112.91
111.39
107.32
103.07
100.02
94.14
87.15
88.83
94.31
99.17
95.08
93.95
101.57
104.83
96.76
88.90
94.31
107.33
103.49
92.89
88.07
88.85
98.35
109.34
107.31
96.10
90.79
87.93
90.24
94.49
99.77
98.28
101.50
106.25
103.11
104.50
100.33
101.38
104.10
101.10
96.92
92.72
97.89
104.31
105.00
95.41
89.99
87.54
87.02
93.05
104.60
109.78
110.32
104.30
101.22
105.12
106.25
107.20
108.05
104.88
98.34
98.83
103.51
105.65