99.34
95.44
95.65
94.74
95.79
103.13
103.02
97.63
101.66
108.16
109.08
100.15
96.16
93.16
93.20
99.97
105.38
104.66
102.67
100.23
102.15
96.70
91.74
95.07
94.08
96.20
105.57
110.56
102.69
95.34
99.53
101.88
99.35
102.05
101.50
103.33
103.53
105.81
108.58
108.87
106.74
104.30
97.41
87.15
89.47
104.44
104.31
100.98
94.61
94.11
91.56
97.07
103.93
110.79
113.04
107.10
96.15
87.93
85.93
86.50
91.99
103.52
102.83
103.89
97.42
91.54
93.35
101.93
104.49
107.18
108.11
104.85
103.22
96.00
95.42
92.46
91.84
99.24
107.87
107.11
103.63
105.40
109.01
111.21
109.66
104.50
104.50
109.52
107.71
99.09
95.95
103.54
106.91
108.71
109.33
103.27
96.59
92.91
96.57
106.47
105.45
105.72
108.99
111.08
112.54
113.90
112.41
102.09
88.73
89.66
102.91
110.34
108.81
108.91
106.85
100.79
94.81
88.82
85.03
84.47
85.80
90.94
101.82
101.39
98.76
95.67
98.99
99.56
98.05
103.05
111.60
111.40
109.22
102.86
93.78
96.81
97.98
99.20
106.21
112.15
106.29
95.02
93.62
93.71