102.96
108.96
114.25
113.95
104.18
92.03
88.56
96.39
100.41
103.88
110.20
114.24
114.78
110.69
107.21
104.77
105.83
100.03
91.14
85.37
85.43
87.18
89.56
96.50
108.36
106.48
102.50
100.37
94.01
92.05
97.41
108.62
113.22
104.86
88.08
88.17
92.48
98.45
109.30
107.77
101.30
93.36
94.33
93.24
92.97
90.49
95.01
105.49
105.41
107.44
112.15
106.68
102.95
97.86
91.60
96.91
98.44
98.25
96.20
91.02
89.29
89.24
97.71
105.37
104.45
94.55
86.81
90.75
98.54
106.01
107.72
98.67
88.51
85.97
91.97
97.61
102.82
103.81
96.71
95.72
100.10
98.25
90.10
90.89
98.12
105.05
111.37
105.77
90.69
83.40
85.13
87.81
90.84
97.17
96.35
94.51
91.76
91.61
91.59
100.25
109.40
112.15
107.96
95.57
93.35
102.00
101.22
95.79
88.69
91.61
92.94
90.49
87.21
91.83
100.04
102.15
99.54
103.84
103.63
101.69
105.01
102.01
95.80
98.25
103.88
110.33
105.61
94.72
92.34
98.87
108.37
109.29
103.35
102.24
97.69
89.20
86.05
85.45
88.94
103.06
117.28
118.84
117.43
115.87