102.77
107.84
106.75
99.20
97.63
99.46
102.43
104.89
102.64
98.27
89.89
86.86
89.60
90.19
94.51
96.34
95.04
96.54
101.78
108.22
104.58
103.17
107.61
103.90
103.07
101.70
99.08
101.72
105.84
108.70
107.09
101.49
96.01
93.63
92.86
94.90
93.65
99.67
108.77
107.14
101.38
99.15
100.70
101.85
98.71
102.71
105.82
100.96
93.60
97.37
99.51
104.47
103.57
99.94
95.91
94.32
98.94
96.42
91.33
88.49
86.37
91.83
93.70
97.04
107.01
112.05
113.29
106.08
92.26
91.60
92.38
96.18
97.75
95.35
93.00
97.51
105.16
102.62
102.95
109.33
108.67
103.79
95.11
93.02
98.41
95.57
97.20
96.80
93.52
90.67
89.30
93.85
104.28
106.84
99.97
98.43
96.19
99.72
100.44
96.21
95.99
103.08
100.51
90.39
90.27
100.63
105.50
102.60
103.80
108.40
103.48
91.92
90.94
91.93
98.22
103.87
97.34
91.19
94.66
104.42
108.17
105.38
102.23
94.34
86.86
86.00
91.23
98.13
98.49
99.92
107.15
105.13
105.26
106.06
105.91
97.61
87.79
92.13
96.52
101.38
106.08
106.76
100.34
93.62