103.27
104.41
104.50
99.11
96.22
102.46
111.61
107.86
101.89
97.53
102.18
102.57
96.25
94.37
98.43
94.37
89.94
93.38
94.78
95.93
91.96
96.04
100.64
105.33
108.04
111.16
109.03
98.44
89.41
91.47
99.73
108.82
111.13
104.22
91.94
87.21
86.78
86.79
89.97
91.02
88.45
88.99
92.89
99.87
99.29
96.28
90.70
93.43
100.87
100.70
95.90
89.74
87.83
87.49
90.71
95.32
105.56
112.31
115.05
112.09
107.57
102.33
103.89
108.91
107.11
102.80
101.77
96.80
91.08
92.79
103.92
113.84
115.82
111.39
98.43
87.05
84.50
85.97
92.98
102.75
107.27
109.65
111.71
103.57
93.06
87.98
93.75
100.72
95.83
92.56
98.50
96.69
91.85
97.12
98.18
101.63
105.51
104.76
100.21
102.31
107.05
103.06
102.89
100.67
91.99
89.20
90.07
91.53
98.32
98.28
91.36
94.00
93.84
91.95
88.56
87.53
87.97
89.63
92.42
99.86
99.19
96.85
95.94
93.27
89.21
91.42
102.25
109.37
103.46
92.45
90.37
99.58
99.89
91.64
90.94
91.00
87.88
90.17
93.71
104.30
104.45
103.08
107.93
111.54