100.19
92.03
92.36
94.74
99.11
104.24
98.79
97.61
102.47
106.74
102.46
93.23
90.64
90.24
97.64
105.20
111.47
114.85
115.97
111.97
106.54
99.82
96.10
92.66
87.32
91.84
93.27
98.78
99.26
103.13
101.55
104.61
108.56
109.42
105.69
102.56
99.85
96.49
92.00
94.08
92.65
88.18
87.73
96.45
111.35
117.11
114.46
106.55
101.03
95.88
88.75
87.06
91.36
98.91
96.40
90.91
96.30
106.23
106.06
104.21
98.42
99.72
104.33
103.00
99.64
92.59
95.82
101.44
107.65
112.37
114.84
115.20
114.77
112.78
106.01
96.80
88.97
86.96
91.53
93.26
89.57
94.34
95.40
101.24
106.63
111.92
106.51
99.26
98.20
96.52
102.00
111.38
109.91
98.73
92.94
96.92
96.35
94.91
93.12
88.87
91.80
102.54
111.73
109.70
105.73
103.47
100.57
102.39
101.89
93.56
90.79
98.78
101.06
102.47
96.74
88.36
86.45
89.07
90.84
89.29
88.57
89.01
89.29
89.32
88.28
93.40
104.32
114.22
108.75
94.88
93.13
104.78
112.20
113.83
112.71
110.77
105.43
99.85
101.82
98.05
90.09
92.29
94.45
98.36