101.48
103.09
109.79
107.84
104.94
105.16
107.38
107.14
108.70
104.06
102.55
102.36
102.81
102.56
95.62
88.37
86.56
89.70
97.55
109.10
112.44
103.45
89.16
85.47
88.68
92.30
90.69
91.84
93.77
95.32
91.11
89.23
93.05
94.79
92.91
96.68
108.63
109.92
106.91
100.34
96.11
97.21
101.71
99.99
92.30
95.96
96.19
92.54
91.63
88.83
94.64
107.02
105.31
104.89
109.53
109.10
106.54
100.17
89.24
86.01
87.88
88.97
93.06
98.31
101.05
104.73
106.86
100.13
93.15
89.56
95.84
98.28
102.22
103.09
101.79
96.12
87.87
91.55
107.16
109.80
98.93
90.82
94.46
104.67
100.56
93.82
92.97
97.91
99.73
103.21
98.33
93.68
89.84
96.05
106.27
108.88
103.11
90.98
84.81
86.50
96.63
113.65
116.92
107.17
93.52
86.38
89.51
91.95
92.53
99.38
102.33
106.07
111.29
108.26
94.58
88.74
95.59
105.67
109.63
103.72
101.63
105.36
100.30
99.09
99.39
96.23
93.94
94.93
91.98
90.84
88.45
92.01
95.39
97.72
106.14
110.92
110.13
108.89
99.79
90.34
86.81
89.54
100.29
109.92