101.92
103.52
101.73
91.92
91.65
92.27
91.23
98.06
111.05
108.19
97.01
92.39
97.11
98.16
96.87
100.11
95.74
88.19
89.78
91.09
90.53
89.55
90.15
88.87
94.51
105.15
108.71
108.78
100.31
95.85
102.58
111.80
106.50
91.66
84.17
88.35
96.08
100.67
107.09
106.62
99.78
95.83
91.34
87.42
89.87
97.34
101.83
103.98
109.23
108.47
107.35
100.31
100.06
104.95
105.45
96.33
92.48
98.08
96.07
97.02
97.63
96.24
103.03
103.93
101.14
96.35
88.91
86.25
92.21
99.73
108.49
113.07
111.91
103.36
89.47
84.61
85.28
86.15
87.11
92.53
96.78
104.53
108.16
111.49
108.04
97.94
89.73
89.25
90.12
90.96
89.37
87.38
88.20
96.58
99.10
93.25
89.90
88.33
87.70
91.48
102.79
112.72
116.21
109.08
100.47
97.92
101.53
101.45
95.03
87.88
84.87
87.52
94.89
100.13
102.15
96.86
93.60
92.69
100.38
108.70
109.03
108.21
110.53
111.35
108.63
98.68
90.54
87.04
86.47
92.66
103.01
106.63
106.69
108.95
112.47
108.48
103.09
98.81
91.21
87.59
93.17
104.11
107.00
104.58