101.07
105.31
105.32
106.45
108.91
111.16
111.76
110.86
110.19
110.43
109.36
105.00
99.57
96.58
101.70
107.43
105.13
95.17
92.26
98.73
101.11
101.58
99.27
103.15
108.81
105.85
96.01
89.94
87.31
89.71
90.28
90.67
91.66
98.46
103.34
101.30
93.87
93.92
101.78
103.08
100.49
99.70
99.75
106.03
102.15
97.74
98.80
104.92
109.33
105.76
105.46
105.49
104.06
97.14
93.61
96.84
103.57
105.70
106.81
109.70
105.49
100.42
98.00
92.30
86.66
86.89
90.16
93.39
102.77
112.96
115.17
105.72
96.20
96.83
93.35
90.57
91.54
101.83
105.03
96.29
90.94
88.64
93.29
99.19
96.17
95.58
101.17
99.12
102.62
109.05
106.28
103.98
104.81
106.02
106.78
108.73
105.32
92.22
87.38
88.77
90.92
90.98
96.75
109.61
107.33
95.36
86.84
86.07
89.39
89.40
90.89
96.34
97.62
97.10
93.84
91.55
91.76
91.75
92.76
101.36
109.70
109.98
101.37
99.26
103.37
98.42
97.83
98.03
92.95
97.09
104.37
104.76
94.65
86.87
88.28
96.98
108.06
107.06
107.25
107.41
102.59
92.95
86.70
91.20