100.48
103.09
109.28
105.13
98.19
100.75
108.12
107.97
104.10
104.88
106.88
98.29
92.90
88.83
88.43
88.60
94.02
105.90
111.50
105.37
92.20
88.95
97.03
109.27
111.34
103.68
90.25
84.42
86.27
91.66
102.36
102.78
105.86
111.19
112.75
104.31
93.77
96.32
105.34
104.09
100.96
93.77
89.32
87.12
86.47
85.85
86.30
88.40
89.62
88.39
90.09
101.02
101.44
92.18
90.95
100.94
102.21
96.30
91.71
88.82
89.94
95.27
95.83
90.58
95.26
108.41
104.96
99.77
93.46
87.93
85.97
86.08
86.06
87.10
87.84
87.94
93.16
99.42
108.28
114.87
108.87
101.65
99.12
104.88
111.35
110.85
109.10
109.28
104.23
100.44
102.80
102.84
105.91
105.00
104.21
104.15
95.55
89.51
95.06
105.90
109.63
102.84
89.25
85.46
87.60
90.65
96.85
109.26
113.47
112.13
109.05
101.57
91.17
85.89
88.38
94.48
94.78
93.06
96.82
95.14
93.45
100.29
102.03
99.51
93.08
91.81
91.89
95.72
93.29
87.94
86.75
88.17
89.13
89.62
88.69
91.54
95.74
97.26
98.47
102.67
98.52
100.96
107.09
101.24