99.47
98.63
109.42
113.05
106.21
92.39
90.18
100.14
105.67
100.23
95.08
97.40
97.60
103.02
107.70
111.44
105.47
91.36
85.67
86.97
87.46
87.72
95.04
110.11
110.01
102.52
99.38
102.05
107.13
110.76
109.22
107.91
106.22
108.11
106.29
100.02
97.78
99.91
106.79
108.03
104.32
105.41
101.68
90.84
87.14
87.77
88.41
94.04
103.84
110.44
111.00
105.32
101.07
92.72
92.34
94.88
94.77
101.76
107.74
111.21
112.60
112.58
106.27
102.11
100.03
95.17
98.73
101.20
103.34
96.58
89.72
94.33
102.34
107.52
109.18
110.58
102.75
88.84
87.82
92.69
98.56
105.71
102.20
101.27
98.06
95.84
95.65
103.54
102.61
97.30
89.59
90.47
96.71
101.19
95.13
97.32
97.92
90.85
86.77
91.98
107.24
109.44
105.46
101.36
98.13
99.51
105.11
107.98
106.39
96.77
87.86
89.00
89.75
93.57
94.72
95.57
99.47
102.71
109.24
112.28
111.42
110.69
107.76
106.75
109.68
110.75
104.67
98.07
100.97
100.83
95.66
97.31
93.99
89.43
92.54
91.92
98.46
101.77
105.24
103.21
100.45
101.76
102.80
94.96