99.04
92.54
94.04
96.91
98.45
97.32
98.21
95.98
101.47
104.86
107.69
110.11
107.58
95.47
88.09
94.66
101.59
101.29
93.59
95.65
95.77
94.16
93.01
95.68
99.32
102.01
107.38
112.77
108.12
99.21
96.09
96.63
103.33
111.67
110.30
104.39
99.83
97.64
95.70
101.09
104.49
107.75
107.45
99.58
95.48
96.68
100.60
95.16
86.62
89.87
100.66
101.49
98.84
98.45
97.21
92.20
95.44
102.60
110.69
105.59
96.16
91.37
88.82
88.10
89.29
95.69
102.99
102.60
98.21
94.22
89.45
88.91
90.55
90.34
93.24
102.55
100.40
99.07
102.85
102.04
94.69
96.66
95.07
92.15
98.81
108.37
110.94
111.61
105.27
100.96
94.65
86.76
86.82
93.41
98.28
102.88
103.09
95.44
89.94
92.15
92.51
96.75
103.52
106.69
104.57
95.68
93.05
99.55
99.14
94.55
100.23
103.78
95.76
87.47
89.21
102.39
109.12
107.75
104.27
94.16
89.43
90.97
100.21
104.83
97.16
96.93
94.74
96.50
102.85
107.57
109.84
102.59
97.97
93.50
92.27
88.86
91.67
96.51
105.26
106.43
100.66
91.47
91.25
94.37