97.05
87.65
86.29
91.29
105.09
109.49
99.90
91.30
96.89
107.24
102.30
92.98
93.87
103.27
109.55
111.57
107.11
97.71
98.02
106.69
105.81
95.15
88.64
87.01
89.73
91.35
99.57
110.05
107.13
106.48
104.36
104.99
104.26
100.71
98.26
95.23
93.83
92.09
92.21
96.68
105.57
110.54
112.75
113.01
112.23
112.43
112.35
105.78
93.97
93.43
91.86
92.56
101.60
105.81
105.58
104.68
107.91
109.49
105.96
104.74
103.50
98.79
97.49
94.04
93.72
93.79
96.24
105.34
113.39
111.71
108.70
100.23
96.99
100.14
95.84
92.21
93.41
101.21
99.78
97.82
96.34
94.29
90.26
95.07
103.06
98.84
95.48
94.74
93.97
97.53
100.61
96.65
96.75
96.87
98.20
102.38
104.22
100.30
98.05
101.43
108.97
109.52
99.63
91.36
87.32
92.11
92.94
92.38
90.52
95.60
104.84
107.51
102.40
95.69
90.51
93.14
104.59
104.50
94.23
85.67
86.49
92.58
102.33
111.92
113.03
105.64
92.37
88.28
94.64
100.07
105.44
100.83
93.63
89.08
86.90
88.40
89.29
93.75
93.36
89.43
87.45
92.95
95.51
93.71