97.58
93.55
97.55
98.04
98.12
101.40
101.40
95.23
96.03
96.74
100.32
105.56
108.34
109.40
109.20
102.53
89.64
90.32
103.93
102.95
96.81
95.64
104.48
109.22
102.23
99.02
104.51
100.75
99.38
99.85
104.96
106.47
105.03
100.34
96.03
93.23
89.95
95.12
107.20
113.54
108.27
92.87
84.87
85.66
90.38
96.91
106.34
107.57
99.56
90.02
93.43
107.35
106.80
105.94
104.89
96.58
93.73
96.29
94.48
91.46
90.47
91.35
90.95
92.83
101.81
110.35
113.99
115.27
112.22
106.41
104.83
98.14
91.37
87.96
86.58
93.01
101.05
102.17
102.04
102.71
98.93
94.72
91.40
93.11
98.40
102.55
102.40
105.14
99.76
95.12
90.42
91.82
95.32
97.70
94.99
93.89
100.86
101.60
101.28
107.35
104.79
98.86
93.16
87.14
85.61
88.86
97.64
101.39
97.76
98.62
105.38
106.61
108.24
102.36
92.90
87.15
85.69
87.15
89.68
90.25
90.16
93.80
92.48
90.76
91.64
91.08
97.86
110.33
113.90
106.47
96.02
93.60
94.49
94.84
98.77
104.03
109.16
112.38
110.78
100.96
89.01
89.37
93.14
99.92