97.89
90.58
94.64
109.68
116.77
109.83
101.60
100.25
98.34
95.54
91.16
96.71
105.57
107.58
108.87
103.35
98.27
95.14
89.82
91.15
94.68
102.86
106.62
108.15
105.48
104.92
106.66
107.04
103.64
100.66
95.99
89.87
91.22
95.60
98.97
100.59
101.83
98.78
103.03
109.94
108.02
104.50
101.35
94.56
86.98
87.90
89.05
93.26
97.70
96.31
89.85
86.98
86.99
91.16
103.69
109.22
104.55
97.16
89.64
87.80
91.47
99.26
102.34
96.67
89.52
93.17
102.28
109.24
108.16
106.99
101.52
100.77
105.32
110.85
104.88
101.07
99.26
90.96
88.06
89.05
93.00
91.43
92.36
95.76
96.90
94.78
94.24
97.67
101.65
102.96
96.58
90.21
91.15
92.23
90.07
94.34
108.01
112.66
103.70
89.44
85.74
91.53
97.91
97.42
98.43
97.16
102.81
110.91
105.22
90.06
88.14
91.51
89.54
88.44
91.25
98.75
103.14
109.50
105.66
100.78
94.26
89.81
94.41
101.58
100.28
101.96
105.60
104.90
103.70
103.63
101.22
91.52
91.00
102.57
111.12
112.90
112.73
106.27
96.07
89.42
89.49
92.05
99.69
98.46