97.00
90.50
91.53
96.27
94.65
98.30
108.33
105.39
96.87
89.37
87.12
94.57
95.95
94.66
92.81
98.61
109.00
108.72
104.40
99.27
100.93
105.07
108.11
107.11
98.66
91.34
95.36
94.83
99.23
105.58
104.29
102.12
95.36
93.96
103.96
105.94
98.99
93.41
95.37
93.28
97.47
96.12
95.56
99.52
108.29
112.93
108.69
104.85
102.26
101.47
103.16
107.69
109.27
111.05
106.11
103.54
100.37
100.76
103.70
102.76
101.04
98.68
96.80
96.12
99.17
102.65
96.96
87.89
86.43
93.16
97.21
96.14
94.91
93.25
89.41
89.06
92.10
98.55
101.83
105.78
101.75
101.00
97.30
88.73
89.60
102.19
112.94
114.29
109.01
100.89
100.23
96.40
89.31
85.67
87.64
98.64
101.71
94.51
86.90
86.57
86.87
92.19
96.98
94.34
91.96
93.61
96.40
102.89
102.42
105.81
101.80
89.95
91.38
96.09
96.15
100.78
99.66
100.30
106.19
107.05
98.29
87.37
88.79
99.02
102.76
105.62
102.27
93.06
85.73
88.07
90.41
98.04
98.61
100.77
99.17
92.38
86.25
86.15
89.13
93.83
99.38
100.77
96.69
97.69