98.80
92.19
89.89
90.68
90.02
88.69
87.98
88.74
88.73
90.41
94.61
94.26
100.48
112.01
112.89
107.11
103.15
97.60
99.57
98.92
94.15
89.11
87.32
88.40
88.08
90.10
100.15
103.60
95.03
94.34
103.71
102.95
104.71
103.80
95.74
92.96
97.72
99.90
101.24
107.50
112.91
114.35
109.25
96.30
85.67
89.70
100.23
98.88
90.50
87.44
90.16
101.57
114.07
116.62
112.58
106.70
106.09
104.48
97.00
88.54
88.70
88.52
92.26
101.69
109.95
103.12
98.60
95.72
92.03
92.40
90.16
86.95
89.94
99.45
105.57
107.10
103.37
101.97
102.41
96.48
91.20
87.93
85.77
90.71
96.43
98.94
94.95
92.00
90.10
93.53
101.10
106.73
101.20
95.13
99.21
108.75
111.25
110.64
110.42
110.86
111.37
104.67
97.60
89.84
93.35
102.60
106.27
108.22
101.67
98.60
96.79
100.42
101.85
93.62
86.38
88.69
99.50
108.38
108.51
97.99
96.11
101.57
105.82
103.36
101.30
101.33
97.57
95.86
95.26
91.94
98.11
99.06
102.50
109.90
113.49
108.19
101.50
104.29
102.41
102.52
101.28
101.51
105.26
99.30