98.05
94.34
96.97
103.32
100.43
90.52
87.51
91.39
103.07
108.07
104.46
97.35
89.18
87.77
96.68
108.65
108.35
103.01
103.11
104.69
104.66
97.21
95.66
103.35
110.41
111.89
110.31
108.69
109.71
108.22
99.70
88.52
90.31
93.60
91.73
90.33
91.27
92.80
98.47
103.24
99.08
100.74
105.67
107.87
110.25
112.32
107.30
92.31
85.87
90.08
91.25
96.46
95.97
94.87
100.30
105.93
110.74
109.62
106.60
105.06
102.07
92.90
90.78
95.24
105.25
110.45
112.89
112.85
111.12
108.09
100.63
91.87
92.65
95.64
104.05
101.44
93.61
92.96
101.02
105.88
105.70
102.67
98.30
100.28
101.46
102.10
106.93
111.18
112.92
104.80
98.08
93.85
95.44
96.32
90.13
86.95
86.57
87.35
86.92
91.02
98.96
97.30
94.40
95.21
102.80
100.48
101.97
108.85
105.87
99.43
96.99
93.53
90.15
86.72
89.21
98.44
112.03
109.52
96.22
90.72
92.49
90.19
89.29
90.19
92.62
94.33
103.01
111.83
115.44
114.41
104.89
97.83
92.59
97.58
108.48
113.55
108.39
94.69
89.83
92.33
98.96
99.80
92.84
89.92