100.10
98.51
108.26
114.15
111.34
106.51
99.69
97.18
95.80
96.03
94.95
101.76
103.46
105.00
108.30
103.22
99.49
99.48
94.68
87.06
86.30
87.00
86.28
88.22
92.50
103.35
103.90
98.39
94.91
92.57
89.51
94.46
94.73
99.91
102.54
103.98
100.68
94.26
89.46
93.96
103.43
108.32
104.98
104.08
108.36
110.53
102.10
88.26
85.68
90.24
96.28
106.16
108.62
109.68
103.71
92.49
87.25
94.11
104.13
104.05
99.39
93.80
88.75
87.09
93.29
97.72
102.27
107.32
102.65
98.51
103.42
106.10
103.19
97.39
96.57
101.28
102.31
104.59
99.66
97.25
92.48
86.54
87.34
94.33
105.97
109.75
102.98
93.25
87.27
86.45
93.50
103.73
103.23
100.11
99.77
106.84
104.77
94.88
90.08
97.35
104.11
100.02
93.25
88.34
87.56
88.97
92.47
95.37
103.46
106.72
100.22
92.33
96.33
97.79
103.38
100.91
99.43
105.99
111.21
107.29
99.28
91.16
94.86
107.48
109.78
105.43
93.80
91.00
96.93
96.39
94.00
96.18
92.56
90.05
88.88
87.96
90.75
97.02
95.09
90.95
88.32
95.03
109.53
112.51