102.04
97.53
96.07
93.74
99.76
100.32
101.61
108.65
105.32
101.53
104.42
98.85
93.42
97.42
101.87
104.58
109.91
110.27
108.55
103.82
96.48
94.97
100.01
106.59
104.70
94.25
85.13
88.01
92.02
100.70
100.55
91.59
89.38
93.63
93.24
89.03
89.36
88.67
90.99
91.54
92.42
91.46
95.91
98.68
94.24
87.82
91.26
95.77
93.77
93.17
90.97
97.65
111.42
112.09
109.87
105.91
95.43
88.84
90.24
94.49
93.03
92.07
90.08
91.28
100.13
105.34
108.02
108.18
108.64
105.10
97.83
96.75
98.81
98.33
102.70
98.69
94.40
92.58
100.45
111.55
110.90
99.48
92.53
89.64
92.16
91.50
87.44
85.41
89.31
95.04
96.61
96.02
103.24
103.18
96.17
88.57
85.32
88.92
98.65
106.28
99.97
96.60
99.94
105.33
109.90
106.64
106.27
102.37
102.54
97.08
94.88
103.74
110.72
107.41
95.50
92.20
91.07
90.16
87.84
86.88
89.63
99.68
113.73
114.78
113.41
113.72
110.61
106.60
100.71
96.61
94.71
90.23
87.41
92.40
95.47
100.16
100.25
95.73
98.65
107.94
111.76
107.83
96.48
92.22