96.45
89.98
95.09
97.31
100.31
97.30
90.98
86.51
89.16
90.60
89.59
91.03
91.32
98.80
110.55
114.33
114.86
112.86
104.28
95.38
98.22
100.84
103.72
102.24
92.22
85.81
89.77
101.88
111.01
113.24
113.82
113.19
110.96
108.44
108.81
108.68
100.34
93.15
90.58
97.63
109.36
109.99
102.65
93.05
93.28
100.52
107.00
101.59
94.61
98.80
102.87
105.28
100.24
94.34
97.87
100.17
104.52
104.01
102.83
102.20
97.27
89.86
86.34
91.77
98.19
105.39
106.75
105.59
100.92
96.03
99.00
99.00
101.06
106.27
103.17
98.97
91.67
88.07
87.24
91.93
98.07
107.32
105.38
99.90
99.52
103.92
99.37
95.96
94.30
92.32
90.60
94.41
104.65
112.94
114.20
106.35
96.43
98.76
104.15
106.74
102.76
90.99
83.92
84.05
86.17
89.16
91.44
95.43
97.35
102.00
100.43
103.64
110.65
109.46
108.76
102.65
93.93
87.43
86.30
89.00
100.61
112.08
115.63
112.90
105.24
101.16
102.14
107.88
109.80
102.81
89.86
85.86
86.51
86.43
86.29
91.46
107.12
116.48
111.82
100.26
89.56
87.08
89.24
91.87