96.99
87.37
88.64
102.60
115.26
112.76
110.39
102.26
95.74
90.70
88.15
93.41
99.18
106.81
105.95
106.97
108.79
109.77
104.87
92.20
90.84
91.79
89.59
94.85
95.55
98.94
102.43
108.89
109.27
103.91
95.12
91.63
89.76
89.77
91.13
95.55
106.88
111.65
103.84
98.69
102.94
101.80
97.16
93.94
90.71
92.47
91.76
92.46
89.88
89.79
90.55
99.90
112.40
114.23
105.26
93.01
87.96
91.99
96.65
100.21
96.16
89.80
94.09
107.98
109.76
105.58
104.17
104.29
107.15
109.12
110.37
111.48
103.27
96.54
92.09
88.47
95.02
97.38
103.20
110.02
111.57
104.98
96.83
92.07
92.25
100.45
101.39
99.44
93.23
95.34
98.76
99.74
94.17
93.59
99.85
106.27
104.71
94.62
94.71
96.35
103.04
103.53
101.73
94.66
96.74
105.70
108.46
99.77
90.04
88.91
92.07
96.99
96.19
93.67
96.25
96.87
92.61
89.86
89.68
93.73
99.02
107.23
102.16
100.76
103.09
97.79
90.03
91.25
90.48
90.76
96.76
109.53
115.95
109.55
102.16
103.50
102.04
95.11
95.48
94.64
91.04
90.00
89.00
90.81