97.49
88.18
88.92
92.44
102.06
106.48
106.53
98.31
95.95
95.37
90.65
89.34
88.89
92.56
105.83
107.90
98.23
93.35
90.55
88.13
91.04
95.86
95.87
98.06
104.27
110.29
111.35
105.91
104.66
98.00
88.53
87.75
90.45
89.34
93.51
103.76
103.14
103.07
96.61
92.16
99.20
108.51
103.12
96.51
93.51
90.64
92.41
102.63
110.02
114.06
109.32
102.21
98.99
97.50
97.20
92.89
96.39
106.63
102.53
92.80
89.81
99.40
108.37
107.49
106.38
109.16
103.53
95.93
100.55
103.73
102.32
103.01
102.51
106.44
107.44
102.08
96.27
94.76
92.29
96.97
97.08
100.77
102.08
101.56
101.80
98.34
100.39
98.25
102.02
98.76
93.67
91.82
90.70
90.98
92.19
100.41
101.53
101.45
102.06
102.15
103.20
103.27
101.85
95.99
90.75
88.20
86.37
85.90
86.63
86.79
87.46
87.74
93.66
104.17
113.44
117.06
112.28
102.88
100.32
96.65
88.12
84.74
85.25
85.68
87.20
92.55
94.54
99.76
96.67
96.77
96.20
100.06
106.11
107.42
101.07
90.59
89.59
98.87
102.37
104.60
107.64
100.19
96.89
93.87