97.92
91.42
98.73
108.16
111.22
113.33
114.10
106.11
95.38
87.95
85.52
90.29
93.31
97.82
103.35
107.04
110.66
108.91
109.09
102.10
99.31
106.90
109.95
109.21
105.63
99.27
90.45
90.48
102.86
112.72
114.91
105.84
93.32
85.62
84.50
86.35
94.22
99.37
97.09
96.98
99.15
105.36
111.50
111.07
106.76
104.81
106.67
108.71
103.94
97.76
95.41
96.46
91.33
87.07
93.03
99.43
107.21
109.23
109.90
101.26
97.06
101.37
100.62
96.82
90.01
85.41
84.49
86.00
86.51
87.40
94.95
102.74
111.25
106.90
100.25
98.80
104.02
109.21
111.84
106.97
95.21
92.57
101.92
107.79
109.41
103.79
96.44
99.42
104.70
106.27
99.35
96.69
95.32
101.58
100.08
102.66
108.17
110.63
108.15
102.69
95.18
89.42
85.90
91.38
106.37
113.95
113.66
113.23
107.72
92.76
90.76
104.80
104.90
104.31
106.96
100.15
91.98
93.71
92.32
95.71
101.48
108.89
107.21
100.62
93.17
87.33
87.20
96.47
100.80
106.67
105.99
104.01
95.10
95.81
99.26
93.30
93.87
100.25
108.44
108.65
98.94
89.19
85.79
85.74