100.86
94.48
95.08
97.52
105.82
103.70
103.32
100.25
103.48
105.36
106.49
99.40
89.14
87.93
92.21
102.72
111.95
110.23
106.36
95.63
91.30
89.01
90.18
88.73
86.76
87.74
88.35
91.05
95.32
95.76
90.30
87.64
86.84
90.83
99.34
102.62
99.79
95.37
92.65
93.85
103.64
105.08
99.70
99.03
98.13
94.19
94.89
91.94
89.59
87.51
87.68
92.11
104.98
114.74
112.73
99.71
87.58
86.70
89.74
94.76
94.08
90.68
87.57
86.06
89.30
96.53
104.87
108.29
100.64
93.04
88.64
94.47
101.05
100.65
102.55
100.75
91.98
87.33
87.26
87.53
90.90
96.33
102.58
100.41
102.43
102.23
103.07
98.37
94.70
98.29
95.07
97.36
103.97
108.96
102.47
98.75
92.88
90.24
88.62
90.37
94.07
94.23
93.22
89.67
87.77
87.20
87.47
89.93
97.75
110.48
114.87
109.35
94.53
84.08
84.45
86.20
86.31
86.25
86.58
87.50
87.55
89.89
99.78
111.35
108.56
105.02
101.90
93.77
85.90
85.71
87.26
92.26
93.88
95.31
93.72
91.37
96.80
100.86
105.89
110.80
107.40
99.01
90.72
89.58