97.34
89.50
90.92
104.99
112.93
114.61
112.65
105.54
93.49
94.16
97.43
96.86
102.93
105.55
102.06
101.36
105.46
107.68
98.68
87.00
86.70
89.95
99.29
109.54
109.55
100.69
94.05
100.59
107.69
109.76
101.50
91.09
90.10
93.40
91.05
88.85
90.12
96.82
107.92
112.30
112.95
106.03
99.12
98.52
103.36
101.76
95.42
94.65
97.50
95.51
89.59
93.05
100.12
100.58
103.04
97.34
97.71
100.08
101.89
107.66
112.59
111.28
101.56
88.67
84.39
90.04
99.51
104.61
106.19
99.96
98.80
106.94
111.44
111.58
111.13
105.42
93.07
87.04
91.32
104.83
111.46
113.83
110.44
99.68
91.41
88.44
86.31
88.04
93.92
99.46
103.51
104.08
105.72
108.65
108.85
107.63
100.26
95.94
90.80
88.32
91.03
100.53
109.99
115.15
111.45
99.98
87.65
85.95
92.39
94.36
96.39
97.24
93.39
90.31
93.67
94.91
93.13
92.86
100.27
104.67
97.55
88.85
90.34
96.07
95.00
93.48
98.31
100.35
103.65
110.46
114.21
111.68
104.14
101.43
106.45
109.26
105.16
95.23
90.20
89.96
97.59
110.40
111.94
111.65