97.97
94.05
104.62
112.89
111.52
106.59
101.25
98.93
98.47
92.39
88.87
97.20
97.71
97.13
104.05
112.25
110.32
99.20
91.14
92.97
99.15
97.76
102.11
100.97
95.11
88.02
89.69
96.14
99.74
99.66
94.62
92.27
94.13
91.10
89.37
88.63
90.28
90.67
97.49
106.35
109.25
104.67
93.97
94.35
94.08
94.82
93.06
89.16
86.28
88.64
96.98
106.66
113.21
107.73
97.98
95.58
102.49
99.11
88.09
83.95
88.55
103.70
116.91
113.43
100.50
87.90
84.16
85.13
87.97
91.26
92.26
92.20
100.53
113.10
109.83
97.41
95.41
105.95
108.26
103.37
101.10
94.35
86.17
87.27
96.15
110.91
112.37
111.54
111.70
103.23
95.64
95.62
100.96
100.67
100.50
99.74
104.65
104.67
94.61
88.88
87.55
87.63
94.97
109.83
114.51
111.82
104.99
103.84
102.69
95.20
92.37
90.43
91.05
97.37
100.98
96.06
93.14
97.57
101.59
96.33
89.14
86.93
90.07
102.17
108.96
106.55
105.58
108.57
105.37
96.90
98.13
100.23
99.72
99.15
93.37
90.04
96.16
106.61
110.59
108.03
103.37
102.73
107.50
108.75