102.49
98.53
97.06
103.21
102.10
101.43
107.00
111.42
109.52
108.81
108.99
106.74
95.93
86.86
87.08
97.21
98.40
100.90
105.77
108.91
102.42
91.96
87.86
87.93
87.38
87.61
87.16
92.14
99.73
99.99
93.14
87.69
86.21
86.33
86.14
86.37
91.08
103.77
111.79
109.03
101.59
98.93
101.40
105.96
111.06
113.83
110.87
102.86
90.54
87.33
93.13
94.55
94.22
102.31
100.07
96.96
91.98
87.52
90.15
100.02
102.81
105.91
109.92
110.36
108.40
106.48
106.01
101.62
92.57
86.83
92.69
103.42
99.86
94.08
93.91
102.42
110.60
104.69
96.00
99.65
102.61
97.51
89.93
88.19
91.22
90.31
96.91
96.69
94.09
89.60
92.16
91.57
94.70
96.71
98.97
107.47
105.79
104.82
108.65
104.28
91.10
90.02
97.32
94.77
97.67
101.01
99.50
93.48
92.84
93.06
98.13
103.88
107.43
99.62
95.82
99.33
98.24
91.23
89.19
87.87
90.99
98.00
109.66
111.30
106.27
93.43
87.44
86.30
85.90
85.80
89.76
92.17
99.12
110.11
106.88
100.20
91.06
88.07
88.01
92.57
103.63
110.78
107.94
104.55