97.52
93.98
96.91
98.61
92.98
94.37
96.49
95.41
97.41
95.15
98.82
96.84
92.15
96.72
104.20
101.02
97.85
95.12
92.37
96.68
96.63
90.04
85.53
85.04
85.18
86.43
88.42
95.66
106.65
109.25
108.77
107.71
101.71
102.04
106.71
108.06
105.32
98.70
89.75
93.41
93.99
88.28
85.80
86.17
88.95
89.60
88.99
95.16
110.27
114.96
107.66
95.94
86.98
87.10
88.25
90.26
91.64
94.99
103.84
108.48
110.73
112.98
107.64
95.41
93.87
103.30
102.30
103.68
105.24
99.61
95.65
99.99
100.76
103.20
97.78
90.23
95.08
105.01
109.97
112.65
105.87
91.58
91.87
102.27
109.02
103.88
91.66
85.43
90.97
94.75
92.85
89.74
95.36
98.19
94.31
92.76
98.39
96.24
97.99
104.41
103.17
95.83
91.77
100.04
104.04
102.72
102.78
97.33
89.16
85.67
85.03
88.16
90.55
99.44
102.88
96.18
98.90
109.31
111.72
112.71
112.14
103.05
89.19
87.13
95.80
107.49
106.85
102.93
103.61
107.09
104.30
95.21
93.13
98.09
97.12
99.08
99.89
94.79
91.33
96.69
106.35
111.12
113.35
105.82