99.99
98.76
106.30
106.23
105.00
98.30
89.40
86.22
88.45
98.37
110.23
104.55
96.17
97.60
104.22
109.43
112.97
112.98
103.45
88.00
84.00
86.00
94.16
105.56
102.96
91.72
87.36
94.80
97.52
90.92
87.77
93.12
106.96
113.03
109.30
107.41
109.53
105.71
102.84
107.36
108.59
100.49
97.00
104.35
107.71
108.37
106.48
103.33
102.80
98.13
88.11
84.38
85.51
88.79
91.60
90.41
93.19
104.51
115.02
116.74
115.83
111.71
98.07
85.55
84.07
87.90
92.78
101.10
101.79
97.17
92.42
92.49
93.51
100.31
100.87
103.89
104.32
98.14
91.86
86.91
84.84
86.09
91.28
100.54
108.55
113.16
107.20
98.88
91.32
86.36
88.25
88.78
91.33
101.40
103.99
108.32
106.21
101.80
103.50
106.15
108.46
102.22
92.99
88.47
89.13
98.51
108.59
109.47
104.11
97.89
102.16
110.81
108.78
105.51
107.12
100.28
98.20
102.12
108.91
106.86
100.31
91.14
87.64
89.16
90.85
96.93
99.49
100.92
106.72
109.14
111.22
108.88
102.21
99.48
96.89
101.02
106.53
110.67
104.50
99.68
93.02
86.37
84.90
87.59