97.51
88.44
88.36
90.05
95.77
101.93
104.89
108.97
105.02
93.95
85.20
86.62
96.86
112.18
117.49
117.53
112.77
98.99
87.69
85.36
86.28
89.87
97.26
106.33
113.83
110.87
102.79
92.14
86.99
89.09
91.20
100.48
102.07
97.35
96.91
104.19
111.33
109.82
101.01
89.59
87.22
94.18
108.78
108.31
104.64
96.33
90.60
89.66
90.19
94.31
104.38
108.20
108.01
105.40
96.65
91.07
88.55
89.40
99.70
113.04
112.24
109.74
110.51
108.37
98.93
93.30
90.94
87.01
89.61
99.88
102.01
94.28
96.30
104.64
103.38
98.17
90.71
87.70
88.14
90.82
93.37
95.27
95.10
98.25
105.61
106.47
101.48
93.66
89.79
90.00
93.42
105.08
104.91
103.25
103.38
108.58
111.18
110.58
101.31
88.69
91.41
95.92
92.75
88.56
86.00
90.88
95.51
93.69
93.16
94.03
103.77
112.99
110.01
99.17
92.11
97.56
102.37
100.64
102.31
104.87
97.19
87.56
85.60
93.49
105.50
103.93
97.93
101.94
104.65
105.92
109.87
112.05
113.16
112.38
110.34
109.89
104.71
94.20
87.23
85.82
87.92
89.25
93.34
98.15