99.09
92.55
94.67
105.30
110.70
107.69
95.71
85.96
88.72
102.60
107.21
106.96
104.81
100.67
92.91
94.76
98.12
102.73
97.47
97.85
96.25
88.86
87.14
87.05
86.50
87.91
89.27
93.76
107.55
109.81
100.43
94.81
91.81
95.57
94.38
97.71
94.97
93.61
93.75
102.69
109.39
113.35
107.95
99.67
91.98
92.03
98.05
106.86
105.70
100.51
99.09
93.72
88.39
88.22
89.47
89.66
89.57
95.87
105.28
104.07
103.19
105.65
105.10
95.78
86.91
87.08
96.62
104.29
99.45
92.16
90.34
98.56
111.09
116.12
112.16
105.25
94.66
91.39
95.82
93.32
96.23
105.39
104.32
100.77
101.86
97.91
93.36
97.48
108.75
109.21
105.10
99.68
100.98
105.77
105.51
106.80
99.73
95.78
103.23
112.32
112.44
111.22
112.15
106.32
98.24
98.79
107.29
104.65
102.34
99.21
102.22
108.62
111.53
112.72
109.96
101.12
90.50
85.14
90.54
104.76
109.67
107.49
107.36
103.33
102.47
108.47
110.79
103.11
93.05
90.93
91.85
90.99
92.25
102.79
114.12
109.35
105.52
104.37
96.31
91.39
90.17
95.11
102.43
108.13