99.08
99.20
105.91
101.45
101.92
106.25
104.51
103.14
106.88
108.76
102.10
90.10
89.10
89.02
89.01
88.06
87.67
94.58
108.20
111.41
106.21
101.83
97.69
97.15
97.65
95.55
89.91
90.36
101.81
109.25
108.78
109.09
108.59
108.19
101.32
96.13
97.95
95.04
97.79
105.22
105.84
96.65
95.87
103.69
105.65
97.34
94.27
102.69
103.74
93.97
87.51
93.22
100.97
105.91
101.31
96.13
97.00
99.68
106.84
112.39
110.95
106.16
101.26
94.71
97.47
98.26
98.95
96.49
98.14
104.99
106.40
102.08
96.20
92.66
97.29
99.68
100.76
101.12
100.87
93.56
88.37
92.77
102.74
110.60
111.70
106.77
100.99
96.15
91.76
90.94
90.83
96.04
95.54
89.94
92.97
98.51
96.97
94.11
90.23
94.15
99.73
104.58
109.57
111.74
110.80
105.68
99.06
99.41
105.46
105.36
100.03
91.49
85.66
86.99
91.34
93.25
92.63
98.71
105.83
104.42
97.86
93.44
96.30
93.54
96.61
103.22
108.71
110.07
108.96
98.75
92.78
96.23
102.21
103.92
101.25
104.62
106.79
103.32
99.12
91.78
85.86
89.58
93.37
92.83