96.59
87.24
86.59
88.93
94.06
105.91
104.56
106.17
106.92
100.52
99.94
100.76
105.43
103.80
100.40
99.78
105.53
108.82
101.88
88.27
88.14
94.46
97.89
106.04
108.02
104.54
101.24
97.41
91.28
87.40
86.78
87.06
91.23
103.37
115.22
116.71
114.64
105.17
92.90
90.62
99.27
104.26
98.42
96.61
100.51
102.98
107.39
103.75
96.55
90.44
91.02
100.86
108.80
109.15
110.34
109.95
108.78
109.07
104.38
93.95
85.39
84.61
86.54
89.00
93.68
93.42
96.51
104.00
111.75
111.05
109.83
110.06
104.25
92.65
86.96
88.67
93.03
91.34
93.14
95.38
104.18
110.85
110.81
107.47
107.23
110.92
106.67
93.14
84.73
84.95
88.70
91.67
94.17
104.70
103.67
102.65
105.82
109.19
106.17
99.60
93.43
91.38
94.78
103.86
112.39
106.98
96.10
87.04
88.75
97.12
106.70
112.26
114.77
109.83
95.97
84.52
84.88
86.61
86.57
87.92
95.90
105.30
102.75
104.71
106.29
103.40
105.47
102.25
100.08
105.69
108.82
109.35
108.23
103.06
93.46
92.85
100.17
107.19
103.22
95.96
90.14
87.33
87.04
90.62