96.59
91.40
103.58
105.33
97.27
97.39
99.14
96.87
95.35
92.29
89.58
92.13
102.94
105.07
100.68
102.29
104.76
96.79
86.78
84.35
86.63
94.36
96.96
100.07
103.94
104.83
98.39
94.50
91.83
88.38
90.02
90.20
94.25
98.91
106.62
105.69
98.00
92.65
89.24
93.91
98.91
106.61
109.26
103.69
99.85
95.72
94.09
102.06
112.03
113.91
114.00
113.61
110.30
101.89
90.13
84.73
90.59
104.57
104.73
100.51
95.31
93.22
89.97
91.72
98.26
97.22
98.77
94.79
95.87
106.06
104.17
97.53
95.59
94.57
89.49
90.87
94.07
93.87
95.99
98.29
103.74
101.70
91.48
92.19
95.57
95.47
102.39
111.41
112.34
111.51
102.60
94.23
94.14
92.18
91.65
89.10
86.41
85.88
88.35
94.03
101.77
108.22
106.18
105.50
106.59
102.77
95.97
95.24
95.08
97.48
98.41
104.34
102.92
91.75
88.22
91.25
91.29
98.38
97.31
94.16
89.70
92.52
92.61
91.64
88.51
92.06
100.63
105.64
110.72
113.75
114.77
109.26
102.11
98.55
99.61
95.14
94.43
96.37
93.14
93.36
96.82
103.32
103.64
96.82