102.24
103.64
102.56
100.04
93.01
92.65
101.39
105.94
103.66
94.72
90.22
88.40
90.83
93.90
95.99
91.84
89.94
96.19
98.92
101.38
106.48
103.95
93.92
90.06
94.90
99.40
101.23
96.29
98.87
105.04
110.80
114.42
108.53
100.10
89.92
84.27
85.61
92.78
110.58
108.26
102.12
96.46
90.40
93.60
97.03
101.34
108.58
107.25
95.63
86.39
87.92
99.31
103.46
95.68
91.68
98.90
104.51
101.87
99.14
104.84
112.62
109.65
106.00
98.78
93.08
92.93
94.07
101.41
99.59
99.99
105.55
109.72
112.80
107.69
103.15
100.70
92.33
86.97
87.94
87.55
87.09
93.87
97.88
92.62
89.97
96.33
99.83
102.74
97.98
100.99
100.56
98.16
93.35
94.45
101.48
98.13
88.66
84.74
86.46
94.86
109.60
113.80
109.25
99.55
97.59
102.06
100.49
94.08
88.25
89.78
98.49
103.93
97.94
96.27
95.84
94.94
96.20
98.18
97.32
99.27
99.46
100.37
104.27
103.68
94.14
90.79
95.43
95.74
101.32
111.25
109.58
108.38
109.89
110.98
111.68
112.71
110.43
109.27
102.00
95.15
100.02
100.98
95.63
97.14