98.57
94.87
95.76
102.33
100.45
95.61
89.45
89.56
100.17
111.92
113.34
104.13
95.59
99.55
98.86
92.60
87.70
87.64
91.96
104.09
113.47
111.80
102.42
89.94
85.38
89.12
94.45
106.21
106.63
96.67
89.78
95.04
95.20
93.17
93.46
92.84
91.16
94.82
96.61
91.71
94.45
95.15
92.09
97.95
105.30
111.03
109.62
102.25
93.29
90.99
94.32
94.56
94.09
101.00
98.68
101.51
103.24
107.18
110.78
105.45
103.25
106.25
104.07
98.62
89.69
87.08
86.99
86.13
87.65
90.23
98.28
102.65
100.92
102.26
107.03
107.68
105.89
101.35
102.65
106.89
111.27
110.36
103.69
92.82
93.79
95.60
91.39
91.10
99.44
103.86
97.02
90.01
86.02
85.90
89.76
101.17
112.50
115.40
112.56
108.41
100.69
97.02
98.51
100.77
104.93
100.90
90.21
87.13
90.32
92.13
98.45
103.70
102.32
95.00
90.38
91.40
92.46
91.23
92.69
90.43
91.64
91.47
96.98
107.70
114.78
108.80
98.36
96.58
97.47
99.40
99.73
98.30
92.17
89.56
87.82
88.97
98.62
102.72
95.45
89.92
88.21
90.52
98.78
105.78