97.10
88.05
86.28
90.41
104.96
111.91
107.12
103.22
96.40
94.04
92.81
90.00
96.68
110.72
114.26
107.47
98.64
91.86
95.76
100.49
98.01
99.72
97.71
91.05
95.25
101.55
108.55
104.07
94.66
90.57
89.27
87.13
85.51
87.39
96.09
99.67
102.93
97.72
92.83
90.99
88.21
89.55
93.13
101.13
105.16
101.44
95.12
97.57
100.48
101.04
102.00
97.95
97.97
104.01
109.35
112.21
104.89
96.79
93.05
98.32
96.05
98.50
97.23
90.03
91.64
94.34
95.29
101.45
102.43
98.21
92.57
91.28
95.75
105.78
104.91
94.73
85.77
83.99
85.49
91.26
106.16
112.73
114.18
108.18
97.70
93.36
96.13
96.19
89.99
90.49
91.99
98.76
107.70
113.28
111.75
109.37
100.69
97.23
93.24
96.18
99.97
105.22
110.78
111.04
108.33
104.65
105.80
105.39
101.93
98.39
94.60
89.02
89.38
92.29
102.97
104.24
103.71
101.15
103.37
98.73
96.07
103.53
101.70
100.10
106.26
105.64
98.49
93.69
95.96
98.13
95.79
95.91
99.32
107.77
111.38
103.64
92.75
88.06
88.91
88.19
91.05
92.81
90.43
86.94