100.68
100.43
107.28
109.29
102.90
101.92
108.92
113.86
112.82
111.19
110.05
100.21
86.12
86.63
97.33
105.37
110.63
113.00
113.48
107.54
98.26
94.71
102.10
104.89
103.89
104.94
102.59
97.94
93.25
87.57
88.92
91.48
99.85
106.35
102.12
97.34
98.47
99.62
102.47
105.71
106.98
106.79
101.32
93.59
90.68
91.64
99.96
107.63
106.16
97.98
89.61
89.29
91.17
92.48
99.78
106.45
104.03
95.08
95.73
105.80
105.00
102.69
98.20
95.32
92.33
90.71
98.72
105.01
106.62
104.24
102.25
94.48
94.93
96.40
103.05
110.25
114.43
109.86
101.03
98.12
97.20
92.38
86.27
88.51
96.14
102.24
109.37
110.42
108.48
102.81
98.17
100.29
105.61
103.76
93.44
88.84
88.61
96.05
107.18
102.66
99.35
98.25
96.77
98.31
97.94
102.36
110.63
111.54
110.83
103.48
90.51
86.06
86.02
88.51
92.06
99.25
107.21
108.17
110.72
109.47
99.44
94.20
95.21
90.87
86.16
84.86
86.17
93.41
105.17
100.90
101.62
101.43
98.14
99.56
106.36
112.16
112.14
106.44
96.46
95.63
93.87
88.46
86.60
91.13