98.53
96.65
107.24
104.33
93.29
90.60
96.50
104.49
106.02
101.39
97.96
100.05
104.15
104.08
95.17
92.77
99.49
100.52
103.62
101.14
95.84
96.74
96.43
97.84
104.94
101.53
100.57
104.76
104.58
102.36
102.45
107.73
111.34
111.43
110.98
103.93
97.88
94.57
100.15
107.94
113.21
113.90
108.51
101.34
95.59
97.69
101.53
102.88
97.21
90.18
92.29
98.91
101.88
94.95
88.94
87.23
91.58
99.04
103.80
96.64
91.49
90.02
90.39
93.13
98.85
108.94
110.37
109.79
103.57
100.20
99.98
99.07
96.18
99.20
95.67
88.10
87.61
93.85
103.46
108.84
105.53
102.41
104.53
109.56
108.61
106.09
105.02
96.87
89.55
87.42
93.52
97.52
95.19
94.70
93.30
88.56
93.62
107.51
111.78
108.52
102.00
99.83
102.24
102.34
94.15
90.94
90.63
96.35
97.48
97.67
100.97
103.56
108.86
110.20
106.96
97.92
94.77
98.86
95.71
93.79
102.77
111.75
115.01
110.02
105.45
106.28
101.06
95.66
95.74
102.66
100.55
92.22
94.53
98.11
102.99
109.59
103.67
98.10
96.09
94.26
94.55
92.52
88.01
86.74