102.95
105.81
106.50
103.94
104.30
100.55
90.18
92.35
107.17
111.34
111.96
113.22
109.40
100.03
93.83
91.89
89.06
87.44
89.92
100.00
105.44
103.08
102.16
94.93
94.48
95.33
95.77
92.81
90.37
90.12
94.55
106.22
114.25
108.61
94.29
89.81
92.49
99.57
103.83
107.50
111.67
113.48
113.66
105.26
98.48
102.01
103.35
102.16
100.52
92.48
94.04
104.66
110.68
113.61
110.72
97.60
85.27
86.92
91.79
99.04
98.90
92.11
92.63
98.14
106.83
107.01
108.34
104.84
104.14
108.10
112.56
111.27
109.48
104.59
100.38
100.21
95.38
89.67
86.57
93.00
95.45
90.56
95.11
97.40
93.84
99.67
99.52
92.50
91.79
101.59
107.81
106.12
102.29
101.85
99.18
92.56
88.78
90.21
97.97
96.42
92.36
98.15
102.53
105.77
100.83
91.76
91.63
92.67
92.32
92.72
91.09
90.80
98.18
98.30
93.67
90.26
87.15
92.58
94.07
91.06
87.54
87.60
88.20
89.99
91.96
93.91
99.05
104.82
107.44
99.01
91.68
95.68
106.55
105.52
101.02
101.21
101.98
105.21
103.31
104.86
100.55
95.63
92.49
91.38