100.56
104.11
111.59
112.26
111.62
106.45
99.14
99.64
104.80
109.12
108.39
102.39
90.54
86.38
91.66
92.48
95.30
101.52
102.92
104.61
105.35
106.65
110.16
112.19
108.79
96.41
90.12
92.79
94.34
93.13
96.01
93.52
96.35
106.97
109.51
107.04
108.58
108.63
108.93
111.53
113.87
114.19
106.63
90.89
85.09
92.67
103.35
103.99
105.39
99.53
98.99
94.49
90.16
94.10
102.58
102.53
92.97
90.96
100.81
109.63
109.03
102.85
92.07
85.08
87.38
95.52
107.85
109.40
99.67
93.62
94.73
103.34
112.34
108.67
105.38
100.02
92.35
94.43
101.63
96.87
91.50
95.25
101.02
104.73
100.85
90.12
88.64
97.83
104.55
107.98
103.48
103.79
107.16
103.46
102.45
98.35
99.39
103.08
101.48
100.83
94.56
87.37
84.81
86.85
91.96
97.22
98.34
94.27
90.84
87.98
89.02
90.66
99.16
99.55
93.40
94.31
102.10
108.88
111.86
110.87
109.60
102.11
91.51
89.24
88.85
88.54
86.93
91.48
94.98
93.05
95.47
101.98
104.37
106.67
99.25
90.79
89.64
94.01
94.42
97.88
94.91
91.79
96.71
98.97