96.49
88.23
88.42
95.92
98.40
92.87
89.48
90.93
92.27
94.06
93.88
92.10
97.16
107.35
113.42
106.31
98.62
91.60
95.46
94.80
90.12
89.97
97.20
110.41
114.84
112.68
105.37
94.84
86.53
85.62
93.20
104.58
109.70
108.90
98.48
96.89
95.73
90.54
94.35
100.97
108.55
105.63
94.55
93.87
98.79
102.91
103.29
94.41
85.34
85.63
93.52
110.90
116.84
116.17
112.78
100.95
90.24
95.78
109.04
113.92
109.40
104.60
95.35
90.01
95.05
94.04
87.88
86.14
89.36
94.32
106.91
115.49
117.22
114.90
111.82
103.22
99.69
104.72
106.53
106.43
103.00
101.65
103.46
97.06
87.65
84.33
88.31
90.96
89.36
92.02
98.63
102.79
99.42
102.05
102.65
104.20
98.99
94.35
92.94
92.06
90.61
90.68
91.67
91.29
93.80
95.65
103.57
111.24
107.78
95.40
86.11
89.08
99.73
98.77
96.45
97.90
104.62
100.70
100.00
105.95
103.10
96.96
96.22
95.76
93.26
98.79
109.77
110.50
108.59
103.23
97.44
90.34
86.73
92.28
94.98
91.83
89.93
91.92
101.36
108.09
107.63
103.80
94.18
86.80