97.42
92.92
93.53
96.20
100.42
100.65
102.49
108.70
105.09
91.54
83.99
84.43
89.09
92.57
92.49
98.25
103.38
105.54
104.35
98.37
95.38
96.13
92.97
90.58
93.54
102.61
108.42
106.89
102.43
102.26
103.02
95.71
90.04
89.37
92.28
92.42
95.37
97.68
95.16
95.13
101.17
99.02
97.39
104.70
113.02
113.57
112.38
108.73
103.28
102.58
104.64
107.68
100.42
89.34
89.50
96.87
105.54
108.85
104.89
97.18
91.95
88.97
95.63
97.30
92.45
96.20
98.82
98.58
91.71
91.51
96.08
102.03
110.06
107.01
103.79
96.26
87.62
86.74
93.01
103.48
102.90
101.81
96.57
91.15
86.68
85.19
86.33
88.10
89.72
98.02
102.84
97.38
94.82
93.28
100.65
101.85
93.46
89.65
98.60
102.49
94.65
86.50
87.33
90.44
99.48
110.66
107.38
101.14
101.82
101.56
101.24
105.91
105.17
105.55
100.23
92.92
96.47
101.13
101.52
101.81
96.26
96.20
102.56
98.84
100.47
100.81
92.26
88.92
90.60
93.80
95.45
101.31
102.82
103.68
107.45
110.63
105.47
97.57
88.86
86.90
94.84
101.96
106.91
109.08