99.73
94.78
92.96
90.29
95.35
106.76
112.37
112.06
110.45
111.06
111.71
110.16
106.86
95.59
84.42
85.86
97.52
111.59
115.76
108.37
95.08
90.15
91.09
92.80
92.76
90.17
95.15
105.50
109.44
107.25
102.25
95.45
92.82
101.05
110.61
110.93
101.03
97.72
95.57
88.45
86.08
91.29
92.24
95.95
104.79
111.72
106.60
103.28
97.40
92.31
97.04
101.00
103.74
109.47
112.61
110.34
103.50
102.14
96.14
89.12
85.52
88.84
101.66
114.66
114.95
112.63
106.85
98.37
91.08
85.96
85.37
91.22
105.86
111.03
107.73
102.18
103.81
102.09
101.92
104.10
100.94
97.14
97.32
104.12
109.21
109.82
108.97
108.25
101.89
96.93
94.28
90.09
87.91
88.01
89.07
92.00
102.89
106.51
98.69
91.50
88.86
97.28
99.13
95.68
90.95
90.64
95.81
107.85
109.43
110.38
107.07
106.96
110.07
105.26
102.73
101.73
103.13
96.16
96.28
94.71
88.40
90.97
95.09
96.36
92.02
93.70
92.44
97.42
104.07
102.17
101.95
101.12
101.00
106.27
110.37
109.01
97.42
85.07
86.11
91.84
93.53
95.10
96.51
104.82