99.00
93.00
92.14
96.63
108.32
115.48
113.66
100.90
86.69
84.62
87.91
94.65
100.99
110.16
108.81
108.27
108.59
102.68
101.47
107.51
110.59
101.65
95.15
92.26
90.03
97.55
98.43
97.47
100.17
106.00
102.86
99.95
98.42
98.01
104.56
108.80
108.55
98.51
89.44
87.95
89.85
95.25
99.67
100.26
95.83
96.06
101.67
105.20
107.60
99.92
92.66
90.35
89.64
88.51
88.50
87.38
87.99
92.20
93.20
101.12
102.10
101.37
95.69
94.61
103.27
112.92
112.21
108.79
98.18
90.70
94.63
100.81
96.04
90.32
92.21
99.09
100.02
104.73
106.62
98.92
87.90
85.39
91.17
103.72
107.86
110.57
109.05
107.07
98.29
95.89
93.24
92.06
97.99
106.27
104.67
101.89
100.77
99.89
100.44
105.89
107.98
107.97
101.57
91.99
94.70
100.54
98.64
90.21
87.79
97.20
110.14
106.74
103.51
101.72
97.10
90.58
94.56
108.11
110.87
110.02
110.71
105.77
101.46
103.62
98.47
91.59
87.71
87.24
94.65
103.32
111.60
112.43
103.30
91.75
88.15
95.55
102.07
98.60
95.44
97.49
93.30
91.51
97.48
100.84