96.67
86.97
86.55
88.21
89.42
93.54
97.32
102.92
109.03
104.17
96.77
90.62
86.16
87.00
96.04
105.20
99.40
95.70
103.82
103.56
100.73
98.71
97.24
93.07
88.28
92.08
98.97
107.21
111.38
110.71
100.65
87.58
87.40
99.07
104.28
99.86
90.23
85.52
89.30
102.59
105.81
101.58
95.89
97.55
102.86
108.45
104.78
104.32
107.70
108.55
100.46
97.18
96.59
91.51
91.70
96.27
98.16
102.53
97.84
99.27
107.77
107.11
103.23
102.02
103.92
105.55
102.25
91.27
85.53
85.65
87.12
92.62
93.94
92.51
88.58
89.45
92.53
91.34
91.62
93.21
102.95
105.44
108.73
107.79
98.37
95.26
94.57
90.23
87.46
92.78
101.18
99.22
91.71
93.80
94.39
97.53
99.72
106.96
102.94
92.23
89.63
98.51
98.56
97.17
94.75
95.85
94.01
98.30
106.44
113.03
107.70
102.80
106.66
111.56
110.40
101.23
98.76
96.92
92.61
91.89
89.21
85.84
86.90
90.51
97.26
96.87
100.75
104.72
105.18
103.48
102.78
95.05
88.60
86.50
92.92
100.67
105.04
107.97
112.04
115.02
115.93
114.96
112.66
110.41