101.42
98.52
101.25
103.02
107.61
102.84
101.71
103.94
99.74
99.27
97.96
101.38
100.23
100.20
102.27
104.43
102.64
93.12
86.18
88.93
96.60
99.95
105.99
112.19
106.17
94.81
90.38
94.49
99.10
101.77
96.15
87.98
91.03
103.28
112.60
112.83
110.86
110.34
106.15
97.31
92.95
90.38
91.18
96.27
102.30
103.31
99.36
93.45
95.80
106.67
112.17
109.84
96.77
89.57
92.95
95.95
101.03
108.69
105.49
92.41
88.43
95.44
98.11
97.19
98.06
99.46
98.79
96.79
95.65
92.37
91.64
95.43
102.15
105.83
101.49
91.62
93.18
105.14
112.99
110.60
103.84
101.70
105.99
108.16
108.99
111.32
109.02
102.00
100.76
96.56
95.53
102.21
103.23
93.22
91.79
92.05
98.68
99.85
99.40
103.82
99.65
88.81
85.43
88.61
97.18
106.73
103.29
103.70
109.56
109.69
102.32
93.86
95.00
101.21
102.77
94.80
90.08
91.10
94.29
94.04
93.83
99.14
101.02
94.68
92.70
102.14
106.72
105.36
98.05
92.33
94.81
92.88
95.96
95.17
93.42
89.85
90.39
100.28
111.06
112.01
102.77
90.26
90.52
91.81