103.13
101.36
95.72
98.96
103.05
104.53
99.83
102.36
98.73
98.78
101.01
94.25
88.99
86.98
90.75
103.89
110.43
111.73
105.08
98.13
94.97
95.02
90.47
86.73
87.55
88.33
94.56
103.26
106.40
102.32
101.31
102.69
102.96
103.48
98.38
89.79
86.26
87.74
93.06
92.96
96.82
101.59
108.62
105.55
99.88
95.75
89.52
87.94
95.31
105.08
101.00
94.73
96.78
101.70
100.15
99.27
102.49
99.06
89.94
88.06
89.45
91.62
89.75
93.43
98.25
100.56
100.75
103.74
105.65
103.84
102.68
105.57
109.20
109.05
106.53
101.06
92.60
90.98
98.70
98.63
101.41
109.44
107.67
94.83
86.08
87.11
95.45
99.98
107.04
113.18
111.20
103.82
102.33
97.55
87.60
86.49
96.16
102.74
102.69
105.42
101.47
92.50
94.42
94.86
96.46
99.12
103.42
100.44
94.52
96.01
102.62
97.99
97.40
104.05
100.37
91.63
91.82
90.89
97.61
106.23
105.17
99.54
97.41
97.42
98.87
103.51
103.06
104.85
108.01
104.52
93.35
87.14
87.10
88.59
94.30
106.33
112.73
107.26
97.81
92.46
90.17
88.07
87.37
93.66