100.37
103.10
111.27
108.61
102.42
101.80
98.30
94.84
95.81
95.70
97.67
93.20
93.36
92.56
92.39
96.95
97.17
95.76
100.45
98.53
93.43
88.41
88.08
87.24
93.27
101.50
109.75
104.45
102.17
98.11
95.22
97.10
98.90
99.73
95.05
94.98
100.15
105.28
98.62
96.19
100.53
101.53
105.77
104.02
97.20
97.67
101.67
108.09
110.40
104.92
98.78
100.26
103.76
102.34
94.03
95.61
97.98
94.30
87.54
87.51
87.73
93.83
105.66
110.45
110.92
108.80
100.01
94.27
90.76
89.90
94.06
100.17
105.33
107.13
100.56
89.23
86.87
92.53
94.34
101.70
100.05
95.90
89.92
90.00
93.35
92.62
88.33
88.18
94.27
106.14
103.30
100.91
107.12
113.25
111.78
107.12
104.62
99.56
88.83
87.95
89.23
90.43
89.96
88.78
96.27
100.12
106.69
113.09
110.87
99.04
90.63
90.44
94.91
104.90
104.61
98.34
93.15
95.42
98.49
96.33
98.13
105.94
108.44
102.27
96.84
93.63
93.22
100.63
107.55
108.48
108.05
102.65
93.64
92.09
98.91
98.52
92.49
92.63
94.14
101.82
109.00
109.90
100.17
86.81