97.70
95.15
102.41
102.36
102.62
96.25
90.90
91.14
100.63
101.01
95.05
89.97
94.15
104.45
107.94
103.71
93.86
89.90
87.72
88.61
93.75
106.31
113.74
114.11
111.08
107.20
98.52
87.48
86.08
93.18
106.88
113.28
113.95
104.90
89.00
87.33
99.88
100.56
101.12
96.81
91.93
87.86
88.54
93.71
97.60
105.48
104.54
100.94
103.44
108.76
102.45
91.59
88.74
94.74
105.75
107.53
100.24
99.21
96.85
95.99
102.22
110.22
113.04
107.56
103.70
101.05
96.48
100.07
97.03
97.50
106.21
113.05
115.17
111.91
108.32
108.86
103.44
92.88
92.60
96.40
101.68
103.12
103.82
103.77
106.49
103.67
102.69
102.78
102.89
100.53
102.08
100.91
96.03
93.63
89.72
89.72
94.85
99.74
107.98
103.07
96.51
90.86
89.08
87.37
85.86
86.04
86.10
89.46
91.78
96.27
107.96
111.72
111.72
109.80
107.58
103.80
96.46
94.17
95.29
98.20
105.49
107.46
109.08
105.66
102.69
100.59
97.15
93.46
94.44
95.93
96.88
93.37
88.97
94.66
103.90
106.56
102.88
102.54
102.40
98.95
100.15
103.55
98.66
96.43