100.46
100.97
105.20
104.30
102.55
106.10
106.21
99.67
99.29
101.88
106.30
108.12
110.41
112.92
109.34
104.30
101.66
102.54
96.73
95.70
99.91
104.88
106.29
99.19
91.26
92.55
93.56
92.19
95.19
106.43
111.79
110.09
109.90
111.02
108.55
104.37
102.22
106.69
103.79
97.17
89.58
88.78
91.16
89.63
94.70
105.32
110.20
106.65
101.89
103.93
103.15
100.17
94.53
95.89
99.89
98.43
93.36
92.24
97.30
97.66
95.34
92.32
99.53
100.20
103.20
99.19
89.63
92.71
106.37
111.94
106.34
104.52
97.87
89.05
86.51
87.89
93.13
101.33
101.68
94.77
96.78
102.47
100.74
90.92
86.41
85.65
86.24
90.24
92.67
101.86
114.12
113.70
102.61
92.20
94.82
95.88
92.21
87.52
86.27
92.49
105.40
113.87
107.14
95.23
86.21
85.23
86.60
87.82
89.45
90.10
92.96
100.16
106.35
100.68
96.25
102.40
99.69
90.23
90.25
93.90
91.89
94.81
97.79
94.62
90.67
89.01
87.05
92.78
95.55
98.30
107.63
105.42
104.05
108.92
111.32
103.85
100.69
94.81
86.61
84.21
84.63
85.06
87.84
90.43