98.50
93.24
94.32
91.80
88.79
89.55
89.10
90.87
94.16
102.47
111.95
114.14
105.76
95.63
90.54
96.57
101.85
108.57
108.47
98.46
89.10
86.95
90.69
96.65
98.16
97.34
100.63
106.50
105.09
98.64
91.75
93.86
98.46
95.53
94.93
102.73
106.36
104.79
104.15
106.24
105.81
98.98
92.57
92.75
94.40
92.70
88.94
90.85
95.08
105.21
110.83
113.68
109.67
99.35
93.82
89.42
85.74
85.76
91.20
100.61
100.62
98.35
98.57
105.91
110.27
105.41
99.27
95.92
90.56
90.96
99.27
97.95
99.99
106.73
107.86
105.75
97.35
89.75
85.74
85.61
90.59
98.21
99.90
100.52
107.44
111.35
105.67
96.31
98.29
105.92
110.45
111.73
109.38
106.51
108.48
104.73
97.97
98.68
107.26
106.44
105.40
102.94
92.72
85.17
87.71
92.03
90.66
96.18
97.79
99.82
99.77
105.03
107.20
99.02
93.25
96.76
106.03
103.76
97.17
94.06
100.20
101.08
104.90
106.29
100.95
89.66
85.30
91.57
107.87
117.16
111.08
102.68
97.16
99.51
97.15
97.50
99.82
103.88
104.71
99.61
100.95
106.31
106.52
99.56