99.55
92.81
91.34
96.56
98.57
92.73
90.14
92.82
93.98
96.54
102.16
103.09
97.17
97.33
95.60
91.18
93.75
98.18
99.13
98.71
99.73
98.19
95.82
98.58
106.84
110.24
104.09
94.82
93.08
99.89
99.98
99.40
93.64
86.55
87.74
93.92
101.25
109.91
115.36
115.84
110.49
103.79
93.93
93.41
94.86
101.98
102.39
98.08
101.15
99.85
93.99
87.71
86.17
86.38
92.35
103.36
101.80
93.55
95.82
98.78
102.17
102.12
96.47
89.74
94.61
95.66
93.70
90.41
90.79
92.03
96.90
96.54
95.04
98.01
107.58
111.11
105.30
100.70
98.59
96.58
102.74
104.67
96.09
92.96
95.58
93.90
89.66
95.23
104.75
100.11
93.16
88.26
87.07
86.88
93.14
105.55
109.11
103.63
95.95
93.18
89.37
90.45
100.74
101.25
94.28
92.51
90.65
87.90
87.74
88.65
90.05
95.82
109.44
111.41
108.09
99.45
89.85
87.14
95.08
106.64
105.22
104.30
104.26
106.56
103.60
94.58
89.53
90.73
93.07
94.70
100.28
100.10
92.67
94.35
102.81
106.45
105.88
105.97
101.28
90.17
85.08
88.67
94.86
101.69