99.52
92.20
88.90
89.89
91.61
96.18
98.00
94.22
90.30
88.12
88.07
90.27
92.16
89.93
91.76
103.61
110.34
113.33
115.28
112.47
106.48
102.08
95.84
90.05
86.87
90.68
94.55
99.33
104.97
99.90
92.23
91.88
95.77
101.38
98.17
101.25
100.28
96.68
94.81
91.83
97.60
105.11
100.91
98.69
99.68
101.91
106.87
105.68
98.04
96.21
97.34
93.92
88.47
92.07
93.32
89.62
89.56
96.07
95.66
89.46
87.38
86.93
86.78
87.12
90.89
97.69
105.63
113.16
116.49
115.62
109.24
97.88
97.44
102.09
100.92
95.29
94.56
93.12
92.58
100.50
99.02
99.13
97.56
91.62
94.06
94.18
90.95
94.52
93.29
88.95
93.07
97.98
94.66
88.00
87.14
88.03
94.29
106.67
113.06
111.43
110.49
108.83
107.65
105.94
102.54
101.42
94.38
87.39
87.07
88.99
89.28
89.71
89.38
96.86
105.21
111.15
110.04
107.39
101.05
94.69
95.46
95.06
92.35
98.75
99.20
94.60
88.17
86.97
88.57
91.57
102.82
108.24
105.14
94.68
95.11
102.63
100.80
95.38
95.88
101.59
97.64
96.68
100.61
98.63