97.48
93.03
100.52
107.91
107.67
109.53
102.66
91.92
94.03
103.02
110.52
108.46
102.10
101.63
106.51
103.69
99.73
100.36
101.22
104.87
103.98
101.22
98.94
93.93
87.06
86.58
92.90
98.96
106.71
103.79
97.47
90.79
90.96
91.06
97.96
98.95
91.13
86.72
85.87
90.30
94.28
102.94
112.20
105.93
100.50
104.00
107.87
99.80
92.79
97.26
107.92
110.20
107.40
106.29
100.19
88.84
88.39
93.79
98.28
106.22
103.52
102.40
101.51
105.32
102.56
99.70
94.09
89.46
88.16
90.84
101.96
105.73
96.99
90.37
97.00
101.02
98.24
91.18
86.60
92.72
104.20
110.54
111.21
109.11
107.08
107.53
101.67
93.58
96.60
105.43
104.62
97.78
96.43
97.02
101.18
101.04
97.25
91.55
96.87
105.35
101.23
101.33
108.20
112.13
104.87
97.19
93.02
96.72
104.31
109.42
108.85
104.95
103.13
98.82
89.94
86.79
92.32
99.73
105.29
98.87
98.59
98.19
99.57
94.94
92.81
97.62
97.15
95.37
92.44
97.87
101.35
102.69
107.84
102.55
97.93
93.83
92.08
99.02
99.19
100.92
102.48
102.19
96.90
88.30