97.77
93.35
94.22
103.36
102.53
104.55
105.61
108.20
104.22
102.93
102.67
96.11
87.83
89.11
91.25
97.84
107.04
103.21
96.49
92.88
97.03
98.06
91.98
86.31
86.14
87.95
91.34
93.82
93.98
95.36
96.84
102.43
98.85
100.21
97.81
100.28
103.40
100.17
100.66
102.38
97.59
94.15
95.16
104.02
105.89
103.99
98.25
89.20
92.51
96.58
100.75
103.91
108.42
110.11
110.18
109.91
105.37
101.85
103.24
96.51
87.97
90.28
94.56
99.56
97.46
93.31
89.94
87.14
89.51
90.16
90.50
93.26
92.93
92.81
90.09
96.39
101.80
103.08
104.15
96.88
95.42
105.52
112.16
107.95
103.90
101.42
101.72
107.65
108.60
103.63
97.98
98.77
97.02
90.53
91.41
90.51
88.29
88.12
90.95
90.72
96.88
105.50
102.47
95.26
88.32
92.84
107.28
108.00
97.88
87.19
86.61
93.44
104.47
104.83
97.83
100.37
97.89
99.84
102.31
97.83
92.60
89.49
88.58
92.28
99.54
103.84
96.86
90.07
91.08
93.56
99.69
104.32
102.84
100.20
96.74
96.42
101.75
101.00
99.85
93.94
94.28
91.71
91.03
93.93