96.83
87.51
87.40
89.85
98.96
107.06
112.00
112.11
110.22
109.72
108.72
101.97
91.17
90.48
99.48
101.83
96.94
92.27
97.07
108.13
106.36
104.17
98.09
100.03
103.85
98.79
94.76
90.28
89.33
92.34
95.18
93.40
97.70
101.08
104.86
105.28
107.00
110.62
110.43
110.20
107.78
105.25
98.24
92.41
91.99
95.13
94.06
91.48
90.25
98.47
99.25
97.94
105.11
113.29
110.68
104.70
101.31
96.53
95.87
94.44
91.27
88.83
88.87
95.31
109.67
114.65
108.22
96.34
93.50
99.29
96.59
89.57
91.65
105.32
111.75
104.12
94.13
87.14
90.32
96.71
99.10
105.50
110.75
110.92
103.98
93.97
96.41
108.14
112.77
108.08
98.08
87.12
88.05
97.36
104.25
107.89
109.97
109.23
107.82
106.43
104.80
96.10
93.60
90.45
89.45
88.68
96.33
105.17
110.85
104.28
90.31
84.49
88.92
91.72
90.57
92.79
95.79
97.62
101.09
103.49
96.36
89.01
88.05
92.23
97.93
103.21
108.08
108.22
101.85
93.11
92.35
99.99
108.53
103.96
92.41
84.84
85.56
87.78
90.78
99.63
107.16
109.83
109.81
101.30