99.52
93.56
102.75
114.10
115.53
105.58
90.67
88.95
97.84
100.02
99.61
95.31
96.93
104.55
111.60
115.08
112.00
109.44
103.47
92.90
89.50
88.85
91.29
90.37
92.22
95.88
103.87
109.73
103.97
102.55
102.19
98.76
102.07
104.81
97.19
86.80
84.64
90.69
98.10
103.27
108.28
112.69
105.75
98.59
101.06
98.13
92.25
93.06
98.24
97.95
102.46
105.04
106.36
108.10
109.34
107.91
100.10
95.07
100.33
105.23
104.46
94.81
94.64
104.63
106.85
100.36
100.61
104.30
100.50
97.39
91.21
87.60
86.51
85.70
85.30
87.12
95.24
99.79
97.15
98.56
100.90
98.19
96.82
99.10
99.03
102.19
105.58
103.02
104.18
105.65
106.07
99.95
95.69
93.95
98.62
97.40
100.11
103.22
105.64
102.84
101.58
101.11
98.75
101.71
104.01
97.47
88.93
89.86
89.63
93.24
94.79
90.64
91.45
95.43
94.22
100.33
104.76
99.26
90.06
86.44
92.53
101.12
108.39
112.83
113.79
104.99
88.72
83.59
88.06
97.61
108.82
114.56
116.54
114.50
102.92
86.72
87.90
100.50
106.51
100.52
100.79
106.23
104.73
95.47