100.30
98.47
101.48
109.41
112.63
113.78
109.70
99.90
99.10
102.36
104.85
107.53
107.32
105.04
103.20
99.68
101.41
103.28
103.23
98.99
96.13
95.84
97.57
103.60
106.86
105.85
96.25
87.99
86.55
89.43
98.13
109.33
110.77
106.72
95.64
87.42
92.79
94.99
90.62
92.13
91.92
89.83
96.47
105.24
101.00
100.71
106.28
108.83
109.21
109.61
111.25
112.82
106.85
101.52
96.22
99.46
97.37
91.05
93.64
100.29
100.83
94.96
95.73
93.32
91.25
91.85
89.33
91.38
98.76
102.33
95.56
90.85
90.09
88.04
88.03
94.71
97.90
104.63
106.13
99.16
93.89
93.69
93.16
100.94
110.87
109.84
106.66
103.24
101.59
96.62
99.85
104.09
101.21
93.91
94.19
95.66
101.98
108.00
101.07
89.95
85.68
92.29
99.22
97.50
96.86
92.98
93.93
101.61
109.04
112.45
104.86
98.06
90.61
93.77
102.80
107.16
107.71
101.02
91.74
87.52
89.98
99.14
106.01
108.79
103.61
94.84
89.22
93.97
104.60
111.68
108.33
102.05
103.47
108.27
106.77
100.47
90.83
84.95
89.20
91.69
90.29
95.84
97.08
96.16