98.11
91.83
93.59
97.50
96.63
102.37
103.38
94.37
94.01
103.27
104.95
107.46
111.36
112.71
110.71
110.06
107.48
107.00
110.36
112.70
110.72
103.65
96.96
94.00
92.46
94.35
92.67
92.15
98.10
109.43
108.03
106.10
104.48
104.91
98.91
98.96
96.74
89.41
86.31
92.01
98.12
98.65
103.20
103.44
101.10
97.82
95.89
90.29
87.18
86.46
90.43
98.10
99.78
93.37
89.33
92.76
98.98
102.00
106.01
105.21
101.47
94.97
97.95
100.11
92.99
88.32
93.56
102.03
107.48
111.35
108.11
105.92
102.81
95.19
88.11
89.34
94.99
103.21
108.84
113.27
114.02
109.15
106.79
100.61
100.33
100.01
91.97
89.82
94.94
98.61
95.51
100.72
100.47
91.53
92.24
99.62
103.59
101.08
94.53
88.28
85.92
85.59
85.63
86.78
87.68
88.07
87.79
90.53
93.65
92.55
93.78
101.25
107.44
111.39
110.61
107.86
105.95
97.36
87.30
87.39
88.45
88.55
87.33
90.75
100.87
109.21
113.61
110.82
107.90
105.81
99.27
98.79
101.99
104.30
106.27
104.93
104.85
97.91
89.45
86.85
87.18
89.54
99.48
111.56