100.38
102.52
114.06
117.77
110.52
100.72
94.81
96.69
94.51
90.47
87.38
87.05
92.78
97.53
104.67
100.19
96.59
97.97
95.14
91.83
95.43
95.70
96.07
102.59
109.56
104.26
98.37
93.94
98.85
96.54
97.92
103.07
101.56
97.01
101.38
100.66
98.64
97.82
98.92
106.33
103.61
100.91
98.79
100.47
98.16
89.33
88.28
88.04
91.15
95.66
102.46
107.42
111.96
110.83
101.35
95.30
91.85
87.91
88.49
96.12
106.04
109.83
107.76
105.46
105.43
108.56
101.90
96.54
93.75
96.85
98.21
104.04
109.54
102.35
88.80
87.22
88.06
89.48
96.17
105.81
113.75
114.85
111.88
101.01
92.79
92.47
94.25
95.68
101.43
106.29
106.88
103.66
93.45
86.37
86.96
92.46
106.26
104.03
92.98
85.26
85.94
86.76
87.22
87.43
93.69
101.92
102.96
102.00
100.12
92.37
89.55
94.99
108.09
110.66
110.79
103.51
92.19
91.98
102.05
107.97
103.50
101.54
100.18
97.37
99.99
101.87
105.17
100.10
99.23
100.19
98.44
97.51
100.25
95.03
92.54
92.64
91.34
94.09
92.95
94.21
94.51
94.35
94.06
100.47