96.77
89.48
94.28
106.76
109.23
106.63
107.60
102.40
90.58
85.11
87.47
95.81
105.65
108.98
105.15
101.58
95.04
90.59
89.04
91.38
100.39
99.78
90.57
92.57
97.49
102.80
110.24
104.91
97.05
94.16
100.82
102.11
94.55
88.83
95.97
110.91
116.35
111.42
103.93
104.82
110.58
113.99
112.35
103.61
99.19
105.56
107.50
103.75
97.43
94.85
100.03
104.45
101.03
99.17
101.74
96.75
90.45
94.87
101.61
98.04
93.42
98.89
108.62
112.71
108.35
93.78
85.58
89.65
102.27
106.49
108.31
109.99
112.01
113.76
109.22
101.81
101.85
103.58
106.30
108.00
106.04
104.78
104.26
106.69
106.91
104.77
106.09
108.53
110.77
104.33
95.42
96.32
105.43
109.68
110.97
103.16
89.56
90.68
93.06
92.07
95.73
101.93
97.70
97.20
99.48
104.93
100.68
89.10
84.20
84.45
85.52
89.00
93.87
102.28
104.65
98.74
96.81
98.95
104.03
110.59
109.91
103.75
103.04
105.69
109.13
103.41
93.45
94.75
95.75
99.81
100.07
95.85
94.78
90.81
91.96
91.03
89.58
92.85
104.40
113.90
113.07
109.58
108.32
109.94