99.24
90.44
88.69
89.27
89.54
91.04
101.58
106.27
100.03
95.27
94.40
95.36
104.04
104.34
103.18
105.18
100.36
91.95
88.47
86.69
87.15
94.90
101.37
108.86
109.62
109.21
101.80
90.97
90.75
93.40
90.75
87.70
86.79
90.34
103.36
105.32
95.84
87.39
84.96
90.38
96.92
103.95
109.97
107.66
99.44
92.66
94.33
99.46
99.71
100.11
94.63
98.00
103.71
101.03
90.45
85.10
87.89
98.17
108.84
104.63
100.60
102.99
107.68
107.51
104.60
97.07
88.11
90.36
93.82
103.03
111.20
109.33
100.31
97.83
93.43
91.09
91.07
92.62
99.06
101.17
93.43
86.69
87.50
91.72
95.93
100.07
103.13
107.99
110.27
111.18
107.60
105.53
107.52
107.75
109.04
108.26
105.99
99.64
94.22
98.32
105.51
102.14
99.11
103.39
105.43
107.80
102.63
90.65
86.44
91.03
98.01
108.98
113.87
108.33
99.63
98.86
94.06
87.06
86.56
87.96
92.36
96.86
103.98
112.25
108.58
101.72
101.52
97.80
88.82
87.66
90.13
95.79
100.19
102.61
107.66
103.61
102.63
99.36
96.16
98.00
103.49
103.43
106.44
110.74