102.90
105.02
108.22
103.60
97.20
98.05
98.94
100.69
98.95
91.74
94.01
98.79
103.66
106.70
108.62
108.16
106.99
107.67
108.54
104.85
102.33
106.14
104.78
105.73
101.63
92.87
92.07
94.25
93.09
90.00
87.35
92.52
97.11
104.49
109.19
108.06
107.16
101.18
90.92
89.56
98.00
109.96
113.46
111.46
99.97
93.96
102.44
105.85
107.57
108.83
101.11
99.21
106.59
112.37
110.27
108.34
100.52
91.74
89.87
97.05
96.95
89.26
91.48
100.73
110.27
110.45
108.30
107.02
98.35
89.89
91.44
103.06
104.60
101.88
102.72
100.40
99.52
100.61
95.55
95.09
103.64
103.96
94.64
88.83
91.87
99.17
102.59
103.70
98.44
98.97
100.88
105.77
110.74
106.85
98.77
99.35
106.99
110.78
107.74
105.05
106.08
104.66
97.53
99.25
104.07
105.04
95.82
85.59
85.07
89.88
95.69
105.62
110.25
108.96
101.37
95.70
90.69
87.15
93.25
100.81
107.28
108.70
104.69
97.82
98.53
101.21
104.36
97.38
94.06
95.44
102.37
100.59
99.26
106.34
106.16
104.05
106.29
105.62
96.82
88.94
87.46
94.09
104.20
103.91