97.66
89.42
94.02
98.07
96.28
90.36
89.35
88.51
88.08
90.08
96.97
99.58
105.82
110.17
108.80
98.60
91.63
95.16
104.06
105.65
100.07
93.98
95.75
104.87
104.33
96.47
87.78
86.83
96.33
108.11
113.00
107.00
100.56
98.81
103.48
100.55
90.33
86.87
94.73
96.80
96.22
94.66
89.64
85.67
87.60
91.73
92.16
98.76
106.94
112.74
113.86
113.47
113.25
110.48
101.26
88.06
83.78
85.09
87.47
90.06
101.26
106.46
99.67
100.24
103.32
102.81
103.54
108.27
107.62
107.85
107.00
104.37
96.92
90.23
85.96
88.30
89.77
92.54
92.38
88.61
86.24
85.86
88.83
92.14
97.80
107.67
104.27
101.44
103.10
102.66
93.56
88.66
93.46
93.69
89.51
86.41
90.07
95.71
107.87
107.18
105.60
98.39
99.40
106.38
105.08
94.32
85.92
87.45
98.63
110.70
109.26
96.74
91.83
93.45
100.91
103.66
107.90
109.35
110.49
111.37
105.91
92.63
90.14
91.04
88.19
89.03
94.32
99.83
108.70
113.35
108.18
102.57
98.36
102.44
104.68
100.84
92.96
90.95
95.64
101.59
98.46
92.99
89.88
87.42