97.67
91.52
100.64
107.26
110.78
107.13
97.48
89.14
92.04
100.54
96.58
99.16
106.65
104.55
103.24
101.59
97.50
99.05
99.99
98.42
91.40
88.33
93.87
102.41
108.76
110.55
111.20
112.17
107.79
101.32
95.98
90.30
90.15
97.10
104.04
110.10
106.99
104.76
103.76
98.56
92.66
92.75
102.85
104.42
106.82
102.82
95.38
92.71
99.68
106.70
111.11
112.73
112.44
112.59
112.21
102.27
89.10
84.99
85.32
85.45
85.60
85.71
86.75
88.81
90.04
96.23
109.72
107.35
97.20
89.49
87.43
87.73
87.17
89.70
102.27
105.69
100.80
94.46
92.17
98.21
108.10
111.25
108.31
103.60
103.86
97.44
96.70
104.93
105.59
96.31
90.28
92.19
90.65
94.03
102.88
110.59
108.90
105.08
103.54
101.41
97.90
90.57
85.75
87.01
91.94
94.31
100.32
105.87
99.96
100.09
104.22
103.63
93.57
87.77
93.63
106.31
112.98
109.62
103.36
94.79
86.46
85.31
88.42
96.77
110.89
117.11
116.60
107.59
91.68
89.94
91.96
97.30
96.92
99.94
105.41
106.14
103.29
97.40
89.99
94.66
102.07
108.37
107.45
98.26