98.75
89.68
86.94
92.66
109.00
106.74
95.38
96.63
109.11
113.96
107.61
91.78
86.18
92.33
94.28
97.44
104.22
110.52
107.58
102.49
101.02
104.93
104.46
102.95
97.00
91.62
96.07
107.05
111.52
109.11
97.33
93.84
98.36
104.39
102.09
101.72
95.85
87.39
86.86
87.08
87.15
87.22
87.06
88.25
92.63
93.47
96.25
105.22
110.53
107.27
106.30
102.18
96.33
89.49
90.85
100.77
106.50
105.82
107.86
105.75
102.88
97.26
96.39
94.72
96.41
99.90
103.78
100.05
93.55
89.94
94.80
95.21
90.76
96.39
106.97
110.78
109.25
109.68
110.54
111.86
107.85
103.84
103.71
108.20
109.98
101.09
91.90
86.47
87.75
94.57
95.63
94.07
91.33
89.92
94.24
106.48
106.94
105.86
103.86
102.06
106.58
112.69
112.37
104.33
98.97
96.12
101.62
101.47
98.33
90.86
91.38
100.90
103.73
104.63
102.59
93.17
91.27
93.59
98.60
105.56
105.69
107.59
104.77
98.00
93.72
96.49
93.72
95.85
94.35
88.25
88.99
94.70
102.86
111.60
107.77
105.96
105.81
104.56
95.57
89.15
90.32
93.57
94.56
92.26