97.08
88.81
88.46
96.34
105.20
108.58
107.11
100.15
93.42
93.32
100.29
105.71
111.08
111.31
104.35
101.73
103.44
98.13
97.00
99.37
106.83
112.32
107.51
101.61
99.61
98.93
104.31
103.05
100.94
98.40
97.47
98.58
103.82
103.28
94.87
86.79
89.32
95.90
99.09
102.49
102.38
99.02
90.95
92.84
102.15
104.16
105.70
106.26
106.35
108.04
110.03
106.96
95.89
90.98
94.57
93.00
91.67
88.65
94.49
95.04
98.73
107.21
109.46
101.62
97.65
104.47
110.92
105.70
93.99
95.08
106.31
112.21
109.36
104.05
104.06
103.38
95.38
95.21
96.73
97.06
91.83
87.03
89.92
101.35
108.42
109.49
100.40
90.30
91.74
94.10
97.23
94.01
97.30
94.89
99.39
98.60
103.15
99.33
95.81
96.23
92.44
87.01
91.31
92.68
99.46
107.99
102.15
100.63
102.32
107.71
102.31
99.52
97.60
90.68
92.53
98.67
105.02
106.34
103.70
100.48
101.84
96.08
87.33
88.05
91.47
90.46
93.20
95.06
91.61
87.92
90.38
96.69
103.63
98.16
94.55
98.63
108.76
108.41
99.66
90.28
85.74
87.73
94.08
96.65