100.55
98.14
102.15
97.70
92.03
93.91
105.95
111.99
114.00
112.89
111.85
106.81
95.02
89.72
97.74
110.47
112.60
103.41
97.84
93.61
88.48
86.40
92.16
102.20
109.93
104.52
97.47
94.60
97.77
104.41
109.50
109.17
101.90
93.76
94.33
103.44
110.43
107.42
99.67
89.88
93.11
99.21
102.83
98.03
88.62
89.28
94.81
105.40
110.26
110.59
112.04
113.69
113.72
112.77
104.60
99.40
93.30
91.96
100.06
103.09
97.15
94.31
90.36
89.94
95.63
105.56
106.98
106.48
106.54
99.51
98.79
96.66
98.51
97.74
101.55
97.87
100.28
107.19
110.66
111.27
106.53
99.08
95.41
95.13
101.53
102.34
93.45
91.14
92.25
96.99
103.41
99.38
98.41
101.32
95.63
92.37
92.32
99.83
110.88
111.37
107.35
107.46
109.80
111.00
105.94
101.55
97.54
95.06
99.83
108.84
105.74
99.74
96.88
97.32
95.30
92.03
90.32
93.00
96.23
103.91
103.60
98.04
93.91
92.92
101.22
99.39
97.45
94.67
92.14
90.01
88.13
90.28
93.01
93.97
93.34
89.90
91.57
91.74
89.95
89.31
92.05
93.02
101.04
103.22