102.24
105.26
109.11
102.20
96.56
100.30
104.72
109.35
108.08
105.95
108.03
111.19
108.81
106.73
98.77
90.69
93.79
97.59
98.80
96.84
99.13
101.31
101.15
96.68
97.29
105.07
103.61
91.68
86.54
88.22
95.46
95.52
90.71
95.58
104.49
103.73
100.11
93.00
94.08
93.67
100.37
101.84
106.23
103.25
92.47
93.78
94.64
94.83
100.97
104.52
107.60
109.69
107.91
107.86
106.98
98.49
95.84
96.70
99.31
100.26
106.00
108.24
101.00
92.17
88.99
89.87
97.65
109.61
113.38
104.99
90.46
85.62
88.04
95.66
96.86
90.32
90.03
96.96
104.08
102.52
95.24
91.23
88.74
91.51
103.13
108.69
101.95
101.06
108.34
114.24
114.74
112.31
108.60
106.41
99.82
89.36
91.48
96.14
93.05
98.32
104.18
98.24
92.49
89.30
89.83
89.93
92.99
95.96
101.40
110.44
106.21
94.19
87.54
88.14
95.31
101.26
107.16
112.41
113.78
111.83
106.82
101.16
101.70
98.06
91.19
88.51
88.20
95.25
102.11
106.49
103.25
102.69
103.44
96.95
90.26
93.58
94.44
92.97
99.18
106.39
102.58
96.66
94.46
101.15