97.85
91.20
94.45
99.61
104.64
111.51
110.02
107.50
101.84
97.56
102.15
106.85
110.58
108.09
102.23
96.44
96.72
105.35
109.07
102.64
98.05
103.70
105.01
102.61
95.11
90.89
93.64
104.07
101.90
99.03
97.39
94.88
97.80
99.51
105.56
105.81
98.08
87.63
84.38
86.59
92.02
93.98
102.77
109.60
104.82
91.43
88.44
98.46
106.87
107.27
96.94
86.32
87.99
93.39
102.53
112.42
107.60
100.21
101.95
109.86
112.10
103.37
96.49
91.98
95.27
95.10
88.63
87.97
90.60
100.83
103.90
94.81
91.56
96.23
99.36
102.72
102.05
106.07
101.03
89.89
87.31
96.90
100.80
100.58
105.19
103.57
97.30
96.51
96.60
95.34
89.58
87.06
92.37
97.01
102.48
107.44
112.47
107.34
97.63
93.30
91.62
88.27
88.74
87.97
93.25
95.23
92.75
92.81
90.48
88.53
93.66
98.99
96.21
88.89
86.35
87.72
89.92
91.47
91.24
94.32
104.91
111.96
113.42
112.62
109.89
109.96
109.44
99.24
90.28
86.83
93.12
105.48
101.98
96.20
96.47
99.22
95.62
89.18
85.65
87.65
95.06
109.97
114.85
105.88