101.25
98.92
99.32
93.33
89.51
92.60
93.25
95.00
93.70
95.45
102.42
102.79
104.21
109.12
103.49
95.04
87.55
89.73
93.34
97.10
106.08
114.12
111.15
105.32
102.01
99.60
91.52
86.31
88.07
92.18
95.01
99.87
104.39
106.74
99.25
93.04
94.26
92.10
87.83
92.45
94.95
99.82
95.80
93.48
98.68
104.14
100.44
99.11
102.75
97.29
87.22
83.93
85.39
90.51
105.18
110.03
100.04
91.49
92.59
95.30
100.68
109.84
105.40
91.25
88.10
95.02
107.33
108.34
97.66
94.29
104.24
111.81
113.67
108.80
94.17
86.94
92.64
93.72
88.34
86.43
86.25
90.75
99.38
107.20
107.35
97.16
89.26
91.68
96.29
92.21
95.40
96.03
99.14
101.54
103.81
103.67
94.99
90.01
91.84
98.17
104.06
101.68
98.17
99.14
94.36
96.82
108.12
112.63
104.59
93.92
97.05
96.76
99.23
105.25
109.07
109.98
109.36
107.40
97.27
86.59
86.12
95.11
110.35
112.76
108.74
100.99
91.90
88.13
92.23
102.25
105.57
106.29
102.31
100.78
97.96
97.40
101.74
103.52
103.27
104.63
101.55
96.90
92.82
89.17