97.41
89.82
94.72
111.13
108.91
104.36
107.39
104.87
102.15
104.50
107.49
107.22
106.69
102.89
92.44
91.45
95.05
102.87
103.70
95.48
90.61
95.20
103.01
108.18
110.60
112.80
106.90
97.36
95.73
104.28
110.70
110.03
104.62
97.94
91.31
93.39
92.66
88.27
90.68
101.34
110.73
114.97
111.82
105.43
104.13
101.99
91.72
88.73
97.11
106.07
103.78
98.31
100.72
103.11
102.83
101.43
103.09
108.68
108.99
100.90
93.24
88.41
88.80
90.83
96.15
98.17
98.41
100.64
106.99
105.06
100.33
95.73
95.65
102.87
107.71
104.18
98.70
91.68
92.79
98.00
96.04
99.97
102.53
101.06
101.94
105.93
107.00
105.89
100.43
91.93
86.22
89.11
95.45
93.92
88.32
87.33
90.99
103.58
111.67
107.83
102.89
99.34
92.08
86.91
87.85
98.41
106.86
101.14
89.58
87.39
95.35
100.08
94.05
95.80
98.10
101.23
107.43
109.04
102.75
97.94
96.81
98.61
101.89
101.88
101.78
95.11
88.93
92.23
93.89
95.82
99.79
104.99
108.00
101.54
90.47
90.53
92.95
93.53
96.93
104.17
107.60
108.06
102.04
99.28