102.91
98.40
104.46
108.90
110.96
110.79
106.97
106.16
108.94
106.19
103.73
98.16
98.63
106.19
111.45
113.21
108.62
100.19
95.76
90.30
92.16
92.11
97.69
101.97
97.60
92.41
88.80
89.77
96.19
106.54
113.74
109.08
104.51
102.58
97.26
94.61
93.82
97.22
98.98
98.19
98.77
98.83
98.60
104.02
106.15
102.19
93.88
87.10
90.71
100.23
105.27
105.35
105.25
100.62
101.08
107.94
103.11
90.91
91.17
94.37
96.83
102.16
105.68
110.46
108.61
97.49
90.88
93.59
91.58
90.15
89.47
97.69
105.08
108.04
108.11
109.03
104.10
96.82
95.48
97.23
99.71
102.73
100.61
100.58
97.15
100.37
101.33
102.39
106.96
110.71
110.44
109.56
108.69
103.84
94.69
92.60
93.45
91.30
96.68
98.19
92.85
88.50
91.76
94.20
95.73
98.49
99.11
104.30
104.09
104.70
102.71
93.41
94.45
102.70
101.58
100.15
98.92
91.64
91.54
95.91
103.19
101.22
103.05
110.12
107.42
99.08
88.43
86.52
86.45
90.00
98.02
102.47
104.20
107.54
110.47
111.13
102.82
92.79
93.44
103.01
103.71
98.73
92.78
91.25