99.37
95.06
95.05
96.07
93.20
87.96
89.43
97.70
102.56
99.84
93.07
96.81
99.09
91.92
86.98
89.84
102.32
114.13
115.05
106.80
92.56
86.96
92.72
106.12
113.32
108.35
101.64
98.41
92.69
90.40
87.94
89.35
100.67
114.27
111.54
96.92
88.07
93.59
98.79
97.95
92.27
88.64
93.45
102.78
99.98
99.83
100.31
96.62
100.61
103.19
103.90
103.01
105.42
101.73
101.31
100.20
94.79
95.88
93.66
98.87
104.83
98.35
91.93
98.25
105.23
108.18
104.31
101.12
93.96
90.78
90.31
92.98
92.95
97.54
98.13
97.53
102.28
104.04
98.61
99.55
107.39
103.01
101.03
96.57
97.62
105.90
104.53
105.03
98.54
94.62
92.04
88.24
86.22
87.45
90.97
100.45
100.52
96.75
96.51
102.17
109.66
112.35
103.81
91.29
90.55
94.27
93.82
99.43
103.76
105.84
100.50
98.54
104.62
101.15
95.90
91.36
96.22
104.07
109.07
112.86
111.87
104.70
95.33
95.99
100.20
101.41
105.27
105.21
101.34
100.88
102.02
106.87
110.47
111.37
102.52
92.30
88.52
95.33
100.59
97.26
96.85
94.96
91.20
90.08