99.57
98.17
108.75
115.68
113.51
109.79
98.91
92.61
93.02
100.25
109.70
107.60
99.87
95.21
99.36
107.23
110.41
104.17
97.76
102.70
106.31
97.13
95.21
102.90
104.89
105.19
107.03
109.78
111.55
103.29
90.78
86.92
96.08
107.92
112.91
113.24
104.04
97.56
103.96
112.38
108.16
103.88
98.62
94.89
92.18
92.22
92.57
101.25
101.44
101.67
99.13
96.85
97.35
99.22
95.04
90.95
89.61
94.86
100.86
97.73
91.73
97.23
106.51
112.93
114.80
108.60
91.91
86.63
88.05
87.29
86.59
90.07
94.64
98.84
105.07
106.49
99.67
91.56
96.27
107.41
111.20
104.60
98.51
92.77
93.28
97.46
101.12
108.35
111.73
110.92
111.44
103.73
87.51
83.33
86.16
90.57
91.60
97.65
108.63
107.94
104.97
96.65
89.78
87.43
86.57
89.59
94.12
93.14
95.38
105.43
108.66
104.78
93.23
90.45
93.56
103.51
110.48
111.51
106.91
93.47
85.64
88.74
93.55
91.21
94.55
96.58
95.07
97.27
93.62
90.07
95.34
98.02
102.58
100.25
102.38
97.76
91.64
88.46
92.94
94.54
102.21
112.10
113.15
105.60