97.62
93.88
103.68
102.35
96.04
88.53
86.38
92.88
95.84
92.57
91.50
94.92
93.48
89.43
90.52
97.72
109.64
105.18
94.55
90.89
100.01
105.94
110.66
112.84
110.79
109.08
106.36
99.40
97.91
105.49
110.14
112.68
112.34
103.64
99.14
103.61
101.66
103.06
109.64
111.78
108.98
99.47
88.06
85.19
85.26
89.80
102.92
110.24
113.16
106.83
102.48
96.95
91.72
89.65
88.76
86.67
88.76
89.22
89.15
90.99
90.11
88.59
89.94
90.62
88.78
86.84
87.35
91.78
92.82
90.02
90.73
98.51
99.17
101.64
107.32
110.45
104.70
90.99
87.44
89.04
93.58
99.53
102.69
107.32
102.93
101.64
100.50
100.40
98.92
94.07
93.87
100.42
109.60
115.00
114.08
107.06
98.06
93.99
101.16
106.70
105.56
101.64
100.29
99.01
95.28
92.59
92.71
101.22
102.81
104.55
98.80
88.46
89.97
96.24
102.39
107.03
101.49
93.86
89.27
92.60
96.58
101.57
97.53
91.92
94.54
100.83
101.60
100.51
102.65
97.72
91.92
88.10
87.84
91.67
98.07
102.72
109.89
104.81
102.95
108.77
106.11
103.64
101.14
92.00