101.38
95.52
92.24
97.48
99.24
99.65
95.02
89.78
91.93
91.73
98.59
106.54
102.91
92.07
87.57
89.18
89.93
89.16
89.04
90.04
94.89
94.69
93.51
96.80
102.59
98.41
90.13
91.25
91.67
90.15
89.57
97.23
110.19
109.33
96.98
90.42
87.83
86.87
89.39
90.71
91.70
92.67
94.08
92.85
90.32
89.36
90.78
100.52
107.77
102.16
101.94
106.61
111.04
111.59
101.44
93.41
100.48
106.69
100.09
93.16
89.86
88.02
94.17
106.34
114.03
114.96
105.74
90.77
91.23
97.63
99.18
104.15
111.30
112.04
102.91
97.94
98.95
94.23
93.52
91.07
87.61
90.36
102.09
114.60
110.23
100.15
91.98
87.20
86.50
94.28
108.40
114.06
115.65
111.88
106.19
101.65
104.66
106.77
103.24
95.75
90.28
87.24
86.19
87.51
91.20
100.51
102.44
107.06
106.12
101.54
103.22
98.51
96.70
93.78
94.46
95.08
92.18
97.88
106.09
108.85
109.89
108.49
100.12
96.75
96.05
93.63
90.48
90.11
90.10
97.70
102.49
106.13
111.17
105.57
98.73
90.72
92.63
105.59
110.09
105.51
93.50
90.71
92.17
91.46