99.56
95.71
105.80
114.56
115.05
107.30
98.81
99.40
104.27
109.20
103.42
92.48
88.85
88.21
91.76
95.09
99.49
96.26
98.45
102.04
108.23
108.76
97.96
86.07
87.03
89.74
98.44
99.68
98.97
103.04
102.18
95.42
90.85
93.25
91.44
92.01
96.94
94.01
92.57
99.56
98.46
101.18
96.73
90.96
89.67
96.06
106.98
111.69
104.13
90.19
84.20
88.92
93.33
102.08
99.38
91.56
93.29
93.24
89.45
88.91
98.46
104.41
102.83
105.68
101.71
90.53
89.25
92.20
94.31
94.00
95.86
94.58
89.88
94.41
101.38
97.01
98.46
99.30
103.47
98.22
90.75
88.41
92.26
92.21
94.29
98.15
96.13
100.29
105.57
108.48
109.77
102.91
97.87
95.77
97.45
102.88
102.40
97.85
94.56
99.82
102.53
105.31
102.45
100.71
100.62
101.89
101.03
94.66
86.86
87.54
88.15
93.10
93.82
90.40
92.61
94.86
101.70
107.18
111.03
107.90
101.76
97.30
96.51
100.68
108.07
104.37
96.81
94.93
98.51
98.61
98.84
104.56
110.18
111.03
109.01
103.07
94.03
88.48
87.66
89.25
88.66
86.60
91.49
95.80