98.14
92.20
96.65
96.03
90.40
89.97
89.55
96.20
109.99
117.18
116.30
110.59
104.86
105.56
108.73
101.59
90.40
87.76
95.65
102.34
97.10
99.13
96.83
99.91
105.68
110.59
110.11
100.07
95.35
98.37
99.29
104.29
107.38
104.22
98.68
102.46
100.89
99.00
99.98
107.01
107.09
98.42
95.07
103.76
106.37
99.24
98.48
97.40
97.98
92.59
90.88
98.69
99.79
104.71
111.03
107.03
98.10
92.05
97.84
108.65
104.20
97.24
99.87
98.65
90.36
87.80
96.46
111.41
115.15
111.54
107.64
99.56
98.02
93.79
89.44
88.14
86.93
90.02
94.70
105.65
107.53
99.58
98.18
103.93
102.52
100.64
100.54
93.26
89.83
95.24
95.21
99.70
100.39
99.87
103.13
102.63
98.43
101.24
104.90
106.43
104.59
95.54
91.86
92.55
99.65
106.51
110.92
111.96
106.19
96.32
92.79
94.20
90.26
90.55
96.57
107.32
107.65
106.15
103.65
98.52
95.78
90.04
94.34
98.23
104.91
106.87
98.59
98.07
107.60
107.17
96.15
88.43
85.90
89.36
98.35
102.66
104.56
107.92
109.52
105.87
95.21
93.32
101.56
107.56