100.04
101.60
105.68
98.87
91.53
97.70
110.82
115.15
114.42
107.45
103.14
107.37
104.25
97.68
94.28
92.51
87.89
86.20
90.12
92.37
89.67
92.56
94.85
99.70
99.52
103.37
111.01
109.20
100.30
97.53
102.14
105.16
103.87
94.31
85.20
83.79
86.76
88.57
92.05
97.84
97.79
95.94
96.17
95.90
98.35
98.82
102.78
99.35
101.71
106.45
106.66
96.91
89.55
90.95
100.46
110.93
114.38
114.81
110.88
108.11
108.97
103.99
99.58
103.07
100.61
92.32
89.78
87.85
86.86
92.00
98.36
106.62
107.66
103.65
105.59
111.39
113.45
113.14
109.01
102.22
97.64
96.25
93.39
87.98
85.76
88.43
91.33
102.02
108.22
109.13
101.82
92.37
91.98
91.13
88.60
88.61
88.57
88.05
90.92
92.94
97.55
106.35
108.55
99.06
88.76
90.86
103.32
101.96
90.75
90.48
97.39
105.15
111.28
106.87
99.82
90.43
92.47
95.27
96.82
103.79
106.42
103.93
94.49
86.24
84.89
85.36
86.12
91.56
97.06
96.03
91.40
92.18
99.43
102.70
101.72
94.75
97.51
95.99
90.35
92.78
101.53
111.18
114.66
108.64