98.49
95.08
106.25
116.47
117.69
115.42
112.23
107.39
99.34
89.37
85.89
88.90
92.83
97.60
100.35
93.85
94.81
99.64
101.95
99.58
94.49
97.36
95.91
98.19
101.13
97.96
89.58
86.69
86.36
86.38
88.11
94.29
98.97
107.21
105.74
107.42
112.40
114.41
105.75
94.41
88.83
86.09
88.25
90.56
96.12
95.92
92.57
87.98
90.70
103.83
115.09
116.31
114.65
106.51
91.97
85.89
92.62
98.93
96.48
90.09
88.85
96.23
110.33
115.68
115.85
111.44
100.35
95.33
93.12
91.73
88.59
89.51
89.59
94.33
94.75
92.35
96.60
107.52
107.02
94.99
92.28
95.72
95.41
99.86
108.15
109.49
109.02
110.13
110.60
106.80
94.61
92.21
96.10
100.24
99.56
97.24
91.04
93.96
96.30
92.10
86.79
85.63
85.77
85.86
86.86
93.97
100.45
98.12
101.50
98.01
89.37
89.28
95.34
99.39
100.51
101.18
99.57
100.52
107.31
103.81
100.60
95.90
94.83
103.60
112.76
116.06
112.47
99.34
88.02
87.89
90.67
98.12
102.47
97.69
96.76
94.62
91.06
90.91
90.66
93.28
94.73
101.29
106.50
107.76