103.28
99.49
104.57
103.33
95.64
88.46
86.49
90.83
104.76
114.41
109.87
98.92
92.63
98.12
108.10
107.75
98.63
92.09
94.46
96.26
99.62
103.18
101.63
104.31
103.97
99.83
100.87
107.90
112.37
113.99
106.29
96.91
89.59
90.06
89.18
94.97
103.56
98.68
99.59
107.45
109.90
108.36
107.64
104.69
99.93
92.05
89.87
97.96
109.31
104.76
101.40
107.13
111.09
108.72
103.24
101.58
101.15
94.08
90.42
93.37
97.28
93.58
94.17
95.95
102.59
107.61
109.27
101.06
89.20
88.35
89.51
90.10
94.56
104.86
103.72
101.75
96.85
95.13
95.42
93.54
90.30
96.75
98.90
96.67
90.50
90.50
96.91
105.05
103.59
95.41
92.83
98.66
96.16
89.56
91.97
102.30
107.74
100.32
90.47
85.28
86.48
89.16
90.33
99.23
99.68
95.42
93.59
99.75
109.16
114.21
109.36
103.31
101.79
97.01
99.44
105.04
99.72
95.07
95.21
104.07
110.85
111.24
110.41
109.80
102.11
97.12
101.32
109.32
109.91
107.10
98.07
92.87
100.19
99.15
96.35
90.90
94.68
106.58
110.02
109.47
104.17
102.83
98.54
99.10