97.13
92.72
104.63
115.35
113.51
110.86
110.54
107.51
107.18
105.66
100.16
89.63
85.68
88.56
93.80
103.63
103.35
92.94
93.21
97.46
98.76
96.74
100.48
101.68
105.32
106.64
104.54
100.12
100.35
104.22
104.87
105.04
106.83
107.06
105.46
105.01
97.93
90.06
90.35
90.16
90.45
96.02
103.74
110.14
112.53
112.64
110.65
109.99
103.62
89.18
87.11
94.24
105.94
113.60
110.53
106.98
100.73
92.87
91.54
91.63
94.03
96.67
105.62
102.21
96.31
99.00
96.90
98.21
101.07
98.35
96.32
94.18
91.47
90.99
88.52
92.81
93.60
89.01
86.68
88.16
91.42
90.64
88.08
91.37
98.40
103.69
110.53
107.54
106.31
105.36
95.44
86.34
84.40
90.01
103.39
111.57
112.30
110.04
104.81
99.88
97.54
96.59
94.90
101.02
108.31
110.43
108.63
98.39
91.79
98.10
104.75
102.93
99.96
97.47
102.48
99.28
90.17
86.86
87.69
90.14
95.61
100.72
95.79
96.74
97.41
98.80
101.47
95.17
89.27
90.33
90.30
95.68
96.43
103.01
101.33
99.55
94.32
96.73
100.24
94.79
96.10
103.87
106.63
107.20