101.13
99.34
99.70
105.89
111.53
110.68
102.17
98.43
99.38
106.24
104.42
100.02
102.06
96.86
94.23
91.41
97.25
100.90
103.12
101.18
93.82
90.46
87.79
85.69
90.24
94.38
97.77
103.04
98.20
99.15
95.60
90.48
95.83
97.97
98.36
94.87
93.84
96.80
105.53
102.41
96.72
99.99
104.17
97.25
91.80
92.53
93.24
90.05
86.62
88.86
90.21
92.71
97.51
95.05
100.35
106.05
109.17
112.14
114.46
113.27
106.50
94.11
86.66
91.23
99.83
110.07
111.11
100.14
90.30
86.72
86.82
87.95
87.63
86.71
90.84
97.72
98.39
99.32
106.90
110.58
109.90
102.97
98.52
101.40
108.71
112.65
106.62
90.91
84.21
85.64
90.19
101.41
110.21
106.58
102.15
104.75
105.21
97.18
97.09
105.35
111.89
109.68
97.79
93.89
101.59
110.66
106.72
99.44
89.87
85.45
91.56
107.33
107.69
106.38
101.52
99.20
102.25
97.24
89.50
85.69
85.65
87.25
92.94
108.27
114.15
111.44
103.85
99.57
105.07
104.89
94.86
89.22
87.02
88.61
95.38
107.31
109.43
110.47
102.62
99.77
94.91
89.34
86.67
89.65