96.37
88.68
87.91
94.06
103.69
100.03
93.87
89.26
91.20
93.31
100.04
110.33
109.34
106.13
106.95
107.96
109.26
111.76
107.76
104.85
108.17
105.39
96.79
95.00
91.28
92.15
90.24
89.34
89.20
90.50
89.34
89.46
96.13
98.21
95.31
90.80
95.60
106.94
103.75
98.11
91.66
95.50
95.87
95.21
98.16
103.42
109.88
106.92
94.01
90.72
98.93
110.25
108.25
107.03
105.70
97.85
90.90
96.36
97.44
91.73
93.68
102.22
109.07
108.11
101.18
90.39
87.58
87.90
88.23
87.82
89.20
97.07
103.73
101.75
94.53
91.64
94.85
104.21
108.09
109.02
101.55
96.78
90.91
86.28
85.60
87.81
93.46
100.96
98.99
90.60
89.62
94.43
103.39
108.93
111.78
112.47
111.26
105.93
93.29
87.07
89.13
91.12
100.09
101.77
98.31
90.85
91.62
98.21
99.37
105.39
101.05
92.61
86.87
86.70
90.22
99.82
103.23
99.64
97.31
99.54
106.84
106.20
105.25
100.35
99.38
99.68
99.71
101.96
104.13
103.50
104.09
101.73
93.11
90.90
90.16
95.87
105.45
102.65
94.26
95.78
104.13
110.40
112.24
109.21