103.21
97.86
101.88
107.82
100.29
91.29
91.03
97.40
108.73
107.33
99.20
97.75
102.49
102.85
102.49
106.91
112.29
109.42
94.91
85.30
85.95
88.31
88.91
88.12
89.94
100.31
106.38
108.23
104.25
100.25
103.91
107.13
103.75
99.96
92.20
88.93
95.28
99.15
94.21
90.39
92.25
91.76
91.81
100.88
108.68
111.18
103.07
88.87
84.51
88.77
95.07
100.22
108.82
103.66
99.42
93.91
89.00
91.79
102.59
104.71
95.47
90.21
90.39
93.67
104.72
102.89
96.40
98.31
106.35
109.70
108.79
107.47
105.19
102.53
93.47
90.51
98.97
104.43
100.60
91.91
85.60
84.60
86.94
95.87
113.38
115.56
109.43
98.81
88.37
85.78
86.42
89.54
92.66
94.24
98.01
105.98
101.88
93.59
97.19
108.91
111.05
108.75
99.06
86.75
86.65
91.68
103.44
104.69
95.62
90.91
89.37
95.77
109.37
115.50
113.09
100.03
95.25
97.97
105.32
103.36
102.75
105.39
101.74
98.24
99.48
99.90
93.32
88.82
87.47
92.69
103.67
102.23
101.82
107.59
109.07
109.41
109.58
107.43
105.12
103.36
103.51
97.65
95.37
103.66