96.44
89.09
88.40
92.99
97.04
98.68
105.94
106.85
100.80
100.36
106.21
107.15
102.99
101.63
101.84
101.48
95.07
93.25
92.01
89.79
87.68
87.93
95.20
106.06
105.04
106.42
100.51
92.39
86.98
90.18
95.66
93.93
88.58
89.09
95.30
109.14
112.77
106.77
105.24
104.14
102.39
105.04
101.09
98.59
103.84
111.51
115.42
108.77
99.49
102.03
108.24
103.77
99.74
104.94
108.23
99.70
95.30
91.33
93.83
98.38
96.03
97.15
105.73
107.86
101.96
98.48
94.34
97.74
102.03
108.26
104.18
98.56
97.91
101.31
95.55
89.99
92.66
96.10
104.06
107.74
106.98
108.94
106.49
106.41
106.97
106.71
97.69
90.02
93.82
102.87
106.61
102.84
104.33
101.93
92.88
88.14
89.91
96.90
108.66
109.91
104.07
93.51
87.53
88.32
93.16
91.99
92.41
91.90
97.93
105.22
107.87
107.40
104.77
103.24
102.85
107.02
104.11
101.24
105.76
100.98
88.53
83.72
87.09
91.20
99.44
102.08
95.09
94.70
96.59
98.80
105.49
109.85
110.44
105.00
98.18
89.12
86.55
87.76
94.49
95.43
99.92
104.81
107.93
99.99