99.05
90.80
94.68
99.22
106.36
110.16
111.54
106.81
102.88
105.58
104.15
93.70
88.16
90.61
97.20
94.43
94.06
96.81
95.62
97.44
104.60
104.99
101.03
94.95
98.57
104.53
106.12
108.01
108.08
107.98
103.45
92.89
85.70
89.66
102.83
106.53
98.19
93.87
102.26
103.75
102.14
96.79
99.68
97.63
95.93
93.08
91.21
95.55
102.75
107.90
110.98
104.20
96.65
89.40
88.04
90.58
90.87
90.73
99.58
110.69
114.58
106.58
98.36
100.00
108.76
113.86
114.87
113.37
110.31
106.30
96.61
90.28
86.82
86.99
95.19
101.99
104.57
107.19
100.41
89.26
87.95
92.91
101.63
109.12
108.03
101.85
96.67
95.28
92.78
92.71
100.29
109.09
109.12
99.32
90.02
88.54
96.75
98.28
90.61
87.32
87.58
89.41
98.54
112.22
114.00
110.32
101.63
93.19
88.42
93.74
94.47
96.07
102.48
107.34
111.50
110.64
106.99
97.64
87.10
87.10
98.41
111.22
110.35
102.63
99.77
96.25
92.16
87.58
91.00
105.35
113.74
116.02
107.97
93.48
84.90
84.78
86.90
89.02
96.85
112.14
111.42
108.33
107.82
103.87