97.57
88.87
87.66
88.59
91.57
104.04
106.84
103.02
94.97
92.43
89.61
93.46
99.85
100.02
100.11
105.20
106.61
106.98
100.70
92.97
96.42
97.67
92.71
90.92
91.11
92.51
92.84
99.31
101.80
104.42
106.50
99.10
96.15
95.93
95.44
92.59
91.60
89.42
92.32
99.87
99.27
104.12
102.24
98.94
103.79
103.82
103.93
97.46
87.89
89.47
90.78
93.41
91.92
94.35
102.33
101.18
100.41
105.77
108.20
103.10
90.62
89.47
101.32
110.51
111.09
103.12
100.90
106.89
112.19
106.90
100.99
102.58
107.70
108.06
102.68
93.88
89.10
86.37
85.91
88.99
100.71
102.49
98.00
91.62
90.14
98.24
103.35
105.65
104.86
105.60
105.38
97.27
95.26
98.88
106.19
105.61
100.92
98.22
96.73
91.40
87.25
91.33
101.16
104.39
99.28
96.33
103.87
111.47
110.58
102.64
93.52
89.15
87.75
87.51
91.16
92.88
89.56
93.04
106.15
110.58
107.80
108.22
107.48
108.01
106.26
104.41
96.97
96.03
99.38
100.88
105.13
106.65
97.93
86.71
83.84
86.44
87.79
94.93
104.90
100.31
99.96
102.69
96.56
87.54