97.24
88.06
91.29
109.74
108.76
99.80
95.57
91.79
88.33
88.53
95.72
106.50
106.39
107.75
101.55
97.08
98.44
102.44
108.54
108.70
104.89
105.41
102.00
98.32
103.36
102.71
96.75
90.47
93.33
101.61
103.65
96.59
95.16
105.04
113.57
107.60
96.50
89.60
95.88
97.10
92.56
89.62
93.47
97.97
97.68
103.70
108.12
103.93
95.85
94.27
95.23
92.43
92.41
89.97
92.23
103.39
110.57
113.34
107.97
101.04
100.67
99.91
96.74
91.91
91.28
98.53
98.61
100.77
104.74
103.78
96.21
90.32
86.54
89.53
97.18
100.22
99.97
92.83
86.53
85.59
89.47
93.56
97.30
98.11
96.25
100.01
99.70
101.83
105.92
111.11
109.17
105.19
101.79
102.15
103.21
106.41
105.03
105.26
109.31
111.61
112.02
108.95
103.34
93.72
93.35
100.45
107.27
102.48
98.57
94.37
89.48
89.38
91.83
96.41
99.64
104.81
101.52
97.87
100.90
98.84
96.44
101.67
104.27
99.74
96.15
98.92
107.66
109.94
100.26
89.23
93.64
94.86
89.52
88.51
94.59
94.67
97.83
101.63
97.95
100.14
97.91
99.84
105.70
109.70