103.36
98.29
102.10
108.58
107.74
106.47
106.86
100.52
92.63
89.73
89.19
96.29
99.87
96.10
96.46
95.81
98.20
102.01
102.36
101.72
102.25
100.75
95.90
98.94
106.58
111.41
109.87
102.69
96.72
96.35
96.81
101.23
106.18
110.38
104.71
96.73
88.78
86.82
87.52
89.85
97.41
100.28
93.35
95.38
99.88
95.00
91.93
97.75
99.71
101.58
103.62
100.27
91.88
85.85
87.55
91.35
91.84
93.38
92.27
95.06
93.19
89.92
86.95
87.55
90.79
92.91
95.75
106.30
105.40
100.95
92.34
90.02
89.62
97.80
99.72
100.35
94.28
89.79
91.69
92.34
97.35
108.76
107.54
94.83
92.15
93.43
99.28
96.58
94.24
97.17
104.05
99.87
100.28
95.70
95.81
105.80
109.81
103.23
90.84
88.03
91.62
99.22
102.06
95.00
93.42
92.36
99.89
110.54
112.18
106.21
101.95
94.82
89.00
88.48
88.61
87.49
88.73
94.84
107.54
114.22
110.46
97.38
91.42
92.82
89.76
86.85
89.11
90.96
92.21
94.39
95.19
99.63
107.65
112.76
108.06
101.18
92.41
94.04
100.20
100.73
104.73
107.24
101.50
100.00