96.72
91.76
95.76
108.32
112.13
107.30
106.20
107.95
109.02
108.89
100.76
93.03
88.45
87.33
91.11
99.50
98.92
91.35
85.63
88.46
93.55
95.44
96.66
99.54
106.33
109.92
107.49
107.12
110.07
103.80
92.11
87.10
89.85
101.63
107.14
110.46
111.12
108.23
98.63
88.13
91.05
93.40
98.12
99.16
105.33
113.06
111.92
99.83
89.41
87.22
87.82
88.51
90.93
89.99
87.66
87.00
88.42
89.28
88.82
88.03
90.16
91.34
98.79
107.74
110.25
100.69
88.06
89.77
94.00
95.16
95.02
101.46
98.16
99.74
102.23
97.68
99.42
96.86
94.87
94.90
98.53
105.99
111.22
106.52
100.42
97.24
98.22
105.11
107.70
105.24
104.71
103.76
101.16
96.87
94.55
96.79
101.93
108.33
111.03
107.63
107.04
100.15
89.20
84.12
88.35
91.39
89.77
94.47
106.45
113.53
106.06
97.72
98.34
106.55
111.33
112.62
108.59
102.72
100.96
102.71
98.25
88.11
89.04
90.04
92.00
92.44
97.78
108.49
115.49
114.53
106.10
98.59
96.98
100.96
106.58
109.29
101.04
90.75
89.68
94.34
95.40
92.85
98.17
97.70