96.84
87.86
86.36
92.35
105.15
114.02
116.57
116.82
109.97
96.96
93.52
100.40
109.20
107.53
105.44
101.49
100.75
106.46
106.92
104.44
94.64
93.72
100.27
107.50
101.69
89.77
92.03
96.90
98.82
100.23
105.92
109.57
105.67
101.58
97.68
97.81
96.69
101.65
102.30
94.76
90.52
90.35
92.68
99.75
100.45
103.51
99.52
90.73
89.13
96.26
96.58
98.65
100.88
103.61
107.43
106.63
107.33
101.12
91.24
86.22
90.79
103.61
102.95
100.87
100.48
106.70
104.86
92.65
88.75
91.49
89.85
91.09
98.98
99.38
101.28
97.90
99.21
104.19
106.41
104.81
99.23
95.32
89.69
85.63
86.87
90.89
94.15
103.77
106.82
106.06
102.10
100.93
105.64
111.45
113.44
109.89
98.97
91.48
93.11
101.69
105.13
100.74
97.27
97.29
104.64
107.08
99.44
89.91
86.38
89.78
90.41
87.56
88.43
95.68
107.45
114.23
113.55
106.58
91.85
86.62
94.86
110.10
109.77
98.17
88.03
86.35
86.38
86.31
86.68
92.80
104.79
107.39
107.90
109.50
109.86
107.92
107.70
107.92
98.91
91.04
90.10
89.52
86.93
90.48