96.37
87.19
87.84
91.57
92.10
100.15
107.04
106.18
105.45
97.21
88.63
93.35
95.08
91.41
95.10
102.51
99.23
100.35
108.11
108.10
101.81
90.66
89.00
100.52
109.41
111.49
103.41
88.27
85.53
94.09
109.50
107.96
98.54
88.81
86.34
86.00
85.68
90.27
100.15
104.76
103.26
100.69
105.57
106.14
98.43
91.72
91.59
95.98
106.64
113.51
114.13
109.04
104.51
101.73
105.23
103.70
104.48
105.23
103.18
100.53
104.83
109.30
105.94
102.35
95.72
89.07
88.38
91.68
94.70
94.30
89.25
86.13
85.63
85.70
87.70
89.14
92.58
93.22
92.48
89.97
89.72
93.33
101.02
100.76
102.99
106.59
111.22
111.09
108.02
101.81
96.49
92.68
89.82
95.95
95.89
92.84
92.84
96.52
97.70
103.07
111.22
107.36
94.25
91.73
101.86
108.32
112.06
107.08
94.29
87.79
92.60
93.42
90.30
88.27
92.79
98.52
99.84
103.67
100.15
94.21
95.10
96.43
92.98
92.36
100.55
99.12
92.37
89.54
87.23
88.12
97.26
101.09
94.46
91.44
90.45
92.69
102.98
104.31
105.05
106.24
109.05
110.22
110.10
109.98