96.94
91.90
95.63
97.18
90.76
85.99
90.84
96.83
104.42
111.97
113.52
105.04
90.19
89.18
94.14
91.05
94.79
99.92
105.10
107.71
104.69
95.22
94.77
101.93
105.10
102.63
101.38
106.63
105.43
101.13
101.98
106.60
106.82
100.40
96.43
94.04
91.79
99.38
105.57
103.42
102.67
104.30
97.85
95.86
94.11
89.80
94.21
105.35
111.40
110.25
102.75
90.02
87.66
90.08
100.30
99.80
97.49
99.02
98.10
98.42
100.22
105.94
106.68
108.42
106.05
100.74
91.80
89.23
94.21
105.93
105.78
101.49
104.74
101.02
91.58
93.52
93.70
93.25
101.81
108.27
101.68
91.25
91.15
98.05
107.53
103.09
90.42
85.49
87.76
94.10
94.04
92.41
94.72
103.38
112.85
116.57
109.25
91.80
84.43
90.53
99.17
107.42
109.87
111.01
112.34
112.67
109.51
101.49
89.70
84.42
85.39
87.46
91.06
96.02
102.06
101.75
104.65
110.27
110.61
105.59
96.26
93.57
96.98
104.99
104.70
101.02
101.58
106.28
104.11
103.28
105.49
103.71
93.06
88.10
92.57
100.29
104.29
97.03
93.05
101.97
106.84
103.82
103.26
97.54