97.47
91.08
98.90
110.24
107.90
96.20
91.26
95.61
102.69
110.09
114.25
109.90
96.28
93.83
92.60
94.95
105.38
104.41
104.39
98.97
91.37
91.90
90.81
87.25
90.28
92.07
101.18
112.15
111.61
99.21
86.36
85.79
91.45
93.92
92.07
89.53
95.88
103.01
103.19
106.93
110.95
112.29
108.39
103.77
95.96
96.83
94.21
91.01
87.40
87.37
88.43
92.85
94.21
92.46
94.08
95.14
103.29
112.33
110.53
107.20
99.16
94.31
94.58
100.18
104.44
104.34
100.12
90.47
86.29
89.66
102.37
112.29
109.64
96.65
91.81
94.00
93.81
90.28
88.99
93.24
98.75
107.47
106.80
101.40
92.56
94.43
102.41
101.64
102.68
100.80
95.80
91.08
93.78
95.73
93.63
97.27
104.75
102.82
97.69
96.30
102.02
103.22
97.89
94.95
101.91
104.37
105.11
104.84
107.77
106.88
97.64
96.13
101.37
102.40
97.26
100.33
107.40
106.10
102.16
105.04
110.62
113.68
112.94
104.93
100.08
94.82
90.65
93.55
102.34
102.18
99.74
94.92
91.98
89.47
92.93
100.17
105.77
107.39
110.83
112.88
106.09
101.74
104.22
105.94