102.78
109.36
109.97
102.62
100.66
98.81
95.34
91.55
97.33
106.70
111.02
108.67
108.67
108.30
98.72
89.64
88.43
93.46
96.11
94.48
91.23
93.01
93.72
99.94
100.81
95.31
88.85
93.62
107.15
108.83
110.09
109.42
103.99
97.38
94.91
93.54
98.12
108.31
113.01
105.33
98.82
93.32
90.41
97.30
107.94
108.14
97.86
92.05
90.66
92.76
101.86
102.88
98.05
95.78
92.39
87.75
85.20
85.08
85.30
88.44
104.03
118.77
116.11
108.28
96.72
93.05
91.09
94.78
101.35
108.70
104.35
97.94
92.68
90.66
89.64
88.20
93.05
105.75
114.74
116.26
108.55
99.72
100.99
98.82
100.12
102.93
103.24
104.97
108.56
102.82
90.19
84.27
84.40
87.50
89.72
95.60
96.98
104.47
111.85
113.06
107.69
93.79
86.58
90.70
104.45
107.64
110.14
104.58
96.74
90.00
95.37
107.02
114.10
115.55
109.55
102.93
97.22
94.95
92.42
95.50
97.08
97.99
98.73
97.74
100.01
103.81
104.16
100.67
93.06
86.61
86.70
87.62
89.04
89.19
87.80
87.50
90.23
92.76
100.39
111.46
115.25
109.64
104.59
96.47