97.56
88.17
86.03
87.73
89.45
91.47
90.21
87.57
90.92
103.61
104.52
103.38
102.51
95.95
88.01
87.66
89.44
94.90
93.79
99.99
106.99
104.02
94.71
86.79
88.52
90.58
94.90
93.34
92.61
95.11
94.80
98.96
106.77
107.06
101.81
90.89
86.56
85.96
90.19
104.14
107.19
97.63
88.37
85.68
85.47
85.71
88.90
95.60
100.66
106.08
106.74
101.08
93.75
97.61
106.61
102.36
93.91
97.98
100.59
98.14
90.93
90.11
92.41
92.06
94.40
92.11
88.50
93.44
106.03
103.15
95.64
94.34
100.10
97.07
92.64
87.80
86.02
88.72
91.65
97.79
107.40
108.07
98.68
97.37
95.42
89.75
88.33
95.31
105.01
100.24
94.94
95.96
101.37
106.54
107.93
102.74
100.39
102.97
104.28
106.26
108.79
105.85
98.51
98.16
94.48
97.04
104.96
111.79
108.74
96.77
92.01
92.94
98.78
107.32
109.44
110.36
110.78
110.42
105.40
104.62
102.06
103.26
109.55
113.98
114.21
110.71
98.95
85.52
88.08
99.62
105.46
108.34
102.10
92.96
92.39
100.63
104.66
108.28
103.37
94.55
88.26
93.03
106.73
111.25