98.09
95.61
107.05
111.33
111.60
111.48
106.92
105.67
102.39
95.19
96.36
94.50
87.65
86.04
93.77
97.07
92.88
87.84
93.30
100.03
101.83
100.60
97.36
91.43
88.61
90.09
101.14
109.80
105.99
105.87
105.20
102.46
100.06
97.70
102.56
100.41
91.92
87.39
90.96
91.53
92.63
102.11
110.38
106.96
94.39
86.70
85.24
88.80
98.12
102.73
108.04
108.15
102.20
96.40
93.84
98.40
97.87
92.32
94.09
104.63
111.96
114.57
107.47
93.43
88.74
91.12
90.54
91.50
95.97
97.75
99.83
103.34
97.14
97.47
103.18
108.07
111.56
107.97
102.92
94.04
92.47
96.65
101.89
108.22
113.32
111.60
108.01
108.65
101.88
97.08
100.33
100.60
101.22
103.33
106.34
105.53
95.10
90.08
89.59
90.59
95.84
95.95
101.78
100.81
101.35
96.13
88.46
84.82
89.35
94.67
98.36
99.78
100.71
98.37
93.71
91.59
99.18
105.85
104.72
99.00
91.21
90.00
97.97
104.55
101.24
92.62
91.96
98.32
108.31
108.28
99.61
95.01
97.55
102.53
109.37
106.85
104.36
99.21
97.38
104.46
100.95
91.74
86.76
89.34