98.68
95.96
101.32
108.98
108.75
98.24
88.86
93.03
105.03
113.22
114.45
109.56
101.49
89.65
83.82
84.79
87.39
88.87
96.03
101.43
107.75
107.59
108.71
108.80
102.69
101.72
105.00
109.67
111.76
111.41
107.03
100.98
99.48
95.75
88.03
84.79
85.20
85.81
87.10
87.63
90.13
93.15
104.06
115.03
117.59
115.19
108.71
94.06
88.89
89.14
94.28
96.63
104.03
106.65
103.87
98.42
99.16
106.42
105.59
106.24
105.16
96.69
95.49
92.35
94.19
103.13
107.84
110.87
104.46
101.83
101.13
100.50
95.09
88.96
92.14
94.98
95.22
98.21
104.12
110.91
115.04
110.66
105.64
105.27
109.28
112.49
113.29
108.45
104.04
101.48
102.01
97.77
100.41
99.39
95.43
99.17
104.16
104.94
101.53
96.45
89.97
90.94
96.29
107.32
109.28
100.06
87.57
83.59
86.74
93.57
95.01
92.49
94.33
98.89
105.18
107.88
109.11
105.25
93.94
89.88
90.90
92.76
97.95
94.98
95.63
96.94
100.90
96.27
91.88
94.93
95.60
90.28
90.49
98.54
109.38
109.72
98.67
87.72
91.19
98.25
96.45
91.23
87.51
89.14