96.38
86.88
88.43
92.75
95.31
104.99
109.76
108.28
99.67
89.75
88.19
89.25
95.84
104.98
107.33
102.06
91.12
86.24
90.08
93.43
100.30
101.63
102.84
106.82
103.40
92.68
86.41
92.36
107.11
109.69
99.97
94.62
100.29
109.08
113.04
110.31
101.20
96.35
94.36
96.06
95.88
92.59
97.25
95.91
95.65
104.35
113.11
110.72
107.19
106.01
96.95
87.27
89.20
92.18
89.65
86.85
86.16
87.53
88.71
93.06
99.38
110.30
116.24
116.37
109.90
99.23
91.56
89.41
89.24
95.87
105.33
100.28
90.71
93.52
100.36
104.83
109.20
112.79
111.91
102.95
91.66
87.43
86.07
86.68
92.79
98.07
103.51
104.66
97.63
96.98
104.34
100.93
99.48
94.79
97.71
104.10
100.18
90.11
87.59
88.20
91.96
103.60
101.81
101.45
98.34
102.61
106.89
106.95
101.45
90.58
85.64
87.79
95.82
107.21
114.60
108.31
99.16
90.09
90.50
98.27
107.93
111.28
112.84
110.79
101.45
89.52
89.19
97.64
107.09
111.67
108.69
102.82
103.31
103.30
97.73
92.67
88.25
87.10
93.99
97.93
99.72
107.38
112.09
111.63