103.27
106.05
107.93
100.46
96.20
102.84
108.97
106.95
99.17
97.88
99.41
95.27
88.71
93.76
95.61
98.99
108.41
114.20
109.05
93.79
84.82
90.34
105.86
110.61
108.37
106.58
106.62
106.60
98.05
92.90
90.24
87.86
87.25
94.18
100.38
98.01
101.24
108.00
105.46
99.40
95.83
91.00
88.44
94.07
97.64
98.40
92.48
89.38
94.27
100.30
95.26
88.90
92.40
100.74
105.95
98.90
91.81
89.98
87.85
89.98
94.93
103.14
104.34
102.98
107.37
102.36
93.18
90.34
93.93
95.11
100.28
107.53
112.99
114.22
113.18
111.90
104.00
88.19
82.74
85.33
92.21
100.54
98.66
100.14
100.31
98.45
99.50
106.85
110.32
103.87
96.47
90.75
89.37
93.86
105.31
107.06
101.81
103.52
99.61
99.67
94.97
88.64
87.39
89.68
92.49
92.96
100.89
100.88
94.65
93.08
96.40
104.12
103.40
93.40
94.41
101.26
108.30
106.25
104.27
106.49
101.74
90.48
84.79
87.47
90.73
100.95
111.18
106.45
93.42
92.36
103.57
106.50
97.61
94.11
91.30
87.29
87.30
92.68
103.99
108.63
110.18
106.29
102.39
99.56