102.58
106.74
111.56
111.09
101.59
95.15
94.24
97.82
106.41
112.40
107.92
95.88
86.79
90.98
97.42
102.12
97.04
94.70
91.53
97.38
104.99
100.43
90.71
91.43
92.72
100.11
107.98
108.35
109.60
110.15
109.02
103.08
91.31
85.99
89.66
103.48
113.23
116.10
113.42
100.94
87.18
85.73
96.14
104.24
98.65
94.51
96.27
96.46
91.38
91.58
102.62
110.82
103.77
101.08
102.45
102.20
96.78
93.78
101.17
105.27
108.27
110.11
101.38
96.41
96.55
95.68
99.25
101.66
95.21
87.01
91.01
98.30
98.51
97.62
102.55
108.63
103.32
97.34
91.01
93.19
102.89
106.75
104.87
98.04
89.48
86.52
87.46
93.41
97.05
100.05
96.01
91.38
96.99
100.18
102.84
105.43
108.67
112.01
114.07
109.68
106.20
103.35
96.94
90.87
90.77
90.91
91.25
94.47
96.03
101.09
106.19
102.16
96.72
91.88
89.59
89.16
95.77
109.87
111.75
111.80
108.83
108.72
104.55
91.39
89.17
90.36
87.43
87.50
87.62
90.10
95.71
94.39
91.78
93.32
102.20
110.85
105.13
100.84
103.65
109.33
111.35
106.95
98.90
92.67