98.48
89.50
92.43
101.58
109.55
106.50
99.73
93.43
90.26
90.33
93.46
104.32
113.87
109.97
94.25
87.24
88.08
87.45
93.37
96.79
99.22
93.89
93.90
104.47
114.28
117.34
117.25
112.45
97.03
83.85
86.27
100.23
101.73
101.34
105.80
104.05
103.95
100.49
100.35
100.48
101.83
99.91
99.15
101.59
104.34
109.19
112.17
113.57
112.22
107.03
98.66
96.36
101.70
102.53
93.89
93.47
104.33
111.91
114.19
108.92
103.01
98.22
92.08
94.44
96.96
93.02
98.15
106.37
110.54
112.38
107.77
104.87
103.43
104.60
107.99
103.27
99.00
91.56
87.03
85.77
90.43
102.78
102.13
96.81
89.23
86.89
87.16
90.34
102.80
113.41
112.31
109.99
101.70
95.37
93.14
89.35
86.24
85.93
87.38
89.70
95.73
104.97
105.22
98.20
89.87
88.34
95.49
107.84
112.98
114.98
113.29
105.14
102.07
96.45
94.06
92.18
96.76
104.06
110.44
108.47
102.85
98.60
102.35
101.44
99.29
103.54
106.53
106.03
98.54
98.16
100.96
97.45
99.28
96.91
94.37
90.09
88.42
90.14
95.24
101.22
98.91
99.38
104.56
110.69