99.94
92.72
98.19
102.37
97.18
97.76
106.03
104.12
99.74
95.87
91.77
90.55
95.31
96.67
94.39
91.53
88.08
88.67
89.70
88.87
90.31
92.12
90.43
96.89
99.66
93.85
90.10
97.52
98.73
100.82
99.95
96.07
99.63
96.76
99.00
95.64
88.17
86.44
92.48
105.41
114.01
112.74
103.71
91.21
89.05
90.70
88.18
88.32
97.18
105.68
105.43
98.07
88.33
89.26
94.04
105.17
110.11
112.89
107.46
96.65
90.32
87.49
88.85
92.12
98.08
100.71
96.71
92.90
91.16
88.66
86.67
88.21
91.39
91.31
90.86
89.57
95.07
109.65
112.07
107.86
106.53
109.08
110.72
109.72
107.15
100.88
95.36
91.25
96.18
104.90
109.75
108.27
105.89
106.84
101.08
91.60
85.24
87.29
94.75
106.01
103.24
102.26
104.35
105.21
103.90
102.46
96.84
93.06
100.02
108.97
113.78
112.65
107.36
102.05
92.38
85.35
89.73
93.96
100.66
103.21
108.33
107.94
104.30
100.43
101.41
106.83
102.83
97.89
91.22
89.62
89.96
91.79
90.87
88.13
87.20
87.68
88.87
94.83
95.55
99.87
108.71
115.17
111.51
106.70