98.20
90.94
89.05
90.70
100.42
107.05
107.16
104.82
97.77
99.26
102.02
100.96
98.67
91.76
90.14
94.63
97.02
97.79
93.44
91.46
94.87
100.43
104.09
103.52
104.86
106.55
105.02
104.13
106.19
110.81
104.94
96.02
98.46
105.31
101.45
101.67
96.91
88.62
85.19
86.54
95.29
111.68
116.90
117.09
108.32
89.79
83.55
87.88
101.24
112.77
110.59
99.62
95.57
92.23
94.68
94.36
91.07
94.34
98.43
94.00
87.77
92.83
99.66
104.26
101.43
94.03
87.52
92.74
106.15
112.65
112.07
102.18
97.28
102.82
103.26
100.87
95.59
89.09
92.37
97.88
102.63
102.32
103.46
104.99
103.99
100.97
99.76
102.00
108.49
103.42
90.97
84.51
87.07
95.74
107.58
108.73
99.90
90.19
88.52
97.85
98.80
99.45
104.20
103.99
95.80
86.86
84.99
85.49
90.45
103.43
106.53
105.18
103.70
95.53
97.00
102.58
103.60
100.09
103.77
106.16
109.31
112.27
104.90
93.32
91.26
94.85
103.92
107.70
106.40
100.58
96.50
98.14
93.37
87.34
90.38
103.46
109.88
101.90
91.15
95.15
107.85
105.66
104.66
97.45