96.78
88.04
91.90
100.97
101.59
103.53
108.31
103.12
95.74
100.12
104.17
97.48
96.43
98.73
102.08
99.09
96.55
102.58
109.64
113.12
114.47
106.67
88.46
87.30
96.87
96.73
92.05
91.37
99.97
104.13
107.54
108.05
107.62
104.90
104.61
106.03
98.83
96.28
93.49
89.76
88.79
87.25
88.07
90.26
101.04
114.03
116.43
110.88
103.99
98.93
98.29
97.01
95.63
90.28
88.85
96.52
96.19
89.51
92.07
93.00
100.16
108.73
109.61
99.72
95.16
95.30
94.34
90.69
94.48
107.31
111.62
109.61
109.42
106.11
100.04
95.94
95.72
101.40
100.11
92.39
89.22
87.64
91.01
102.26
110.47
114.40
111.67
102.94
94.71
93.74
97.80
101.47
99.54
96.55
98.94
94.46
91.26
97.86
108.93
105.93
102.73
97.08
88.07
84.85
88.04
92.06
100.29
111.39
107.71
96.51
91.64
88.67
86.39
86.33
91.23
103.71
113.52
109.44
105.70
99.26
97.26
95.16
100.76
109.94
114.04
111.96
105.71
96.63
89.65
91.13
98.40
104.87
111.08
111.09
111.45
112.74
109.54
99.50
94.25
90.92
88.94
87.43
87.73
89.81