97.18
89.73
95.56
103.84
103.14
101.95
103.87
104.86
96.50
92.08
90.39
91.29
93.48
103.21
110.84
113.90
111.07
107.16
102.23
101.78
95.88
93.34
97.52
102.49
101.64
92.50
92.87
92.46
87.82
85.52
86.95
89.14
89.79
92.32
93.88
92.91
89.84
95.29
105.44
109.03
100.51
96.43
91.79
95.77
95.78
91.48
89.48
96.76
99.59
99.81
100.98
94.56
87.50
85.30
87.75
94.44
108.28
112.63
113.62
111.20
104.60
94.81
88.47
88.44
94.07
95.22
93.22
91.11
90.16
89.91
91.56
94.62
94.78
95.79
91.56
96.75
96.47
91.91
87.39
89.53
101.12
104.38
98.49
99.34
96.60
90.54
90.86
90.44
89.20
87.11
91.47
103.20
104.63
100.56
98.06
102.19
101.31
94.10
87.43
88.18
94.91
95.16
89.20
89.65
97.13
107.22
112.93
109.80
98.68
96.62
104.30
104.35
95.54
91.11
91.23
88.77
89.36
93.95
96.96
93.23
88.77
86.72
90.72
92.55
98.41
101.65
102.29
98.73
90.01
87.83
96.38
100.34
97.46
93.61
99.53
101.93
93.59
94.05
92.89
90.06
88.81
93.85
97.47
105.25