99.80
93.87
97.89
98.07
96.76
96.86
104.17
102.97
93.11
87.32
85.88
86.63
86.40
87.81
97.55
103.48
103.02
96.56
98.68
102.89
107.16
111.38
106.07
92.05
85.11
86.06
87.78
88.45
87.80
87.76
88.21
90.43
93.05
93.38
90.68
96.78
97.22
94.03
89.59
86.74
89.02
97.11
107.02
110.52
112.23
104.88
91.06
86.15
92.29
95.17
98.58
96.74
94.68
94.49
97.46
103.53
103.91
107.55
110.53
112.91
110.82
108.46
100.80
95.04
92.56
93.05
98.54
105.94
104.58
101.52
104.94
111.27
109.43
103.47
100.61
97.23
91.54
95.77
96.28
99.14
103.98
105.35
98.64
95.93
93.25
96.01
95.84
98.47
98.36
91.00
85.22
87.65
100.14
108.97
109.14
102.08
93.37
88.21
86.11
90.16
91.72
90.65
88.49
88.28
96.13
98.20
93.00
90.59
92.29
93.20
93.36
99.13
106.15
112.15
114.05
109.17
101.24
96.77
100.32
96.64
90.52
88.24
90.31
90.98
97.67
107.29
112.82
108.60
97.62
87.28
86.85
97.49
106.10
105.40
103.70
100.24
93.10
95.93
95.34
93.79
99.68
106.59
111.99
114.52