100.65
98.67
104.73
109.68
103.72
100.49
106.44
106.22
104.31
102.61
103.19
107.87
110.18
109.84
107.30
101.54
97.86
101.56
103.79
95.50
87.23
87.34
94.75
105.99
110.31
112.74
114.56
108.11
101.10
93.78
96.22
94.15
94.39
102.75
104.67
95.95
96.20
98.81
105.96
110.33
108.77
106.67
103.66
99.02
90.77
93.27
96.66
99.99
94.92
95.47
99.45
103.07
107.53
110.10
106.31
105.94
99.27
98.40
101.08
97.19
89.02
86.92
92.68
104.29
106.57
104.22
107.33
105.55
105.09
102.98
105.41
104.71
94.27
91.14
95.28
92.36
87.22
88.78
95.57
103.00
106.62
108.80
109.95
109.41
108.24
108.65
110.82
104.00
91.40
85.76
90.24
92.73
98.19
105.84
103.75
94.14
95.51
107.86
109.58
109.48
111.99
112.53
107.51
100.18
99.02
102.36
104.27
105.27
109.06
107.01
103.67
104.84
98.00
86.66
84.47
91.75
96.84
104.62
106.65
103.08
93.83
87.98
85.88
87.94
91.87
91.71
96.08
98.07
99.08
99.38
105.94
111.73
107.97
103.29
104.53
98.48
95.82
104.53
108.92
108.86
110.60
107.40
99.13
93.83