103.22
97.82
93.29
100.31
100.25
100.59
97.85
92.73
91.38
93.91
102.56
111.66
114.55
107.41
101.30
100.54
93.41
91.77
98.77
97.69
90.42
89.54
99.71
108.11
111.56
108.50
107.38
105.68
98.16
95.65
94.63
89.02
92.08
101.91
102.12
104.79
100.97
90.95
91.97
97.60
95.66
99.45
108.60
107.07
98.23
94.84
101.66
107.30
110.97
104.00
89.82
88.79
96.86
94.69
90.69
88.31
87.44
90.07
92.31
102.38
111.32
110.91
108.11
102.19
91.66
84.67
85.83
91.69
93.10
93.74
97.01
98.13
94.52
95.82
92.47
97.13
98.06
100.20
105.73
108.34
109.60
107.24
105.02
98.36
90.88
93.87
106.46
105.73
97.96
88.24
88.21
95.35
95.68
91.34
94.96
101.36
106.53
106.82
100.72
90.37
87.43
94.65
101.88
107.63
104.36
103.83
105.51
109.22
111.04
103.59
94.06
87.35
87.69
94.28
105.88
104.67
101.77
96.71
95.13
90.43
90.14
90.37
98.16
102.05
98.41
94.96
89.63
88.67
88.41
91.93
102.07
111.11
108.34
98.65
94.98
100.31
101.15
104.00
106.68
101.88
97.05
98.47
106.69
107.92