102.41
102.38
107.84
111.81
105.50
101.71
97.05
96.00
97.17
96.77
93.61
95.06
92.76
88.85
89.39
91.92
101.10
106.38
100.94
100.19
96.92
94.39
96.91
93.98
98.69
109.44
112.95
103.68
92.48
95.21
101.28
100.82
93.93
92.07
91.89
89.65
93.41
101.51
111.00
114.81
110.24
106.44
108.04
103.67
97.32
89.78
89.95
98.48
107.23
108.40
98.29
85.88
83.62
84.78
86.35
87.33
91.64
96.59
97.62
91.83
89.73
95.99
97.11
93.54
96.67
99.69
104.21
110.92
106.44
100.75
102.44
104.48
98.91
93.14
88.62
91.31
102.34
102.93
92.63
91.55
94.60
96.23
100.78
107.42
111.93
106.59
95.24
91.98
91.22
96.93
108.83
107.83
105.07
107.75
103.60
96.84
97.28
98.29
104.54
111.14
105.69
93.33
91.47
92.20
88.93
87.74
93.52
96.42
102.83
111.22
108.76
103.95
106.52
112.38
111.69
108.97
106.97
102.76
101.38
96.57
87.76
85.85
89.39
91.80
90.99
88.39
90.32
90.26
92.87
91.85
98.42
98.44
103.50
105.45
96.78
87.82
91.58
98.40
99.83
99.60
100.72
100.03
104.70
104.20