96.90
91.45
103.01
108.16
98.91
98.68
100.93
102.55
96.12
94.24
92.96
97.57
107.72
108.31
105.92
104.90
101.07
95.22
99.03
100.28
103.38
99.29
93.95
95.57
95.93
94.27
96.25
103.27
111.06
112.21
112.63
107.10
102.24
96.47
94.01
92.10
91.83
94.73
105.13
109.84
112.21
106.52
100.60
93.11
88.35
90.81
92.43
93.00
90.55
89.71
96.81
97.73
98.83
100.40
96.29
94.16
98.39
107.19
104.89
99.41
91.46
88.33
86.87
86.31
89.90
98.00
111.81
113.63
111.58
107.70
106.98
101.89
99.16
102.61
103.13
104.66
106.44
98.15
86.61
83.61
88.60
96.31
98.73
95.63
96.84
96.88
95.12
99.53
103.72
100.60
96.47
99.68
108.90
113.01
105.16
96.38
96.71
102.81
100.24
100.04
100.63
104.17
99.87
101.06
106.16
100.03
91.80
89.58
93.98
106.00
103.98
99.71
96.01
91.76
94.49
95.88
93.29
97.27
97.66
98.16
104.28
109.24
107.71
108.00
101.07
89.27
84.11
84.46
88.40
101.59
115.87
117.85
114.39
104.08
99.14
95.97
94.43
96.91
102.43
110.18
106.83
101.98
95.73
96.60