97.76
90.69
98.22
111.23
104.92
97.09
93.16
89.57
91.15
95.86
99.25
105.48
108.82
101.90
94.16
90.50
90.01
87.70
87.23
88.13
87.81
88.85
95.65
97.12
97.36
103.51
108.36
112.54
115.33
109.33
103.94
107.30
103.22
96.34
99.45
104.57
100.07
100.61
99.38
101.61
101.80
101.42
104.83
99.31
98.96
101.17
94.67
91.94
99.78
102.59
103.65
104.32
107.75
105.63
97.69
93.38
88.84
90.98
102.52
113.07
111.04
103.04
91.93
88.86
98.58
100.67
94.10
89.21
92.25
105.13
114.28
115.14
110.99
100.43
97.16
102.85
106.18
103.85
103.36
107.66
108.53
99.70
97.74
102.58
106.95
110.09
102.76
97.70
103.36
104.77
102.98
104.89
103.44
104.50
98.08
91.47
94.21
106.22
107.38
98.80
89.75
90.07
90.00
97.34
104.77
105.12
104.11
102.51
95.47
87.16
87.21
91.36
93.31
100.92
107.02
107.74
110.11
112.24
112.22
105.47
93.89
87.65
91.74
98.51
98.03
93.88
92.40
89.43
93.30
100.95
108.03
106.44
98.26
96.97
93.10
86.49
85.76
91.01
106.68
113.81
112.18
107.97
105.43
101.74