97.08
91.62
98.77
99.41
97.06
92.85
95.95
98.83
105.07
111.46
114.90
108.64
92.23
87.39
94.32
94.27
91.90
93.18
103.13
112.60
116.16
115.07
111.28
106.14
94.38
86.45
89.96
102.40
112.42
115.56
114.72
112.77
111.33
104.75
89.64
84.21
84.76
88.92
95.84
95.45
98.14
98.27
96.04
94.69
94.20
102.06
107.99
110.10
112.43
113.72
107.05
96.63
98.21
100.73
105.42
108.09
100.09
94.12
92.31
93.43
93.70
93.31
100.09
98.35
101.48
108.48
106.08
99.80
101.98
109.86
109.87
103.35
90.93
84.09
84.30
89.72
99.31
107.14
108.41
104.48
102.58
106.24
107.11
99.07
93.48
95.60
103.37
100.17
93.29
96.68
97.20
90.63
89.97
88.87
86.53
85.83
89.30
91.39
89.41
92.52
100.86
106.50
105.19
94.66
89.98
89.22
87.89
86.90
87.49
87.93
92.50
107.31
111.82
111.91
108.38
105.16
98.69
91.63
86.31
84.93
89.39
96.75
106.21
101.07
92.08
86.69
85.72
86.52
93.45
110.42
111.85
103.98
97.16
90.32
91.17
93.49
100.05
101.96
95.60
98.42
108.76
105.47
104.12
104.06