99.71
94.48
96.56
96.37
102.34
103.83
98.18
90.29
89.63
92.33
94.07
94.47
103.08
109.43
102.83
96.51
96.12
98.68
102.25
105.55
101.69
92.47
91.64
94.58
97.80
104.81
104.64
104.00
99.56
95.86
95.09
99.18
97.33
93.16
88.54
92.55
107.07
112.09
109.58
107.49
106.13
97.48
92.21
95.75
106.52
106.97
95.93
86.36
85.95
94.06
98.06
97.84
104.13
101.32
100.71
103.89
105.40
103.94
107.07
108.20
108.74
107.83
100.25
89.41
88.81
90.64
98.79
108.28
108.47
101.23
94.99
89.83
92.25
103.17
106.04
96.96
94.21
97.00
98.69
102.36
96.70
90.42
94.34
103.73
100.40
100.26
98.61
99.66
94.11
86.65
89.80
94.34
102.32
111.60
114.23
107.79
99.08
96.98
98.05
98.24
103.99
101.57
96.79
95.75
94.21
93.26
94.40
97.75
98.27
95.57
91.83
96.27
103.45
102.52
93.61
86.21
88.74
90.34
88.58
90.41
96.05
98.42
103.09
110.90
112.97
105.45
89.85
87.40
99.63
110.80
104.45
90.74
89.55
90.41
97.77
97.05
100.45
108.72
112.83
109.71
103.05
102.16
106.06
105.53