101.52
96.56
102.45
108.98
103.15
101.58
99.17
95.25
98.19
99.82
94.87
87.65
92.14
97.96
104.22
103.13
95.09
90.04
94.23
97.15
91.62
86.68
85.37
85.54
88.61
90.78
91.31
89.47
87.30
88.84
94.56
102.15
97.75
92.04
89.44
93.51
95.00
102.06
108.78
106.67
101.78
92.02
87.67
94.10
97.16
92.11
89.00
89.08
98.56
102.50
96.70
97.39
105.83
108.21
108.56
106.15
101.74
92.54
94.18
106.57
106.57
99.96
101.48
109.87
105.33
92.93
85.24
90.33
99.74
97.25
93.24
92.93
93.27
99.05
105.21
107.70
105.82
97.16
91.94
97.97
96.71
95.15
94.46
98.44
99.66
97.06
95.17
100.68
99.05
100.70
103.03
105.86
102.96
94.32
87.47
87.57
88.17
94.79
107.92
115.00
110.44
105.55
103.56
106.55
109.86
102.85
87.72
82.96
84.82
88.31
93.67
96.00
104.30
113.47
114.60
113.46
113.44
106.44
91.11
89.22
97.10
106.29
109.06
110.33
107.96
103.74
93.68
93.45
94.90
98.41
105.82
109.86
107.77
100.81
91.63
93.54
93.86
95.34
97.74
96.76
102.81
100.01
93.27
98.10