98.00
89.15
90.98
94.97
104.27
104.29
103.05
103.35
102.50
103.58
108.92
111.28
111.01
111.31
107.81
101.57
101.03
99.55
94.73
93.27
98.24
95.32
95.97
94.89
91.07
92.33
97.81
106.76
113.45
113.97
105.24
90.12
89.26
99.89
106.86
108.68
104.79
98.38
95.39
101.76
103.62
106.27
103.77
93.62
88.51
86.43
85.66
87.57
90.14
94.46
96.56
96.56
94.93
91.00
87.08
87.52
87.47
89.35
92.92
96.27
102.60
102.36
102.91
109.04
104.60
92.14
92.53
96.40
92.24
95.56
99.06
99.05
96.77
90.83
87.23
88.11
95.62
100.52
106.99
111.94
111.99
103.85
90.89
88.55
99.37
106.13
100.84
99.91
105.25
111.21
113.51
106.43
92.77
90.25
99.55
110.56
110.18
99.70
93.90
100.08
104.11
106.88
109.37
102.31
99.82
96.78
89.45
85.33
85.69
90.69
94.62
96.74
104.37
102.88
94.15
94.64
93.11
96.70
96.00
93.70
93.62
101.63
102.66
93.60
89.36
96.55
106.38
112.57
108.19
102.17
103.17
109.75
110.33
103.08
92.50
89.83
93.40
97.48
97.54
95.76
92.73
99.22
108.38
105.99