97.75
89.05
88.99
93.41
106.01
107.42
96.79
95.15
103.85
103.36
101.74
94.16
90.24
98.11
107.32
109.29
101.72
94.04
89.58
92.45
104.14
112.13
113.72
112.09
111.02
105.53
91.41
90.04
100.81
110.66
106.79
100.32
98.94
105.09
101.80
100.88
96.41
89.24
93.10
93.67
99.18
110.02
114.41
108.78
92.96
84.71
87.81
96.51
104.49
99.08
94.65
100.29
98.09
88.85
86.75
90.07
93.51
101.83
110.73
105.70
91.28
88.46
89.66
90.22
92.35
99.32
110.33
107.11
96.70
87.84
86.74
92.46
94.58
93.79
99.45
110.12
109.02
108.27
105.95
103.91
104.47
104.22
105.28
103.99
97.22
90.14
87.38
88.03
93.43
97.06
92.28
90.92
92.98
93.59
100.26
107.50
107.12
108.95
107.32
105.72
107.58
107.84
99.36
89.40
85.09
86.46
86.89
91.13
92.58
98.20
104.45
103.30
99.93
101.95
101.49
100.17
95.90
92.95
98.81
109.66
107.10
105.94
104.98
101.07
93.42
89.90
90.25
91.44
93.34
95.76
101.89
99.23
97.28
103.12
104.03
97.83
99.29
104.95
104.09
105.55
104.49
95.75
86.90
84.52