102.75
97.24
100.85
103.10
102.64
98.05
94.05
101.02
101.91
98.76
103.05
99.96
94.75
94.79
101.01
107.58
110.63
111.42
111.57
108.69
106.46
101.85
96.39
97.60
95.13
96.18
96.88
98.69
98.72
96.83
92.46
94.99
98.59
100.50
106.87
103.53
92.84
94.68
104.22
102.98
94.18
93.89
101.44
104.27
98.27
93.40
99.41
110.84
108.80
107.01
109.94
104.04
98.40
94.43
95.16
99.99
96.74
88.48
85.89
89.18
92.08
92.37
90.62
89.88
88.92
89.18
89.11
92.54
99.74
103.45
101.96
96.52
89.78
89.23
89.44
91.33
90.89
92.87
95.58
99.07
108.26
108.02
106.87
103.59
94.06
85.89
89.34
93.55
93.82
92.93
97.27
105.67
104.49
103.85
99.79
91.17
90.01
100.89
109.48
111.48
107.89
104.57
99.80
97.37
91.52
86.82
91.90
100.21
100.71
92.97
91.22
89.52
86.72
91.11
106.73
115.61
108.49
100.53
102.88
110.36
107.22
98.11
90.56
91.31
100.81
99.04
90.65
85.84
85.21
85.97
86.16
87.07
88.46
93.84
103.57
108.72
109.80
107.08
107.81
102.77
96.05
93.64
97.41
102.84