98.12
95.41
99.45
107.89
107.28
96.69
93.46
97.82
97.34
90.77
90.17
100.39
100.10
92.03
86.39
91.52
105.54
109.76
107.35
105.53
105.70
100.91
90.18
87.37
95.75
103.17
99.78
97.12
91.60
91.51
90.65
95.38
95.33
100.91
99.73
94.78
95.11
98.84
100.10
96.99
93.91
90.30
88.38
94.45
98.13
92.98
88.34
87.98
88.07
90.62
94.11
93.29
99.39
106.20
111.35
112.77
112.97
108.73
105.67
107.59
111.31
112.23
111.85
104.17
94.02
88.21
92.84
95.91
92.69
93.71
94.21
95.16
95.42
94.09
89.55
85.86
90.22
106.24
107.76
100.91
101.57
106.93
105.69
99.29
101.03
104.85
104.26
95.34
87.95
88.15
95.60
99.86
98.99
102.38
102.60
94.18
91.07
95.72
94.32
93.57
99.70
103.12
106.78
105.30
107.04
101.46
99.53
95.68
93.69
92.83
89.04
89.23
92.59
93.23
97.19
105.52
111.97
113.47
112.75
103.41
94.58
97.97
105.04
103.71
96.89
97.52
101.80
106.78
103.28
100.78
106.35
105.19
98.89
96.31
103.06
106.42
104.89
101.95
95.70
87.92
91.05
101.05
103.08
95.62