96.51
90.07
97.79
105.93
103.09
100.42
101.48
106.96
110.60
104.02
98.51
103.29
109.97
108.16
101.18
94.22
94.56
93.41
90.37
89.23
88.79
91.05
96.27
95.27
98.67
106.25
105.92
97.52
90.73
87.26
89.67
98.09
97.34
101.08
107.51
110.40
105.14
104.04
105.14
102.13
95.13
94.87
98.16
103.26
105.25
99.26
96.54
91.30
90.99
98.85
97.72
95.36
99.78
108.35
114.18
113.41
110.58
100.61
96.65
96.75
98.82
103.08
104.85
102.72
93.72
93.78
105.68
114.34
115.72
112.27
108.18
104.33
97.57
94.15
98.72
102.32
104.43
101.06
92.80
85.82
84.31
87.70
89.16
90.11
98.65
110.60
110.13
107.15
106.98
102.36
91.43
92.20
96.19
93.53
95.42
93.66
88.29
86.17
90.58
93.72
92.14
95.31
93.79
97.85
99.65
101.56
102.03
95.65
93.90
100.65
106.60
110.08
103.69
97.93
90.88
85.35
84.20
84.55
86.38
87.86
88.41
92.64
102.49
101.72
92.09
94.44
107.38
109.77
108.25
101.70
90.33
88.92
92.19
95.16
95.96
101.83
100.15
92.78
94.98
94.70
89.33
86.85
91.39
106.12