99.51
98.60
99.40
96.98
97.32
97.88
95.51
95.62
92.85
90.84
95.97
106.02
105.70
100.82
90.94
84.71
86.02
93.74
98.80
103.06
107.05
111.71
114.47
108.16
101.63
100.26
104.49
104.39
103.90
97.36
93.50
96.57
97.64
100.20
96.39
93.40
96.21
101.47
97.98
97.83
104.95
107.75
103.29
103.88
102.79
98.84
99.82
107.05
109.42
109.18
107.40
97.69
86.38
83.69
84.54
88.48
99.79
112.26
113.76
114.27
112.84
109.41
106.92
104.68
100.44
94.73
97.73
107.63
106.43
99.12
99.77
105.73
100.66
90.32
91.84
92.92
98.75
107.70
106.84
106.73
101.14
95.58
97.77
106.30
103.28
103.04
98.47
93.91
92.16
93.94
95.12
103.10
103.06
99.00
103.34
102.70
97.32
94.68
93.01
95.77
95.58
97.18
105.93
106.08
106.88
102.47
90.41
85.46
90.64
93.11
98.70
108.81
106.19
92.85
89.30
97.46
104.39
105.52
99.66
98.43
103.55
104.54
106.35
105.97
97.38
95.57
98.58
98.19
99.49
99.21
101.99
102.96
96.06
93.01
97.08
100.07
97.25
90.96
95.61
102.02
108.51
112.55
114.65
111.88