96.58
88.53
90.67
94.21
90.77
91.04
100.18
106.70
99.25
91.04
91.28
92.89
89.52
86.73
88.12
98.21
110.41
114.95
107.82
92.55
86.03
85.76
86.22
88.78
95.81
104.33
102.26
95.35
90.28
96.17
100.53
96.64
95.99
94.33
90.45
88.76
95.37
107.74
114.82
114.86
107.80
104.40
100.00
94.37
89.34
94.07
97.18
100.63
96.18
89.98
94.13
98.17
94.29
95.69
105.34
102.41
99.86
105.11
111.90
112.31
108.75
106.82
103.31
98.13
95.66
102.53
105.86
103.85
98.64
101.43
99.63
91.55
92.01
101.32
110.46
111.80
103.63
88.61
85.08
88.74
100.55
107.09
103.59
93.95
91.75
96.53
97.93
92.37
91.32
97.11
103.40
98.37
94.54
91.00
93.65
100.55
105.71
107.79
101.07
96.67
93.36
95.29
102.27
109.25
111.79
108.89
97.56
85.53
83.96
85.02
86.67
89.10
95.25
104.17
99.40
100.82
106.72
105.57
106.11
100.63
95.80
91.24
86.82
85.07
89.95
96.03
102.70
106.20
99.48
89.97
85.38
89.19
96.35
97.46
93.89
95.82
95.86
91.63
96.42
99.61
101.50
100.69
95.43
99.68