96.37
90.20
93.99
106.62
112.76
113.42
113.63
111.44
107.85
107.56
103.22
96.15
91.30
96.84
100.20
95.38
93.52
95.61
93.69
88.37
87.44
88.69
94.13
97.78
101.73
103.81
99.54
99.11
97.68
101.30
100.60
95.41
97.10
103.00
98.44
91.27
89.06
92.16
90.74
88.10
87.30
93.40
109.57
108.12
102.91
93.21
90.24
97.98
99.95
101.72
99.80
96.69
95.25
98.01
99.03
101.45
102.12
97.68
99.99
108.24
106.56
104.79
107.69
108.00
98.04
89.63
95.95
107.71
103.67
89.94
83.72
84.11
85.78
89.36
103.45
111.43
107.83
97.87
98.89
105.00
105.74
103.85
106.39
107.54
107.16
105.69
104.79
97.41
88.35
89.24
95.51
104.40
105.47
106.87
108.71
108.10
109.28
104.73
95.82
86.88
85.71
93.69
101.70
105.07
109.08
113.22
106.78
101.28
97.56
89.55
88.16
87.73
92.02
99.60
110.15
112.21
101.91
96.01
103.62
104.79
101.97
97.51
96.98
94.13
98.29
99.64
94.71
89.93
93.36
94.74
92.91
97.43
96.55
92.94
98.18
104.15
103.18
96.70
88.73
93.29
103.55
109.04
105.99
98.19