97.45
87.97
87.88
90.12
96.06
96.82
99.42
105.02
101.93
100.20
102.86
101.79
92.37
89.00
87.69
89.53
92.42
96.64
102.92
106.06
99.63
92.73
95.70
95.92
98.88
105.46
110.59
109.22
106.23
99.38
97.68
95.86
98.85
99.28
103.28
100.49
95.39
91.34
90.95
96.86
104.60
104.98
105.11
99.22
100.29
97.54
100.29
103.04
103.68
101.53
105.17
106.40
98.64
90.95
95.22
95.43
97.93
103.39
104.00
97.32
94.25
94.68
91.05
87.29
86.39
91.86
107.05
113.64
114.06
113.43
108.83
100.13
95.24
91.42
91.91
96.47
96.81
102.58
110.17
110.56
103.38
99.02
102.37
106.05
108.96
105.64
93.27
87.83
91.97
100.83
102.39
100.22
99.14
94.92
93.10
99.49
100.32
98.41
98.79
99.43
93.54
96.31
105.03
108.93
100.20
92.44
93.16
102.48
105.97
106.41
108.99
111.39
107.86
100.22
93.37
87.70
85.39
87.50
91.09
98.42
106.34
100.51
100.99
104.72
102.44
96.40
91.28
89.88
88.95
87.48
91.47
92.09
91.27
97.86
111.11
112.57
105.14
98.88
92.05
91.49
91.56
93.70
92.49
89.13