101.96
104.44
109.50
109.37
108.86
103.68
96.03
95.27
94.95
91.67
94.22
100.05
96.80
98.48
103.89
100.18
91.31
92.68
96.73
93.90
89.80
94.15
102.67
102.38
99.10
97.19
104.27
104.55
106.67
109.92
105.70
92.32
91.72
102.28
104.79
98.81
98.32
97.39
92.67
97.71
108.57
111.74
103.30
93.69
89.16
88.01
94.00
107.97
110.63
111.93
113.01
112.92
106.14
99.79
104.04
104.12
101.07
92.40
92.39
102.09
103.89
99.49
98.24
101.97
109.25
112.78
110.29
100.01
94.15
95.94
96.84
91.36
93.30
94.06
98.91
101.65
107.36
112.67
109.41
99.61
96.54
97.64
96.34
94.52
95.82
105.11
112.28
112.79
108.91
103.67
98.58
101.85
108.21
108.49
100.94
88.18
89.66
98.14
95.22
87.68
87.55
89.70
96.83
98.12
100.30
100.31
99.49
104.05
107.80
110.05
108.83
100.54
95.58
97.46
101.44
96.17
90.86
90.94
90.34
89.19
93.62
93.95
99.65
104.68
106.24
98.11
89.49
93.01
105.90
107.90
102.36
100.17
99.20
99.29
94.76
87.44
84.48
84.99
88.53
91.10
96.50
107.86
103.62
93.75