96.75
91.49
96.54
98.99
102.64
104.15
97.90
96.32
98.73
94.56
94.33
101.42
110.30
109.65
109.49
105.88
104.14
99.07
95.19
90.71
87.01
85.73
86.64
90.48
99.16
106.86
112.99
115.84
111.53
99.02
86.28
88.46
101.31
109.62
113.90
113.73
113.12
111.06
108.35
105.35
106.67
101.08
89.46
89.43
102.39
103.38
103.71
99.11
100.43
98.36
101.12
103.54
107.50
107.97
100.27
93.06
90.12
88.92
88.34
92.71
97.17
97.52
98.47
100.42
106.47
102.74
96.20
100.06
97.30
88.33
86.65
86.67
92.61
106.90
104.19
100.52
94.82
87.88
92.51
103.76
107.85
107.13
107.75
110.60
106.34
101.18
94.88
91.71
89.01
91.61
96.71
96.64
96.08
93.45
88.09
85.22
85.71
86.73
88.46
91.94
95.76
92.89
89.77
92.83
103.01
108.70
110.54
111.21
103.67
90.01
85.41
91.28
103.51
113.53
116.13
114.55
112.60
112.22
107.55
99.92
94.79
89.14
86.32
90.94
93.79
90.95
89.56
98.38
101.14
96.38
94.76
103.75
110.95
110.17
99.80
97.55
104.04
102.32
103.28
100.09
93.47
89.11
88.12
92.37