97.76
92.66
93.39
103.56
113.96
108.04
94.34
86.50
86.64
91.92
93.28
96.41
93.01
93.98
91.75
95.38
96.90
92.82
95.37
103.04
103.18
98.61
100.95
102.12
105.65
111.12
109.51
101.12
91.59
92.14
97.28
97.35
99.83
98.01
96.81
95.24
92.83
92.92
101.75
107.90
104.32
94.22
93.49
105.31
104.29
92.63
92.15
98.47
107.41
106.03
97.47
97.06
102.62
108.51
104.80
99.75
101.90
102.14
104.58
102.96
102.92
99.51
90.21
88.68
95.08
106.92
107.78
96.23
90.84
88.24
94.28
109.27
109.14
107.10
107.72
101.63
92.53
87.57
88.76
89.12
96.12
108.19
112.74
113.34
111.32
108.57
102.51
99.34
99.47
94.22
91.97
98.79
105.00
104.05
97.65
92.78
94.39
104.76
111.86
109.15
100.53
96.71
94.97
90.36
90.97
92.91
89.54
86.48
90.73
92.57
96.55
101.79
96.42
88.19
90.23
96.94
104.06
110.73
106.77
102.34
105.92
107.59
109.63
105.26
92.87
86.54
86.41
88.06
88.97
97.12
111.78
116.54
113.13
109.62
99.85
90.14
88.40
95.69
96.90
92.28
90.44
92.24
91.70
99.19