97.50
94.08
98.09
102.69
104.36
109.76
109.69
106.66
106.25
107.65
107.50
107.96
100.02
93.83
94.71
101.07
101.48
94.43
90.25
89.13
92.54
99.48
104.39
101.23
102.16
102.58
104.62
102.54
105.21
111.35
114.73
112.20
102.07
88.42
83.99
89.09
92.47
96.56
102.21
98.22
100.21
98.68
95.54
89.78
88.80
87.97
87.54
87.22
92.35
95.68
100.45
99.47
94.56
95.51
96.47
100.54
107.79
103.24
93.25
94.78
98.29
103.30
105.83
102.02
103.74
100.42
96.43
99.74
98.53
97.82
99.07
92.89
87.26
93.05
105.54
107.52
98.88
87.27
86.62
95.71
108.32
112.65
111.53
103.28
89.18
88.05
90.45
91.36
90.22
93.02
94.29
99.03
98.47
91.55
90.97
99.64
99.71
97.78
95.32
93.22
89.87
90.24
91.24
92.29
98.23
102.39
101.01
103.54
108.00
105.53
98.26
94.45
94.50
90.03
91.76
95.65
97.53
101.46
100.16
101.40
107.44
106.28
96.05
92.03
91.81
94.89
91.76
88.32
92.58
105.77
115.21
113.53
107.79
97.36
94.73
93.79
92.79
93.04
96.24
96.01
90.07
86.34
86.21
88.95