98.67
97.41
103.44
107.12
101.57
92.28
95.70
99.60
100.43
98.90
93.39
94.60
103.09
102.82
98.90
97.71
98.53
97.03
98.91
102.72
102.93
102.61
99.45
98.69
103.79
101.31
102.42
98.04
91.40
93.70
96.40
103.08
109.89
114.11
114.60
105.60
88.60
83.56
85.52
87.94
95.07
101.85
100.46
102.89
109.74
113.16
105.14
97.62
92.60
89.02
86.62
90.88
97.58
96.97
90.85
88.86
88.25
87.63
89.75
99.52
106.45
99.18
94.18
96.54
105.04
107.49
109.98
111.77
108.31
97.04
88.49
88.23
92.82
97.61
106.61
107.45
97.02
91.94
91.91
90.56
87.44
86.26
87.86
95.63
107.85
112.68
106.76
96.35
87.69
90.89
99.55
105.52
105.84
100.89
90.48
87.07
88.99
92.00
93.91
91.89
92.66
96.30
104.61
103.68
96.00
95.12
99.74
101.13
106.04
104.14
93.57
90.66
94.83
104.44
106.44
103.73
94.45
91.88
93.41
98.06
97.73
99.98
99.76
98.41
103.52
105.83
101.19
91.98
88.94
88.86
95.96
98.19
103.67
99.15
99.56
98.95
96.27
94.51
93.87
91.66
96.53
108.44
108.71
107.41