101.77
102.22
99.82
97.23
103.16
108.34
102.38
98.03
96.99
96.96
96.06
95.36
96.10
103.80
102.07
99.82
102.19
106.35
106.54
104.42
106.43
103.12
97.90
97.98
104.94
103.00
96.80
97.46
98.34
94.45
89.95
91.98
94.22
101.94
112.20
113.75
113.10
105.32
93.29
93.58
97.89
94.32
93.77
102.45
106.96
101.51
96.08
94.34
98.31
96.50
100.28
105.89
106.82
108.11
103.13
93.62
93.35
96.06
95.68
95.58
93.78
95.58
102.83
109.17
112.31
110.90
105.97
97.46
97.07
106.72
103.50
101.78
108.02
113.66
115.55
112.85
106.15
103.77
105.00
97.76
93.20
100.91
104.93
101.20
91.89
86.61
85.53
90.32
102.42
112.64
112.89
104.79
91.78
91.93
93.17
98.52
107.38
103.40
102.96
106.43
99.46
88.84
86.43
87.97
91.79
98.88
102.48
107.00
112.09
112.58
108.52
107.42
105.93
107.01
102.87
97.45
92.97
90.93
90.42
90.37
89.43
92.00
91.58
99.09
106.22
108.84
111.24
113.26
105.79
91.10
87.99
90.50
93.14
90.57
88.42
88.46
93.08
104.09
111.76
112.00
111.68
106.20
103.35
105.75