103.04
101.11
99.52
93.64
93.12
100.20
108.11
104.87
101.74
98.26
101.77
108.38
112.90
109.88
105.89
102.08
103.45
108.54
103.42
94.78
89.77
90.70
94.67
94.03
100.69
99.84
91.92
86.71
90.90
94.91
91.63
88.21
90.76
96.16
100.98
97.63
93.91
92.63
96.95
102.62
105.68
101.12
97.76
101.76
97.90
98.94
96.47
100.12
107.16
110.95
104.70
97.63
99.24
104.71
102.56
97.97
99.30
103.25
107.64
104.64
100.10
104.29
111.62
108.43
102.27
104.62
103.61
98.90
100.14
96.50
90.90
93.41
102.84
108.44
109.12
101.46
96.97
99.79
104.74
105.64
97.12
91.18
91.12
99.41
106.63
106.39
106.05
99.97
100.02
98.25
98.22
93.44
93.71
102.58
110.27
111.50
112.49
108.26
101.39
98.42
99.79
102.62
102.72
102.28
102.17
105.70
109.06
107.70
101.71
98.50
98.18
92.66
86.51
86.08
89.97
94.66
105.65
114.71
109.40
93.90
92.08
98.24
102.62
108.36
104.95
94.55
86.00
89.33
103.12
108.63
107.23
98.43
97.57
98.08
94.59
95.63
99.76
96.03
92.14
93.75
93.06
94.76
97.97
101.55