99.96
95.48
98.23
105.04
106.81
107.15
108.68
107.87
104.46
105.43
100.70
94.95
88.29
89.91
95.81
105.82
103.99
99.13
90.81
90.04
96.50
101.70
108.45
109.89
109.94
110.50
103.77
96.49
97.82
106.06
108.76
106.60
104.36
100.37
90.35
86.07
88.50
98.58
106.68
106.18
103.32
94.41
85.88
84.72
85.64
86.89
88.12
88.47
91.58
91.96
89.97
89.39
88.14
91.33
99.55
98.61
94.11
93.58
95.21
93.05
89.18
86.51
91.30
95.42
93.99
91.22
90.86
90.83
94.05
97.76
95.42
91.99
97.46
103.40
100.80
93.79
92.48
90.64
95.29
105.94
112.48
115.12
110.36
101.80
100.09
102.85
106.55
104.63
98.70
92.09
90.84
88.97
87.49
92.14
103.52
114.08
114.22
107.27
104.58
101.37
93.89
87.20
90.44
99.55
108.09
108.98
98.66
88.20
87.32
87.51
87.43
91.23
92.17
100.57
99.52
100.86
108.75
108.15
104.31
99.64
102.42
97.88
97.49
93.44
88.16
87.32
92.24
96.96
96.54
92.64
87.97
87.03
91.28
93.49
100.93
111.55
106.35
100.36
95.09
94.67
91.80
94.05
99.17
106.61