100.81
100.03
106.01
106.20
103.35
100.36
92.44
85.69
84.30
84.86
85.83
89.43
96.47
106.83
111.30
110.78
107.89
106.56
106.48
99.59
92.18
89.02
87.93
87.60
88.73
95.23
102.67
105.84
110.69
113.71
112.59
111.92
111.71
106.15
101.75
100.11
97.50
90.61
86.44
89.17
90.14
97.08
101.03
96.21
99.72
97.38
93.40
94.08
94.10
94.60
90.82
90.58
92.44
102.22
104.57
96.78
87.36
86.19
93.48
104.28
104.37
97.90
98.17
99.11
98.00
92.33
90.99
97.62
98.34
94.92
88.86
87.83
88.15
91.44
103.84
111.32
114.00
115.06
114.78
106.54
99.35
91.52
89.88
88.26
93.88
106.62
111.53
102.76
88.08
89.59
95.01
98.78
106.38
111.17
113.31
112.46
108.12
104.88
106.06
101.13
96.35
93.44
95.54
92.42
96.07
100.55
94.57
93.63
94.57
94.69
101.61
106.68
101.77
100.50
98.27
101.40
107.11
106.64
102.63
92.25
93.37
95.49
99.91
96.71
97.75
102.06
108.38
103.89
98.38
95.62
98.64
105.06
102.49
98.99
94.49
93.77
95.91
97.01
95.43
98.31
101.35
105.54
107.17
100.40