100.26
95.92
93.92
92.92
99.52
106.57
101.62
102.50
98.98
101.50
97.83
89.72
84.97
85.59
91.95
95.52
92.18
87.74
88.41
90.97
95.57
104.61
113.62
108.13
97.55
96.63
94.19
91.17
88.39
91.86
95.15
95.51
95.34
95.93
104.20
109.26
104.82
93.33
92.15
92.76
98.68
96.18
95.10
92.43
96.39
99.25
102.07
107.47
111.27
103.91
93.20
93.94
104.69
107.74
103.30
96.12
94.80
102.97
103.57
104.82
104.42
95.00
85.37
88.43
101.90
101.15
96.74
91.67
97.50
102.24
97.24
90.00
86.06
87.98
88.84
88.47
90.77
96.23
102.26
99.51
90.68
86.01
86.26
92.57
107.46
110.49
109.33
107.56
99.32
92.67
92.08
96.86
99.63
104.52
104.47
104.69
103.00
94.23
89.94
87.43
87.46
92.93
96.35
92.05
91.32
101.24
104.53
103.66
94.85
91.28
100.51
99.73
100.10
100.39
103.40
108.39
105.40
104.25
104.39
105.60
108.28
107.71
108.60
103.24
93.92
92.84
98.79
96.28
92.32
94.15
95.16
100.84
102.88
97.52
89.63
90.86
101.77
107.90
103.32
101.86
96.60
95.72
104.01
103.97