99.01
97.25
107.76
108.44
102.97
97.07
90.00
85.96
87.79
95.01
99.03
102.81
101.51
105.43
105.67
97.88
87.54
90.97
98.30
100.08
94.24
88.25
87.76
95.83
99.57
103.93
111.03
110.16
100.88
97.47
104.40
111.98
113.45
104.62
89.96
89.71
92.18
100.64
102.54
104.12
108.45
105.60
102.03
93.72
95.19
102.54
108.61
101.83
95.77
94.53
99.55
103.19
98.35
95.83
95.08
99.46
103.53
101.44
102.29
107.75
109.88
106.63
99.04
91.05
92.69
104.59
108.86
99.67
87.25
83.62
86.82
90.67
91.05
94.27
104.86
108.78
110.29
106.61
95.67
90.30
97.78
105.84
111.53
111.05
101.45
88.25
85.68
91.92
93.60
93.10
94.12
93.63
97.04
104.88
109.16
111.76
111.08
104.92
103.23
108.20
107.96
104.23
98.89
91.25
89.86
95.28
94.53
95.44
102.32
103.97
96.06
90.45
93.19
100.66
109.76
106.79
96.97
93.99
102.79
110.57
108.94
101.37
98.65
101.23
95.46
88.94
89.09
98.98
108.16
113.77
115.18
114.75
111.93
102.06
97.69
100.39
98.39
99.01
96.99
94.39
90.91
97.46
104.17
99.92