99.03
92.88
100.26
112.84
114.98
113.24
109.50
105.09
106.61
106.48
101.65
97.99
101.51
103.74
96.67
87.00
87.18
88.73
91.71
98.58
97.54
96.44
100.07
107.41
107.11
108.39
107.15
106.03
103.85
100.02
94.26
88.26
90.94
96.82
94.79
98.55
96.29
91.15
91.51
102.68
113.18
113.15
108.89
105.78
97.31
97.26
106.09
112.33
108.13
105.13
108.36
108.72
106.16
102.05
100.98
98.65
93.70
89.32
94.15
97.40
93.50
97.62
98.05
94.72
92.02
99.87
109.70
112.85
113.18
111.42
111.11
106.03
98.34
98.70
104.03
105.00
104.30
101.21
100.91
97.10
97.49
99.40
102.13
98.25
89.10
88.15
87.98
86.45
88.78
92.73
93.86
94.49
100.74
104.44
109.28
105.18
99.12
93.13
96.35
99.25
93.36
89.57
93.65
106.07
108.98
103.97
100.41
97.31
93.36
95.62
99.06
100.99
94.26
90.73
88.92
88.33
91.41
100.63
112.05
116.02
115.22
109.21
99.75
98.75
107.24
109.70
105.36
103.46
96.09
96.42
97.64
97.01
95.31
92.20
90.96
96.00
99.44
105.75
103.20
99.46
97.35
97.82
101.61
105.78