97.77
88.97
87.78
97.32
108.31
103.68
100.56
94.72
94.99
95.50
99.51
99.61
91.87
88.32
86.64
92.49
105.10
110.19
102.64
93.55
96.66
103.93
101.14
100.45
95.90
89.92
87.98
89.36
98.91
105.46
101.64
95.97
89.77
88.75
98.44
105.52
104.39
103.47
106.46
100.30
97.46
93.96
87.72
88.57
91.67
102.04
108.23
111.39
106.25
92.50
84.42
86.54
92.51
93.33
94.41
103.98
110.20
106.38
98.87
95.80
90.45
87.10
92.65
106.17
112.96
114.94
106.44
99.24
103.67
108.24
107.55
102.34
94.40
89.40
91.98
96.66
101.66
104.01
96.20
94.05
103.60
107.50
98.25
89.45
87.76
90.89
102.03
112.29
111.60
104.35
99.99
103.68
100.49
90.26
89.25
97.56
102.84
95.90
93.66
98.21
94.80
97.59
102.13
106.01
103.81
94.39
90.31
98.24
101.82
101.50
99.07
92.74
91.95
94.42
93.23
88.27
89.47
95.51
101.42
107.41
108.40
106.87
97.91
92.97
98.57
106.54
100.77
91.28
94.98
94.98
98.08
98.02
90.64
91.35
97.06
95.67
89.19
87.94
91.91
104.55
114.12
110.02
104.69
102.44