99.91
98.46
106.98
108.29
105.05
101.48
104.90
101.93
101.10
106.70
105.11
101.33
102.98
104.25
101.85
98.14
98.35
96.19
97.16
96.70
93.02
96.52
95.89
100.39
107.79
106.72
101.22
103.22
101.04
90.78
92.54
100.17
102.62
104.11
106.78
106.91
108.72
106.88
101.21
94.27
86.98
86.07
89.65
98.82
100.90
94.55
92.27
92.38
93.93
101.09
108.08
109.60
102.95
90.04
88.76
98.53
100.26
104.53
108.30
106.34
102.78
97.60
97.90
94.94
92.52
97.97
96.09
91.43
93.32
96.98
98.37
105.15
104.72
101.81
94.39
89.03
95.82
104.74
110.67
112.31
104.98
90.33
87.40
97.31
106.61
102.11
96.91
92.29
87.51
90.83
100.73
99.67
94.15
93.42
95.25
103.76
110.16
106.35
96.89
92.51
89.22
89.39
98.83
101.76
102.41
104.30
107.68
107.65
104.79
99.32
90.73
92.59
98.11
95.25
95.88
96.97
100.77
105.20
101.91
94.95
90.97
89.49
92.76
94.70
91.50
95.67
99.49
99.85
96.85
100.22
107.48
105.56
93.39
92.76
92.82
89.54
90.60
89.94
95.30
105.70
111.06
111.25
101.51
87.32