96.55
88.82
94.35
107.32
110.05
109.91
102.39
98.84
102.80
106.27
107.59
109.41
112.25
110.61
102.42
96.21
91.55
88.60
95.10
106.59
109.44
103.73
95.03
97.44
108.28
109.86
103.66
93.34
94.54
97.14
90.90
90.17
88.99
95.15
105.21
112.41
112.56
108.60
104.11
96.67
88.37
89.72
94.56
102.88
100.83
93.20
91.04
95.53
100.21
107.23
102.94
98.79
100.57
105.32
100.07
90.39
90.89
99.31
109.04
114.34
113.42
104.78
96.52
99.48
103.21
98.71
90.13
90.91
90.93
92.57
90.34
94.93
97.43
99.13
106.94
114.05
115.26
107.54
92.73
84.03
84.43
87.93
97.77
112.20
115.64
112.36
102.03
94.40
89.91
91.47
94.87
97.36
97.52
92.48
87.73
87.53
91.81
103.42
106.22
104.91
108.34
113.32
115.38
111.37
104.80
92.53
85.19
88.67
91.60
89.78
86.72
87.69
94.41
98.60
103.44
102.72
94.90
96.60
108.03
111.02
106.36
99.45
95.51
91.76
93.80
92.35
88.37
93.86
102.29
106.01
107.53
109.50
108.21
100.75
95.65
102.43
110.42
112.89
113.37
107.54
100.79
95.22
89.51
85.97