98.52
91.05
98.17
104.73
110.10
104.65
92.43
85.39
87.59
89.87
94.48
102.41
107.98
105.72
102.96
101.95
99.25
91.83
86.15
86.82
93.73
107.11
106.07
107.12
111.90
111.66
107.06
105.87
103.37
92.33
87.72
86.93
89.91
101.05
109.89
113.62
113.30
110.44
107.39
100.03
90.26
92.52
101.58
107.50
100.56
90.03
93.83
101.60
108.71
111.97
112.04
108.66
106.13
100.10
99.02
96.82
99.80
104.27
101.74
100.10
95.36
99.30
103.12
106.68
110.19
112.98
113.71
112.48
109.50
104.45
100.17
99.97
101.40
97.44
95.74
96.61
102.49
108.87
102.71
94.06
88.16
92.45
94.50
99.50
101.32
104.23
98.34
89.58
93.92
100.77
105.80
100.84
98.72
104.99
109.72
107.06
95.03
90.37
92.01
95.54
93.66
93.05
101.33
103.92
95.10
92.13
97.75
106.49
102.37
90.42
85.72
90.95
102.06
108.57
109.05
107.10
106.05
100.66
101.17
98.07
89.24
88.62
91.75
94.54
98.09
107.41
108.06
101.72
92.12
85.86
86.57
92.68
95.60
101.35
109.25
112.58
106.03
92.48
89.22
91.94
92.84
93.22
89.98
86.72