102.21
98.44
106.00
109.57
99.96
94.18
97.30
97.69
94.99
91.67
91.98
92.12
91.80
89.30
91.06
96.75
98.82
104.63
100.99
95.25
100.83
100.85
101.79
103.93
104.29
95.73
88.11
87.14
88.30
92.75
103.03
105.95
104.66
101.50
97.26
95.10
94.85
98.40
97.98
100.64
104.29
101.43
97.24
101.98
104.67
102.72
104.20
104.80
100.58
101.24
108.06
112.01
103.99
89.44
84.35
88.82
91.16
89.18
89.02
95.50
103.97
112.01
108.66
106.75
104.25
105.38
99.87
92.92
96.57
96.71
97.86
96.56
94.85
90.99
87.38
85.75
89.29
95.12
100.69
108.67
105.51
103.66
102.67
102.19
106.30
105.43
101.18
96.35
99.94
107.79
104.94
92.23
90.24
93.82
100.65
108.01
108.63
104.98
101.62
103.74
100.03
99.54
95.53
87.52
85.73
92.70
107.78
105.28
94.23
90.07
90.91
98.75
98.76
96.52
100.27
104.07
103.45
103.41
100.91
95.28
96.57
103.29
104.32
102.58
104.81
110.54
113.07
109.48
106.91
98.21
86.55
88.39
101.67
101.54
99.65
100.26
98.43
92.96
94.95
102.03
98.01
94.80
97.26
105.09