96.98
89.40
92.85
107.66
107.37
106.92
109.51
112.66
110.18
105.51
101.06
100.20
105.95
104.38
102.70
106.14
103.24
94.85
92.94
93.06
94.62
99.32
97.33
90.75
92.04
91.72
91.62
89.18
95.09
105.36
107.93
100.89
91.51
89.17
89.22
87.77
87.65
94.63
99.41
101.89
103.44
101.13
93.39
92.98
99.30
100.18
103.34
98.91
98.79
105.10
108.28
100.14
91.14
92.24
92.28
97.67
105.23
110.43
108.16
107.84
100.39
91.54
92.91
100.35
106.48
110.90
112.76
106.89
92.49
89.20
94.66
98.24
103.10
110.50
111.75
109.19
108.76
106.89
97.86
90.00
88.05
86.93
88.18
93.84
106.42
115.57
115.08
111.96
105.30
96.23
98.33
97.06
95.31
101.01
104.05
101.21
94.64
96.45
103.85
108.15
107.61
108.42
105.60
102.55
100.30
98.36
102.95
102.04
101.51
95.30
92.52
96.18
105.37
111.97
105.15
95.70
88.62
89.25
91.65
92.66
93.13
98.67
104.50
103.36
94.68
94.90
102.13
103.61
105.52
110.38
111.54
111.95
112.36
113.15
109.90
103.78
93.77
91.54
96.96
96.39
89.37
87.29
88.44
93.59