96.68
88.90
90.24
96.72
103.31
109.04
111.26
105.14
100.40
102.43
105.72
109.76
107.17
94.47
84.36
84.28
87.96
93.13
107.48
106.25
101.08
92.71
90.51
93.95
94.28
98.72
101.81
97.64
92.67
88.12
87.51
90.42
101.91
107.61
106.71
96.73
87.86
87.02
89.10
92.26
96.42
99.55
98.90
102.64
104.48
97.59
96.51
96.43
96.70
103.17
107.66
100.26
91.46
92.72
95.11
99.27
96.60
94.18
101.13
110.68
105.82
97.08
95.79
92.04
87.62
90.40
91.45
89.73
96.08
105.50
100.85
90.14
87.97
89.23
89.89
92.69
97.94
105.83
101.47
100.02
104.83
108.51
108.96
101.41
98.99
101.89
104.64
106.47
110.38
109.42
104.08
92.31
85.86
87.40
91.07
92.52
101.88
111.67
113.16
103.47
90.35
92.27
105.99
104.78
101.10
104.65
111.13
112.87
105.02
100.14
94.68
91.20
92.74
95.19
101.54
98.82
90.47
92.73
100.33
101.74
104.82
104.54
106.42
103.08
100.79
97.37
96.31
101.47
99.40
97.18
100.70
101.93
96.01
92.32
98.95
100.63
99.26
93.71
87.99
87.13
92.20
104.37
109.62
103.92