99.84
96.55
99.47
108.49
109.31
109.21
111.41
108.49
97.15
89.17
87.96
91.64
94.20
91.04
91.59
102.76
112.22
110.64
106.77
99.20
92.53
95.18
104.92
103.44
100.47
95.42
95.64
93.64
88.97
93.17
107.62
110.10
101.21
99.00
99.68
93.59
93.54
104.33
111.96
113.48
105.30
88.86
84.89
90.67
92.63
90.12
91.44
100.18
102.10
102.63
101.05
97.24
99.67
97.50
98.10
98.06
92.25
90.50
89.92
90.38
88.28
86.67
87.80
93.12
95.01
90.46
94.41
105.89
107.05
99.94
99.20
103.84
110.19
112.77
111.99
109.43
102.51
101.66
102.93
102.47
95.71
97.71
96.86
95.00
96.86
102.73
99.48
89.98
91.16
99.08
100.47
101.07
99.46
95.04
90.43
88.39
89.80
96.78
105.96
105.31
101.04
98.91
101.87
96.50
94.92
96.87
96.74
94.43
90.90
89.71
95.53
95.06
91.18
87.90
86.83
87.78
87.86
87.29
86.41
90.12
94.47
95.50
97.01
100.91
105.34
107.59
109.38
112.01
113.25
110.81
108.70
104.99
93.15
89.49
97.94
101.39
97.53
96.05
99.53
100.22
96.36
93.67
92.43
92.20