100.81
100.12
102.40
95.70
92.57
101.03
109.72
107.61
95.71
88.71
86.94
87.46
86.93
89.24
93.17
98.88
106.25
105.41
95.93
88.03
91.72
96.14
92.63
91.50
99.06
107.00
110.77
110.97
102.51
93.86
91.16
91.27
97.34
97.98
98.92
96.55
90.38
87.41
95.06
104.88
104.34
97.04
96.50
98.71
101.33
102.38
103.97
107.76
107.75
97.20
91.60
90.62
93.39
98.27
101.20
104.22
109.88
114.25
114.18
103.91
91.53
89.85
93.26
90.25
86.51
87.40
93.91
97.76
105.04
111.15
109.95
109.18
101.77
88.46
86.82
89.08
96.08
105.92
103.49
104.10
104.28
105.22
98.81
96.92
96.19
93.83
95.55
100.63
101.45
93.01
93.01
103.35
109.80
110.48
105.46
97.02
97.81
102.23
101.66
101.97
106.34
102.46
97.45
90.59
88.26
93.35
97.70
101.47
105.89
102.63
97.23
101.93
111.00
107.26
91.97
86.54
90.28
90.46
88.34
94.96
96.55
99.35
107.00
112.94
113.79
108.46
94.86
86.35
89.55
97.74
106.00
103.56
95.79
95.97
95.48
98.48
107.09
112.49
112.68
105.42
92.23
85.81
85.89
87.71