100.25
97.19
97.78
100.09
94.64
90.04
88.52
93.60
104.11
111.02
107.28
96.36
94.94
96.98
100.31
96.09
91.99
87.66
89.20
93.26
101.27
99.77
95.98
89.45
89.97
89.78
97.29
107.52
112.43
114.41
112.84
106.91
104.30
96.55
95.57
105.72
109.43
107.86
106.37
109.03
108.05
97.24
87.87
85.34
90.01
95.07
100.11
99.53
104.31
109.41
104.52
94.69
86.87
86.33
87.85
96.21
102.19
99.92
98.54
97.16
91.13
93.57
105.12
105.32
95.41
88.88
87.36
93.81
107.41
107.90
105.94
98.09
97.96
99.23
96.45
94.66
102.01
103.31
106.46
111.44
108.70
105.40
106.05
99.41
87.44
88.91
101.59
111.73
114.27
108.44
97.98
98.09
102.79
102.88
94.57
90.40
93.36
104.36
103.16
95.15
94.99
103.37
102.86
94.23
88.62
86.05
85.16
85.96
88.28
93.92
95.16
91.72
88.44
87.44
88.33
90.13
91.74
95.35
99.70
104.19
99.75
96.48
92.26
91.09
90.47
91.95
102.21
108.34
108.74
105.71
101.20
98.84
93.52
91.14
95.68
96.84
92.58
92.80
101.18
111.80
116.03
110.60
105.91
101.51