102.93
105.47
104.20
104.17
96.67
88.13
86.34
91.94
107.22
111.51
112.69
104.49
99.17
104.60
110.40
109.80
103.31
101.03
95.54
87.36
86.64
87.02
90.34
96.99
108.34
103.64
91.55
88.27
89.76
89.69
87.34
89.06
89.56
95.70
101.35
107.43
104.28
101.16
105.60
105.10
101.28
93.88
87.01
84.96
86.05
88.76
89.51
91.38
90.94
90.88
92.64
93.45
100.98
110.11
110.97
104.86
91.75
84.72
84.59
86.68
90.92
98.91
109.77
108.57
105.74
96.69
94.47
100.43
100.70
104.40
104.12
103.57
107.72
109.85
109.97
106.40
100.09
93.96
88.92
86.42
86.34
87.23
92.59
97.11
94.98
99.91
101.41
94.06
90.36
87.81
87.66
92.34
101.75
109.01
107.94
101.63
100.19
99.24
91.24
88.41
91.72
91.64
92.31
97.25
104.55
108.87
106.24
104.13
106.88
109.37
103.39
96.70
95.68
93.14
89.16
89.94
89.47
91.77
98.12
107.77
112.89
112.72
110.59
107.29
101.07
94.01
95.94
97.81
97.92
99.58
98.35
92.69
95.22
102.89
104.56
104.50
101.23
100.03
102.98
96.93
90.86
92.75
99.57
107.03