97.53
90.91
96.70
97.94
99.03
101.17
105.41
108.62
106.73
102.51
103.96
100.48
100.85
96.33
98.47
106.63
111.69
110.04
106.06
103.91
98.80
95.26
92.84
94.74
96.20
100.99
109.29
107.13
93.81
90.28
93.70
95.66
96.13
96.80
101.64
98.41
90.78
86.49
92.04
102.82
99.97
94.91
89.05
94.19
95.01
95.66
100.61
108.85
114.08
116.05
115.13
113.14
110.38
102.51
94.23
95.15
94.58
97.59
94.67
94.98
100.54
99.97
102.69
103.72
103.17
105.73
100.54
93.87
87.54
85.47
89.13
99.56
102.91
99.58
91.59
94.01
98.50
104.73
110.28
111.22
108.70
99.58
89.54
87.02
89.37
98.10
110.85
112.17
109.24
109.46
111.22
103.83
91.05
85.34
89.38
92.35
98.81
105.99
106.80
98.95
92.72
88.63
86.08
91.76
95.64
102.03
109.19
104.18
100.53
97.99
91.67
94.78
101.80
109.15
104.95
103.86
100.58
98.03
100.81
103.24
99.02
95.66
93.94
91.42
91.33
97.55
106.62
112.39
112.70
111.25
107.80
100.23
88.61
86.00
95.08
100.91
105.98
109.17
103.62
99.00
94.37
90.68
89.90
90.71