96.72
89.92
92.08
94.83
102.71
100.43
98.69
104.26
99.81
96.04
91.02
92.51
90.91
94.01
102.22
101.43
103.71
104.50
98.55
88.53
87.39
97.65
112.76
117.42
110.51
99.31
97.03
93.65
88.89
93.81
108.38
115.12
116.06
113.21
103.58
92.01
87.21
91.96
99.24
100.42
100.99
104.58
108.76
103.05
96.78
92.44
90.23
89.90
88.20
88.17
91.34
94.33
94.70
98.83
107.78
106.75
100.15
100.44
95.83
88.06
90.21
98.01
107.85
109.24
107.83
107.37
108.90
109.71
106.14
100.32
98.49
93.91
88.72
90.10
96.21
106.35
108.45
100.31
90.52
92.58
96.01
100.04
96.43
92.60
96.12
106.77
108.38
105.42
102.39
106.27
106.51
98.95
99.31
96.31
90.91
86.59
85.54
86.94
89.58
99.52
105.18
105.47
109.26
103.16
99.52
101.72
108.35
103.84
91.69
85.83
86.03
90.06
94.52
92.43
90.02
90.64
96.62
108.24
115.28
112.38
99.96
88.84
90.50
96.84
94.44
93.55
98.51
104.28
107.40
99.25
92.04
88.73
88.11
92.97
97.25
101.89
101.97
93.78
86.20
86.71
88.67
88.61
87.41
89.35