99.75
100.16
112.25
117.96
113.71
107.24
106.07
104.90
101.22
100.52
102.25
102.90
95.54
92.88
90.55
88.36
92.00
92.78
92.03
89.97
88.23
88.72
89.86
98.79
102.63
100.16
92.02
92.94
100.48
100.30
94.34
90.38
87.46
87.97
94.27
108.41
113.04
108.11
94.12
88.68
98.18
109.97
107.30
106.42
100.71
96.94
92.77
87.38
85.40
85.51
86.38
87.41
87.39
90.35
93.42
100.59
102.72
94.52
92.01
96.66
96.76
100.52
99.72
104.24
107.43
103.04
94.02
95.76
107.00
106.59
103.11
105.36
110.36
112.71
108.05
98.56
90.44
90.63
95.83
102.93
108.70
109.64
110.15
104.02
96.96
90.99
91.79
101.39
100.51
92.72
86.24
87.13
88.09
89.38
97.84
106.73
108.40
102.47
99.75
101.04
104.01
108.86
107.46
102.13
104.04
106.26
99.73
98.76
104.64
107.49
109.75
111.78
112.89
108.19
103.16
96.53
98.95
97.37
94.27
93.70
91.59
89.74
97.96
102.98
101.01
101.54
104.47
100.30
96.53
96.84
101.49
107.20
107.74
105.16
103.87
104.86
104.28
107.21
105.94
102.46
95.34
86.65
88.01
97.94