96.99
87.74
86.21
87.84
93.94
99.12
95.55
90.62
95.98
99.13
102.29
99.99
98.43
96.38
95.87
101.18
97.71
96.94
104.00
107.76
99.21
87.55
86.44
95.83
98.90
103.59
111.11
111.87
108.43
105.26
97.02
93.36
91.02
87.92
90.83
100.46
106.80
101.37
91.69
86.38
85.41
87.57
97.23
104.68
97.52
89.65
93.58
98.94
101.25
100.76
99.79
103.78
110.80
114.50
109.40
100.92
94.46
87.80
88.78
89.88
91.48
90.01
95.23
102.69
100.14
91.59
90.72
89.60
93.09
100.20
98.97
101.36
108.44
108.09
101.23
99.85
103.20
106.81
110.39
110.76
104.40
96.16
95.53
101.93
106.83
99.89
95.92
104.10
110.53
102.84
94.20
97.61
101.52
104.47
104.81
106.36
101.83
101.77
98.18
96.59
104.34
105.77
107.11
105.74
106.01
109.14
112.67
108.72
99.48
92.40
97.44
103.27
99.34
90.14
92.93
103.46
102.34
102.33
98.18
94.61
89.54
93.87
102.66
98.79
90.58
88.85
95.76
106.30
104.89
105.34
109.75
106.07
95.66
93.43
100.98
108.59
112.88
107.87
92.98
89.76
90.81
89.89
91.92
102.21