100.54
99.87
104.50
100.49
89.92
88.68
94.13
99.09
96.11
88.64
91.60
97.48
100.05
104.18
103.72
102.98
101.49
98.58
94.49
91.49
94.68
97.03
99.84
94.64
91.25
91.14
92.41
90.67
95.32
104.18
109.52
103.40
101.22
108.04
109.03
104.74
102.48
96.31
91.66
93.80
92.51
92.03
91.42
94.57
102.45
109.80
112.48
106.91
92.37
90.69
96.25
103.74
111.29
115.03
110.18
105.94
103.90
98.35
91.69
95.62
102.84
103.21
97.52
94.02
90.27
89.65
99.20
108.52
102.42
90.87
90.93
90.60
92.22
98.95
108.76
105.33
95.67
88.55
91.57
91.71
88.67
93.51
102.53
100.50
91.86
85.65
87.22
90.81
102.43
114.77
110.77
103.25
104.41
108.80
109.91
107.47
98.63
91.82
98.12
108.50
113.71
115.57
112.97
99.69
93.78
91.90
93.43
99.63
96.74
89.66
85.92
88.54
99.21
101.62
96.31
95.41
99.51
107.52
108.86
107.24
108.80
109.48
108.97
100.26
88.42
84.48
87.25
94.08
98.01
100.36
99.28
105.16
110.23
111.32
105.10
95.88
94.91
104.12
106.12
98.38
94.45
102.21
106.52
106.72