98.09
89.24
91.40
107.64
115.61
110.54
99.20
87.77
84.48
88.50
98.22
97.75
96.03
96.10
100.35
96.73
96.13
94.81
97.92
105.37
108.77
102.18
98.73
96.64
94.10
89.77
89.40
96.12
96.39
96.24
102.61
108.97
113.18
109.33
97.85
86.47
83.65
84.46
87.00
95.59
108.22
104.15
100.89
99.70
102.95
98.55
97.58
104.87
108.81
108.76
107.45
99.50
90.57
89.36
89.53
91.36
98.92
107.55
103.07
100.71
106.57
105.14
96.49
91.22
94.82
98.31
94.43
88.87
87.28
89.12
90.60
94.06
95.35
100.05
109.15
109.78
102.11
91.75
85.59
86.80
89.68
89.04
90.69
91.01
90.18
96.08
107.55
113.76
109.11
106.41
107.55
102.72
93.62
88.43
89.91
93.33
101.75
106.08
106.78
107.62
101.44
90.57
89.56
98.93
97.43
99.34
106.63
105.44
94.10
88.73
88.90
95.63
106.80
104.37
93.87
90.51
95.21
101.85
101.34
93.19
91.36
90.81
88.72
87.16
87.79
90.23
98.58
111.69
114.88
113.53
103.33
96.38
101.61
108.80
112.19
108.90
95.52
86.80
88.51
92.96
94.32
96.19
93.77
93.98