102.60
97.46
100.38
105.03
104.28
104.36
98.62
95.48
99.95
106.28
104.97
104.42
108.23
106.23
106.02
107.50
101.61
89.83
86.04
89.58
95.83
107.48
107.66
107.53
105.61
106.14
101.25
99.65
93.87
86.79
85.39
90.97
98.36
96.22
100.67
107.64
109.68
107.11
108.07
108.87
105.09
99.47
101.64
99.48
94.29
91.83
96.42
99.89
102.40
107.66
103.84
92.07
84.96
85.28
87.41
93.55
100.74
96.87
92.49
91.76
98.70
107.78
113.42
110.55
101.82
95.25
98.36
107.39
102.89
96.04
89.17
93.87
101.49
102.31
99.97
102.93
102.16
92.93
87.06
86.11
86.55
86.14
85.92
86.64
91.58
99.59
102.56
99.43
93.97
93.41
91.47
98.00
98.29
97.85
92.53
89.22
87.52
87.35
86.55
87.80
91.45
105.15
104.64
103.75
107.28
107.13
105.91
103.63
100.77
92.74
88.89
87.38
86.34
89.29
94.99
101.69
104.16
103.83
106.18
110.92
113.88
107.04
92.22
90.60
90.82
91.19
95.93
97.03
101.97
105.67
106.61
109.97
113.43
108.53
95.77
89.57
94.56
104.87
105.53
103.96
99.60
94.84
94.83
93.70