96.37
91.16
93.00
98.00
102.39
98.50
92.72
96.12
104.28
101.05
98.01
104.32
106.16
108.81
103.31
91.79
86.41
86.86
94.53
104.10
101.56
102.72
110.08
110.20
102.73
101.14
96.06
95.21
101.44
105.19
102.37
98.90
91.53
86.96
87.96
87.76
88.45
97.16
101.13
101.55
94.74
87.19
90.88
92.90
100.13
105.83
105.82
98.87
90.00
88.06
89.65
88.57
92.67
103.75
104.13
98.28
91.78
87.95
94.77
107.96
103.94
98.62
98.89
97.48
102.35
110.22
112.21
109.51
102.01
93.85
88.82
94.59
104.33
111.42
110.25
109.52
107.49
101.67
97.13
102.23
102.91
97.74
93.34
99.01
100.92
102.98
108.82
104.35
99.44
97.98
98.46
97.58
91.87
86.99
89.63
92.85
97.48
98.61
98.10
105.18
113.31
113.48
109.04
98.53
86.43
85.77
92.87
103.11
102.45
96.06
97.43
96.20
92.50
87.47
86.51
92.20
105.20
110.80
107.55
106.66
106.17
103.91
102.05
97.01
92.74
93.23
100.26
102.25
101.15
99.02
103.32
103.36
98.16
96.16
90.88
90.78
96.27
107.41
111.41
102.37
94.18
88.11
86.80
91.47