100.17
95.86
100.44
105.74
110.56
109.59
107.28
105.24
102.01
101.19
103.23
108.37
111.52
111.70
102.80
98.92
101.80
107.33
110.79
109.47
108.57
110.44
104.90
94.93
93.93
97.88
101.30
100.64
93.14
88.93
92.68
100.43
99.19
102.70
110.32
111.98
106.65
98.87
90.42
88.91
92.94
99.30
105.35
105.08
105.20
108.85
108.37
107.55
101.31
96.23
91.45
93.49
95.16
102.09
99.54
89.75
89.29
99.58
108.84
102.35
91.09
90.23
99.78
100.77
98.94
91.97
91.55
102.54
104.83
102.45
98.39
92.20
95.59
107.00
106.86
105.36
102.99
94.94
90.56
90.66
97.81
98.39
99.25
97.43
97.45
97.76
92.56
89.01
89.48
96.01
97.68
103.82
100.96
92.72
86.91
89.44
93.84
104.78
111.66
111.67
109.25
99.90
98.39
96.12
94.80
91.35
94.64
106.25
113.57
113.39
102.76
95.05
96.85
99.27
102.58
105.27
104.61
104.32
101.63
104.58
103.01
95.88
94.94
96.51
92.22
86.91
86.82
90.57
95.68
106.02
114.39
115.52
106.76
99.40
96.13
91.72
90.57
96.79
102.95
102.59
98.54
96.16
100.88
99.36