96.39
90.05
97.39
103.37
100.77
94.36
89.35
86.40
89.88
102.37
102.16
96.94
94.68
92.68
89.05
87.58
93.67
103.93
111.09
111.96
111.21
103.09
97.00
90.36
85.24
87.47
91.66
102.60
113.77
112.72
110.30
101.13
90.47
90.59
97.31
102.39
104.82
108.30
111.10
111.22
106.10
104.65
99.02
88.46
88.87
102.31
113.96
116.86
115.72
112.41
99.92
89.99
95.07
99.33
93.30
95.91
104.85
107.87
105.41
107.23
108.39
103.77
102.59
103.81
106.61
104.40
101.13
105.12
108.14
101.90
91.93
95.52
104.63
106.96
97.90
92.49
94.85
93.70
94.44
94.32
95.31
99.91
96.57
89.82
93.26
96.51
93.75
96.33
96.83
95.18
96.68
97.62
101.82
101.77
105.20
109.75
105.82
99.73
100.05
105.35
102.03
92.74
86.33
90.08
104.28
113.21
108.70
104.60
100.31
92.80
88.92
91.09
100.43
111.54
114.73
115.30
113.67
110.88
99.23
90.54
86.54
88.55
89.83
98.55
105.59
106.63
99.40
97.05
103.40
108.94
112.19
114.35
113.05
110.79
103.95
101.99
96.66
92.35
89.33
87.68
91.84
105.82
112.51
113.92