101.54
104.20
111.79
107.76
100.68
94.29
90.89
88.33
86.13
88.44
100.64
107.57
110.74
110.13
109.61
108.64
101.74
98.00
95.37
100.25
102.85
99.92
96.43
94.04
92.64
99.29
99.25
95.10
96.15
102.66
109.88
104.05
98.33
100.91
107.71
109.85
106.75
100.04
90.34
88.08
94.63
99.99
102.45
106.53
104.68
99.66
99.60
96.68
99.92
100.34
102.38
108.15
111.87
104.86
98.39
103.35
102.39
91.09
86.07
93.65
101.37
105.78
102.86
93.96
87.05
85.49
90.86
94.02
102.49
109.51
108.31
104.13
101.34
105.51
106.77
105.59
97.10
89.10
88.51
97.64
107.33
113.45
109.00
93.33
87.63
90.67
90.04
91.70
98.51
96.79
96.76
97.53
92.07
91.81
99.43
105.45
103.55
98.20
94.42
98.96
97.44
94.14
100.96
110.43
112.33
107.86
95.52
92.57
94.70
91.84
88.31
87.14
90.35
101.58
114.47
117.52
115.25
109.02
94.78
90.67
90.03
89.43
88.03
92.22
92.51
91.33
97.54
107.51
111.46
104.47
93.52
89.89
92.17
94.43
90.46
93.20
104.71
111.86
110.76
110.59
107.70
103.96
99.02
99.80