97.25
93.13
97.49
96.17
94.62
98.62
98.39
93.24
88.61
90.36
94.37
96.49
92.56
97.78
106.11
110.52
112.29
110.88
106.51
96.28
91.35
92.64
91.88
96.07
107.89
114.43
113.36
105.52
100.65
100.55
98.21
89.60
86.71
88.34
88.77
90.53
94.40
102.92
104.85
105.93
103.20
96.47
94.58
102.52
102.22
99.80
94.57
98.25
102.21
105.97
102.42
96.68
98.82
99.25
95.90
96.61
95.97
92.24
96.59
107.13
111.77
110.48
109.55
106.78
99.90
94.73
89.73
87.90
94.87
99.09
106.01
108.66
103.05
94.46
90.44
90.46
89.20
93.93
95.65
96.71
104.72
109.56
103.85
101.68
105.08
105.30
100.97
95.33
88.45
84.95
85.46
88.85
94.93
109.15
107.22
102.81
99.57
98.57
104.97
107.20
107.06
98.51
96.60
99.94
104.95
104.76
94.48
87.01
85.61
89.12
92.59
92.44
98.58
109.93
115.42
110.85
104.27
99.26
94.56
98.84
98.37
100.80
109.20
110.40
105.30
98.27
98.22
104.31
99.75
89.25
89.70
101.41
106.99
98.45
93.35
89.95
88.32
89.39
89.67
91.01
91.28
90.72
90.31
91.73