96.74
90.22
93.64
100.38
108.06
109.04
102.76
100.65
98.30
90.50
87.88
94.56
100.41
94.51
92.05
89.31
86.72
91.88
94.38
95.20
92.89
94.91
105.65
106.99
103.19
95.21
90.85
94.48
97.34
94.73
94.87
103.56
108.86
111.43
111.84
110.20
106.44
97.36
91.45
87.74
88.11
89.80
90.80
89.65
88.22
91.89
98.92
97.73
99.62
100.30
104.40
108.35
109.17
107.42
108.34
108.75
101.93
96.90
92.65
90.74
96.03
95.75
89.11
91.36
100.03
108.68
103.25
101.60
108.30
106.31
99.76
96.03
91.17
95.64
107.49
105.59
97.60
96.20
96.93
93.15
93.38
93.43
91.68
92.72
92.09
88.67
91.14
93.31
100.32
111.70
107.86
103.74
97.21
97.50
94.15
92.71
97.40
94.77
93.03
93.27
99.86
97.37
93.93
97.26
94.69
96.04
103.71
103.58
96.60
95.18
92.49
90.81
94.24
95.84
101.44
103.25
106.22
104.35
102.80
101.51
102.17
106.41
110.61
112.52
108.21
97.20
91.84
97.80
101.91
104.32
104.63
107.13
101.24
97.37
101.34
105.58
105.03
106.58
104.53
104.91
101.40
100.32
97.87
99.65