99.56
100.36
109.90
106.23
91.87
86.32
94.26
98.73
103.42
106.89
109.51
104.07
96.00
98.70
98.60
91.65
93.96
100.15
96.61
88.03
86.40
89.62
91.80
94.20
95.83
103.77
105.92
100.61
93.61
91.52
95.38
96.27
102.79
102.16
95.66
99.45
103.98
99.01
92.26
97.58
108.57
105.73
96.24
87.64
86.75
93.86
94.36
92.37
92.46
95.17
105.53
105.38
98.49
98.08
99.85
100.20
101.94
105.69
103.81
98.27
99.19
105.60
110.87
107.85
103.08
100.67
103.19
102.97
105.75
104.79
97.76
99.60
102.21
100.48
102.72
97.53
89.73
86.25
88.70
96.31
104.89
106.71
103.23
96.34
98.43
99.48
100.37
99.80
101.72
96.01
90.62
87.07
88.59
95.03
101.81
101.16
96.83
91.98
93.53
99.37
95.26
87.69
89.84
92.08
92.80
100.41
100.29
103.74
110.11
107.20
101.18
103.22
108.32
103.12
96.53
98.66
106.47
108.25
100.73
100.02
100.28
96.36
95.62
97.31
96.41
100.83
109.08
111.27
112.05
105.69
92.27
88.10
88.41
89.73
89.13
96.27
102.50
99.50
99.31
105.54
110.03
106.70
101.48
93.00