103.23
108.13
105.12
101.65
100.67
94.34
96.08
106.86
109.13
102.75
92.90
85.79
84.30
84.75
87.05
92.80
107.29
112.06
108.57
96.85
90.75
98.56
111.17
111.54
98.97
90.15
88.93
90.25
97.02
99.21
99.95
93.46
95.59
105.41
107.10
103.46
96.94
98.58
105.00
100.51
99.05
101.59
101.37
104.43
101.73
99.13
92.66
87.30
89.97
94.56
103.04
110.73
107.65
95.31
91.41
94.94
95.33
95.47
100.77
106.17
110.52
111.57
111.70
105.82
103.38
104.48
107.24
110.29
105.10
99.85
100.94
106.08
110.54
108.49
97.57
94.09
95.47
102.33
103.60
103.68
102.04
103.18
98.87
88.94
87.68
89.18
91.78
94.98
100.94
103.17
106.67
109.08
108.34
107.86
102.80
92.80
91.85
99.04
103.34
104.52
105.90
100.94
94.24
87.87
86.33
87.66
96.17
106.76
109.74
112.08
111.69
112.09
106.73
103.48
95.86
88.82
85.86
88.11
91.96
97.70
106.79
109.67
109.80
102.65
89.88
90.61
92.23
90.13
89.23
93.05
98.32
99.84
98.94
95.26
96.98
106.02
106.29
101.36
95.47
97.05
101.12
97.42
92.88
92.61