103.32
101.87
102.00
100.79
94.60
97.83
97.39
89.44
86.70
86.18
85.64
85.30
88.66
94.73
98.94
99.57
94.18
97.72
97.92
98.43
93.82
88.80
93.07
97.83
106.53
112.48
113.38
109.93
104.96
101.56
98.39
90.41
84.97
86.48
92.56
99.30
95.51
97.46
94.46
91.26
89.84
95.89
98.75
97.80
94.91
93.32
96.79
99.95
102.95
99.53
99.64
94.82
87.66
86.06
86.23
85.88
85.60
87.16
95.00
108.70
104.12
94.94
90.25
91.85
101.53
106.20
104.34
104.23
102.77
104.73
104.39
98.38
96.94
103.50
102.85
103.65
100.68
95.99
90.72
95.17
95.35
95.00
100.14
98.72
93.38
93.21
93.61
90.52
93.14
91.86
87.40
85.99
86.84
92.50
109.47
116.77
114.12
103.07
94.74
99.14
102.79
102.23
97.88
98.15
97.96
100.94
105.91
107.50
107.49
105.32
102.28
99.01
94.73
93.43
98.20
96.94
91.83
87.24
86.09
89.05
97.02
104.49
106.18
101.31
91.46
90.29
93.20
103.57
114.04
113.31
108.01
103.66
101.68
104.49
109.52
107.17
95.61
86.12
87.57
95.27
103.42
104.88
105.16
103.37