98.44
93.30
99.88
112.12
113.81
103.18
90.06
92.12
101.65
109.75
111.64
108.73
108.55
111.16
106.88
102.50
105.11
103.85
97.71
92.87
91.06
93.41
101.61
108.77
105.67
99.58
90.06
87.12
88.26
88.75
96.68
105.71
101.79
102.68
110.25
109.04
105.01
101.10
96.99
100.52
105.30
110.16
113.09
111.39
101.32
87.41
83.86
86.17
91.51
101.77
105.29
107.14
106.75
98.11
92.64
89.67
88.51
90.13
95.18
106.12
110.00
107.84
99.16
93.66
93.39
90.82
92.56
94.46
93.55
97.63
96.88
93.30
91.98
89.97
96.30
97.51
90.66
89.72
91.42
98.03
105.21
108.46
102.95
98.16
93.92
90.16
93.76
101.72
104.13
97.25
96.40
95.81
100.86
107.06
111.10
105.67
101.93
97.66
90.13
86.30
91.71
105.99
115.09
113.38
104.12
94.44
94.04
94.89
91.17
90.66
95.06
98.50
102.20
109.26
114.61
115.46
112.29
104.16
89.54
86.28
88.65
88.62
90.38
92.04
97.03
103.62
98.45
93.06
88.38
93.93
95.81
90.99
90.01
95.14
105.15
104.99
100.77
97.61
93.33
91.72
89.10
86.41
90.02
102.79