102.83
101.61
102.74
104.54
107.34
110.98
107.84
97.83
86.52
86.61
97.20
101.57
98.02
95.15
101.75
111.22
106.68
101.66
105.66
101.53
95.31
88.51
87.14
92.62
95.60
91.88
91.02
98.40
110.06
107.49
93.64
91.51
99.91
108.91
113.48
106.31
89.32
86.25
90.07
98.95
101.58
98.97
102.59
104.86
100.16
98.43
104.77
109.59
102.36
90.15
86.87
92.39
105.77
112.18
105.57
97.97
101.85
102.19
102.02
103.50
98.86
97.84
97.92
92.06
88.21
88.24
87.86
87.06
89.24
97.67
104.49
101.44
101.90
98.48
100.19
96.22
97.96
106.78
111.22
112.63
104.95
92.52
88.54
87.98
91.97
103.57
109.55
109.63
110.12
112.21
109.45
107.35
108.42
108.74
108.08
107.74
109.46
103.26
95.47
94.83
100.39
97.53
93.30
89.23
89.80
92.56
90.19
90.83
94.41
99.96
107.31
111.46
110.33
106.44
95.60
91.04
91.96
97.63
105.69
107.19
99.54
94.62
101.62
101.50
103.42
101.45
101.18
100.18
101.62
96.72
97.07
94.91
89.61
86.41
87.52
96.34
110.33
105.91
101.67
105.13
110.76
104.29
99.93
95.72