101.87
100.60
98.67
103.84
109.14
109.66
107.50
104.24
106.69
105.35
102.00
103.15
97.02
97.05
104.92
107.46
99.47
97.07
99.80
103.06
99.56
98.46
95.06
88.07
86.42
91.34
104.66
105.20
101.87
103.21
106.69
108.58
107.30
105.75
102.51
102.02
98.79
96.12
100.57
105.45
108.22
106.91
104.87
99.77
96.70
98.68
98.04
92.96
97.80
103.23
107.86
107.96
104.85
94.67
85.28
83.98
87.09
97.21
103.36
99.36
101.34
106.38
111.84
106.25
99.51
99.95
107.05
107.97
99.12
92.97
94.79
96.86
102.11
97.82
95.99
94.92
92.82
100.10
109.98
107.63
101.33
97.76
100.39
100.11
98.05
94.54
100.31
105.18
99.98
89.43
84.98
89.87
97.82
97.57
92.33
88.77
90.43
97.75
100.25
95.91
90.00
90.24
97.96
106.41
104.69
102.90
104.64
98.59
89.14
85.92
91.05
101.71
108.07
111.14
108.93
106.39
102.68
100.94
93.53
89.71
93.20
100.04
100.37
93.33
87.37
85.15
87.00
93.80
99.42
107.50
102.59
96.91
95.05
95.87
103.55
110.04
105.76
95.38
90.49
94.23
98.58
106.07
104.27
96.83