99.04
93.22
98.80
105.12
101.83
92.51
89.05
95.86
97.27
98.13
100.56
102.59
104.97
99.71
88.93
84.98
89.12
101.73
106.70
102.71
99.54
100.24
97.58
94.66
92.23
94.87
105.72
109.76
109.94
110.36
107.67
101.98
100.12
98.95
92.62
93.34
105.00
108.39
101.26
88.78
85.09
85.92
86.26
85.81
88.02
96.08
110.16
112.73
112.71
107.05
97.25
95.68
105.39
110.94
110.37
103.13
90.98
92.70
96.06
95.86
93.78
99.32
106.34
111.44
109.20
97.50
93.24
94.15
91.77
88.72
88.59
89.83
89.58
88.62
91.79
95.40
105.49
107.92
105.08
107.05
104.38
96.50
96.37
94.65
88.23
84.70
86.68
87.66
88.76
91.11
92.14
94.96
98.49
105.66
107.54
110.46
110.89
111.40
112.91
108.37
94.41
84.46
87.72
92.79
95.05
96.80
95.70
96.39
93.51
95.41
104.59
111.60
109.56
106.08
107.99
109.79
109.08
104.00
97.51
93.82
88.52
89.55
97.07
95.50
93.38
92.48
98.97
108.44
112.33
109.60
101.14
89.38
88.53
90.33
91.66
93.05
95.02
96.14
103.72
112.86
116.17
115.19
108.79
93.74