98.24
92.64
103.03
110.26
111.75
105.03
95.72
97.90
100.54
105.13
111.55
106.39
101.02
104.20
101.27
100.97
96.28
93.55
97.77
102.51
98.92
97.92
95.10
94.03
95.16
98.76
102.01
97.27
96.68
101.50
105.34
103.62
94.81
92.43
93.38
99.59
108.26
103.40
94.23
88.77
95.87
102.72
97.01
90.17
92.54
105.75
114.94
115.58
108.23
93.64
90.46
100.75
102.51
99.13
102.70
104.84
97.67
90.05
85.78
86.33
92.54
108.97
115.55
110.62
95.77
85.12
88.81
95.85
100.62
94.82
96.19
98.09
94.26
90.31
89.57
88.79
94.60
105.44
105.17
95.70
88.08
92.21
102.64
99.07
92.16
87.90
92.12
97.30
104.08
109.65
110.13
105.99
95.87
93.39
98.79
107.25
110.64
110.23
100.54
93.28
95.71
103.57
106.10
97.37
94.16
91.59
92.49
102.09
111.20
115.43
114.09
106.67
93.33
86.43
90.23
92.42
99.12
109.89
114.81
115.39
113.60
103.35
90.73
89.53
100.50
106.47
109.34
110.04
108.78
105.27
99.85
102.47
102.94
103.92
99.65
97.09
103.98
104.59
100.23
91.70
91.28
93.75
90.10
87.51