101.53
98.75
103.50
100.33
89.66
91.20
102.75
100.75
99.19
99.51
101.76
97.94
95.87
97.97
100.39
95.79
99.23
102.39
102.90
104.53
108.79
107.56
96.65
92.67
102.61
104.04
95.63
88.18
88.64
93.09
96.25
105.08
112.97
116.07
110.65
100.94
97.93
96.03
96.36
97.86
97.82
94.57
96.72
94.72
94.09
100.32
98.53
97.33
99.04
103.34
108.51
111.58
109.91
108.52
104.06
98.27
96.33
94.50
91.78
93.07
99.89
97.11
96.44
97.19
103.15
109.66
113.34
109.22
94.31
90.87
92.35
91.16
89.09
93.98
103.27
100.50
96.66
96.70
101.15
108.47
112.05
110.50
102.04
100.47
98.24
89.60
92.11
94.85
95.10
100.77
106.43
110.53
106.93
98.57
90.09
92.30
95.49
97.21
99.02
100.19
104.54
101.52
102.96
98.81
100.05
104.37
105.80
104.70
105.11
98.65
96.30
93.89
88.23
91.24
104.87
105.46
99.79
90.92
94.14
108.27
109.47
107.26
108.46
108.14
102.26
97.83
100.82
104.06
100.51
99.28
105.46
101.01
97.71
92.53
92.75
94.58
93.10
94.79
96.49
104.77
107.80
106.10
103.47
105.30