97.08
90.73
93.64
102.03
107.43
105.84
104.67
99.39
96.92
92.08
86.62
89.16
99.12
106.46
109.46
109.85
107.13
104.89
102.59
102.65
97.85
95.09
95.79
96.35
99.75
106.70
109.98
112.36
112.48
109.91
104.35
96.45
91.71
90.19
88.69
86.65
86.37
91.08
98.08
96.62
96.55
100.93
106.88
106.22
100.67
98.26
96.27
95.02
94.58
94.08
95.57
105.15
104.65
98.06
92.45
87.34
88.56
95.17
101.10
103.42
106.02
98.86
98.75
99.83
94.69
93.46
97.38
103.44
102.70
105.95
102.70
90.84
86.29
94.82
108.33
109.14
108.35
104.04
95.88
86.81
85.81
89.72
95.94
108.40
115.16
115.21
113.73
113.50
114.21
109.58
101.34
94.44
93.11
98.44
98.00
102.08
108.34
108.06
103.18
102.43
105.06
99.61
88.03
87.90
97.83
103.32
99.11
95.52
92.38
93.73
100.89
101.24
99.61
102.96
102.15
94.30
86.36
85.77
92.76
98.42
94.71
95.62
102.86
104.43
107.00
109.31
112.34
105.51
90.65
89.66
101.70
109.40
113.20
114.70
111.95
105.80
99.49
98.51
103.67
109.45
110.63
110.16
109.49
109.88