98.30
95.24
106.92
111.24
105.59
92.58
86.89
87.26
87.46
90.64
103.40
109.47
103.26
94.39
96.51
101.18
103.61
98.67
93.18
92.56
90.29
89.07
90.45
99.36
102.14
103.03
95.58
95.46
103.95
101.46
101.92
104.13
101.14
98.09
97.66
97.24
102.87
100.73
102.59
105.14
105.90
104.28
105.24
104.01
103.12
101.27
95.46
95.26
92.17
94.27
96.01
93.34
94.39
94.62
97.74
96.41
97.20
93.92
90.26
92.84
105.21
114.82
111.50
99.74
87.44
86.14
89.87
98.76
101.26
94.85
89.62
93.44
99.39
96.48
90.77
92.05
95.52
101.00
105.83
104.55
98.51
100.49
104.42
107.11
103.66
98.50
91.91
89.95
99.30
111.63
107.17
102.93
107.25
111.47
106.24
95.09
92.45
97.63
104.48
107.43
101.43
96.03
99.69
96.54
87.61
85.28
86.78
87.98
92.93
95.92
101.37
102.43
98.93
94.72
91.09
87.03
86.43
92.59
94.96
95.39
96.20
104.42
111.60
104.77
90.74
88.38
88.23
88.72
96.33
102.32
100.37
102.13
102.98
101.67
97.69
97.60
103.41
109.76
108.41
96.24
85.87
84.45
87.69
97.53