96.94
89.12
89.81
99.58
101.03
102.10
102.37
95.98
89.95
94.94
103.90
100.66
98.72
104.29
104.61
103.93
106.24
103.70
97.52
89.09
86.24
90.60
91.69
89.12
91.42
96.63
100.96
107.92
105.03
105.36
101.79
96.20
95.06
98.22
105.08
106.59
100.88
95.08
94.21
93.57
95.08
95.09
101.16
105.74
105.38
104.22
106.10
107.16
105.90
107.96
107.07
108.00
109.66
101.65
96.81
92.10
93.81
104.16
104.70
96.85
88.43
89.18
90.69
94.70
106.12
110.25
103.29
93.07
87.38
88.59
96.55
104.23
98.86
99.03
108.07
113.80
110.61
106.73
100.35
99.06
97.85
92.19
88.27
86.09
86.10
87.66
87.92
87.23
86.37
89.24
94.70
104.22
106.33
100.58
93.49
98.29
102.69
95.71
86.89
88.80
91.58
96.01
99.29
96.52
91.41
86.99
87.56
94.21
99.06
95.28
94.45
94.44
90.29
95.12
100.33
95.57
90.39
96.74
107.28
103.43
98.14
92.10
88.29
87.20
91.52
96.39
95.45
95.17
100.61
101.67
103.55
109.49
104.27
95.02
90.61
93.64
94.31
96.16
92.51
87.81
87.60
87.46
86.64
88.73