98.30
93.46
102.09
111.88
115.33
113.81
106.43
94.98
90.92
94.62
98.23
94.53
96.05
94.52
95.57
103.29
100.40
98.59
99.59
102.00
98.88
92.98
97.91
99.61
101.40
99.33
95.74
96.89
98.74
94.10
88.43
85.66
88.34
91.02
94.75
101.70
111.60
112.22
101.84
91.61
86.27
87.87
92.85
95.23
101.75
102.01
103.73
109.57
112.21
107.58
99.73
98.21
97.80
99.01
102.29
102.41
98.02
91.27
91.14
97.31
94.79
91.14
93.80
106.03
106.36
97.47
87.29
89.02
102.28
107.81
103.88
93.38
85.88
89.67
95.18
106.01
103.84
103.53
98.74
90.03
85.00
85.57
92.69
99.32
96.08
89.84
89.89
96.32
99.62
103.28
98.34
92.93
96.42
102.20
98.43
101.12
106.10
108.56
109.20
110.55
109.41
107.82
100.59
95.92
99.41
101.06
96.17
89.14
87.07
87.81
93.86
105.52
114.14
112.38
105.32
92.73
89.13
92.44
100.03
100.71
95.95
100.24
104.63
106.83
105.77
107.92
104.54
102.59
99.79
99.62
102.70
102.96
106.54
103.14
97.94
91.07
87.17
89.52
95.63
99.37
99.67
106.11
106.44
103.16