98.43
92.15
90.25
91.73
99.12
97.29
97.75
95.67
96.07
104.28
102.30
99.90
102.88
104.91
99.27
88.84
85.38
92.77
95.22
93.46
96.08
103.20
104.83
105.07
107.37
100.57
88.88
91.00
92.49
89.49
92.22
94.90
94.15
89.51
90.02
93.81
93.56
98.93
98.30
102.84
101.38
98.60
94.56
90.92
93.70
104.16
111.12
105.00
94.82
96.53
101.91
101.16
102.45
98.09
96.83
100.20
99.95
94.63
88.97
93.85
103.94
108.30
106.97
102.52
93.33
90.96
91.31
99.53
100.14
91.33
85.17
87.04
91.03
96.99
95.43
93.97
94.01
101.30
100.86
95.53
91.17
92.83
103.51
109.41
108.55
109.81
106.86
95.65
92.66
90.59
88.85
93.64
98.02
104.62
100.57
95.24
93.75
90.80
93.69
102.03
106.00
105.61
102.94
98.49
96.10
102.89
105.12
100.31
93.91
87.58
90.76
98.70
96.44
93.73
97.40
96.17
99.68
109.52
115.23
110.56
98.14
95.53
103.36
107.72
106.88
105.59
103.66
96.91
88.04
84.88
84.88
86.96
96.05
112.06
117.61
116.57
111.98
99.27
93.68
93.24
88.74
91.28
103.65
105.39