99.03
93.71
101.69
114.39
114.59
111.96
107.76
97.69
87.29
85.89
89.47
89.31
87.58
87.17
86.52
85.92
87.82
96.02
101.92
104.57
103.28
103.61
98.89
91.95
91.73
100.94
110.36
106.42
95.60
86.06
85.36
90.10
93.87
100.35
102.83
100.42
102.26
107.84
103.88
94.62
86.47
86.61
96.54
112.00
115.67
111.61
104.41
104.73
99.73
88.92
87.37
93.32
101.73
108.83
108.23
104.20
95.31
96.83
106.05
106.55
100.34
100.67
98.35
98.66
99.32
101.28
107.58
108.91
109.42
105.26
94.59
94.13
93.31
98.72
105.65
101.32
96.60
101.72
108.49
109.45
105.12
93.33
91.13
98.73
104.05
108.36
111.39
104.15
100.23
96.15
98.81
99.78
97.86
100.60
108.09
105.24
101.78
95.25
91.22
90.74
88.21
91.78
93.26
91.96
93.64
102.32
104.29
106.48
102.75
92.61
85.27
85.18
88.38
90.05
95.83
95.75
94.84
99.92
99.64
95.41
95.62
93.51
89.66
94.91
99.14
105.50
110.24
107.58
101.49
102.39
105.97
98.48
93.97
96.40
104.17
106.36
99.55
95.19
97.78
105.11
107.58
109.83
112.76
107.53