102.55
104.92
112.36
107.27
92.49
84.98
84.62
85.26
87.11
91.82
93.81
90.14
86.49
85.54
87.89
91.12
99.50
105.08
104.18
103.58
101.17
104.54
111.30
111.98
110.65
100.90
93.09
88.37
88.72
95.68
106.51
109.85
104.80
91.91
92.05
98.80
105.06
100.44
92.65
89.88
90.99
91.96
98.97
105.37
100.71
96.78
101.50
99.26
101.76
109.78
112.15
110.79
104.21
95.63
94.09
92.79
96.95
96.17
94.22
91.70
88.33
86.35
91.99
107.70
116.18
111.22
106.74
105.28
106.75
105.53
94.53
89.02
88.36
87.70
92.21
95.13
94.15
97.80
96.07
98.10
103.39
106.24
100.18
100.03
99.92
104.65
107.32
107.14
101.72
90.72
92.38
95.14
101.60
101.72
98.99
92.33
90.16
93.68
100.98
97.59
95.94
91.48
90.60
91.76
93.60
90.53
88.31
87.25
87.27
88.06
92.50
98.46
96.04
99.50
96.47
88.60
87.25
92.39
98.80
106.43
112.91
114.93
114.77
111.43
109.86
110.40
105.03
97.88
94.30
100.92
102.34
98.65
91.15
87.31
91.05
91.34
95.43
96.77
92.21
87.37
89.55
95.15
106.79
106.76