100.66
103.08
109.37
113.28
113.08
107.68
99.76
101.46
102.72
99.39
92.97
86.41
85.91
87.45
87.03
88.21
88.12
92.77
99.37
98.50
90.63
93.01
94.33
91.56
95.26
98.82
102.41
96.45
95.34
97.31
98.18
103.47
108.13
105.81
100.72
97.08
97.08
99.77
103.03
103.93
101.24
100.10
101.70
96.59
87.24
85.56
86.92
92.01
104.05
104.63
107.52
108.32
102.84
97.25
100.82
103.06
106.95
109.25
105.90
95.57
88.41
87.50
88.81
92.31
94.57
97.10
95.08
98.22
97.65
91.72
91.80
90.65
96.62
96.33
92.98
94.50
104.24
109.67
110.72
107.25
99.13
88.45
86.56
96.23
108.21
110.44
110.61
108.86
105.97
102.15
98.50
99.73
99.21
98.39
95.55
98.66
102.84
97.58
99.16
104.55
106.96
106.21
106.79
104.30
105.59
108.82
111.99
107.75
101.51
94.81
88.94
88.65
95.05
104.59
112.19
109.32
105.63
105.56
103.59
95.12
95.98
96.16
93.89
93.47
90.98
94.50
93.66
98.25
108.88
114.64
109.08
94.53
89.23
92.42
101.53
110.27
108.63
105.58
98.70
94.29
97.92
104.24
105.91
98.74