97.79
91.62
99.31
114.51
118.70
111.65
93.70
84.79
89.07
96.00
103.99
104.98
101.12
94.58
92.54
97.67
106.46
111.24
105.38
92.03
84.16
84.32
87.31
91.77
98.30
108.09
105.30
99.60
101.01
106.81
102.14
91.84
91.39
94.52
100.98
98.46
92.04
95.18
94.55
89.66
88.48
93.60
95.40
95.87
94.94
101.01
100.09
100.47
103.23
100.52
95.23
94.08
96.81
103.35
110.33
107.79
102.35
92.52
93.33
104.99
106.22
107.47
104.89
100.59
103.96
108.37
107.68
97.61
91.81
89.46
95.01
97.24
91.64
86.85
86.91
89.46
91.55
92.34
95.78
106.16
103.16
93.92
93.43
94.52
102.20
108.01
112.55
111.37
109.79
102.47
90.82
91.48
93.13
97.54
101.53
108.03
111.51
105.79
101.22
96.26
92.22
94.77
96.99
98.14
92.36
95.93
101.78
103.63
101.48
103.26
102.68
97.96
98.33
105.17
111.42
105.82
93.31
86.68
87.53
88.07
94.90
108.83
108.98
109.73
110.35
108.35
107.93
107.12
98.22
94.40
103.66
112.95
109.46
100.19
100.59
109.37
106.15
91.38
87.35
89.57
96.24
108.23
114.14
114.52