98.24
94.93
102.75
101.10
94.72
97.99
102.18
103.58
106.26
107.08
107.37
100.63
95.63
98.91
106.32
109.22
109.05
103.21
91.80
86.53
87.61
89.61
92.75
97.76
106.85
109.72
111.20
102.86
94.81
93.21
96.48
103.99
105.38
107.40
111.51
111.07
105.20
95.96
97.00
106.30
106.62
105.92
107.58
103.98
95.33
86.92
86.43
87.99
87.65
90.20
91.10
89.29
90.44
90.35
88.46
86.55
86.72
88.30
93.60
94.77
102.85
108.56
103.30
96.73
92.34
98.19
99.42
104.40
108.12
111.73
105.83
90.24
87.42
89.56
92.98
102.95
111.73
108.20
97.28
86.75
86.80
95.32
106.39
113.94
115.56
108.10
97.36
97.23
106.56
102.56
98.63
99.86
101.39
106.73
111.60
111.24
100.26
87.64
84.55
85.45
85.84
86.55
91.97
102.19
99.08
95.44
94.70
97.61
101.97
101.45
105.34
109.04
102.30
95.81
93.85
100.59
101.13
101.42
98.05
90.77
88.02
89.80
97.68
101.17
103.91
106.56
106.04
107.50
105.71
106.72
107.51
108.72
101.83
95.26
94.22
102.88
109.44
112.47
112.62
104.01
96.54
93.14
89.93
92.56