97.38
87.81
86.17
86.58
89.98
100.43
106.88
107.07
110.09
110.46
102.71
96.56
91.87
89.89
92.46
100.16
101.81
94.46
86.80
86.14
87.54
87.07
88.43
94.18
101.09
109.67
107.52
106.98
110.56
109.12
100.18
87.57
85.44
86.04
87.92
95.85
107.84
102.87
94.85
96.34
102.96
104.97
108.64
110.35
106.55
104.72
106.57
103.18
98.10
98.88
95.02
87.23
86.04
87.60
88.98
96.80
103.34
98.48
91.39
93.73
105.02
112.60
107.77
105.22
105.75
100.05
97.04
103.00
103.77
98.56
100.15
107.54
112.35
107.47
99.14
89.39
90.90
94.04
102.86
108.41
107.57
99.75
96.20
103.93
110.02
112.44
108.10
94.72
88.70
94.32
107.65
104.64
91.49
91.27
100.41
107.35
110.27
108.16
104.25
101.92
95.75
87.15
90.39
93.45
97.20
95.42
91.95
94.60
98.87
99.91
97.52
90.96
87.45
94.12
95.88
101.94
100.04
97.75
97.03
91.70
94.54
107.43
105.94
100.22
99.07
93.75
92.94
92.62
97.05
95.94
95.63
93.13
90.98
90.21
93.21
101.40
104.31
98.31
97.22
99.66
93.78
87.33
84.97
88.59