102.04
98.29
96.53
102.74
105.63
105.38
102.98
96.50
94.41
99.31
98.69
91.42
87.19
92.95
102.21
100.19
100.56
104.33
108.16
106.99
96.50
89.08
92.60
100.28
103.78
97.71
92.41
99.44
110.89
114.84
115.13
109.93
96.07
86.67
92.09
106.11
110.43
106.65
102.68
105.32
103.92
98.89
100.28
96.95
92.54
93.73
91.57
88.14
90.74
95.60
100.16
105.27
104.52
106.44
106.53
105.23
97.46
87.81
84.11
84.26
87.23
98.80
106.80
101.52
99.97
106.94
103.26
92.17
85.24
84.54
85.11
88.77
99.78
108.42
112.37
113.53
107.09
94.88
94.72
104.70
102.74
98.70
92.44
87.49
90.45
103.55
111.42
105.65
92.74
84.60
83.86
87.26
93.63
106.96
105.33
102.12
105.91
107.43
98.97
91.71
91.84
101.99
106.26
104.99
95.27
86.99
91.25
97.58
103.99
104.33
106.67
102.57
92.87
88.44
89.37
97.03
108.11
114.74
110.25
96.43
84.75
85.43
92.28
105.34
103.05
100.18
96.01
99.80
97.88
98.72
95.51
91.54
98.62
104.26
99.48
101.12
103.47
97.55
91.42
86.76
86.55
86.65
92.55
97.32