99.55
96.23
103.33
102.35
102.93
97.45
98.85
102.21
108.43
109.30
108.08
102.23
90.82
85.93
85.49
89.04
94.10
104.48
112.11
114.95
113.27
109.68
107.97
109.65
107.27
102.51
99.66
101.76
102.74
95.16
93.56
97.89
96.15
90.71
95.67
101.55
100.13
98.26
99.75
107.52
103.37
101.13
103.76
107.95
108.68
109.62
108.96
104.65
102.91
104.60
100.42
90.84
88.73
98.38
101.03
105.90
108.02
101.40
93.86
91.18
94.88
105.01
113.66
115.47
113.34
111.76
105.72
92.44
90.85
92.48
95.15
104.26
110.51
107.13
105.75
110.17
106.66
103.34
95.79
87.18
86.76
92.98
98.88
106.94
110.94
109.22
109.39
111.52
111.80
111.75
109.27
106.33
106.20
103.48
104.26
99.03
98.21
105.42
111.14
109.60
108.40
109.96
106.20
104.28
100.00
94.71
94.72
101.72
110.07
114.44
113.84
109.73
106.28
101.01
93.20
89.74
87.05
87.91
98.04
113.77
116.49
111.27
108.16
100.40
94.42
93.04
93.33
101.04
99.93
95.07
99.90
108.44
108.65
99.24
96.53
98.41
99.26
101.49
107.80
106.58
95.36
85.06
84.91
86.73