102.84
100.27
107.53
112.84
111.07
99.31
90.26
93.34
98.49
99.06
94.95
98.12
105.65
107.20
109.73
103.21
95.78
100.90
102.19
101.48
96.40
91.32
90.36
95.50
105.37
113.31
113.86
113.20
112.17
104.58
98.42
92.94
87.68
90.62
95.00
103.80
102.80
97.91
102.45
102.77
102.15
103.98
109.65
108.05
96.44
93.92
100.55
109.73
109.53
100.05
94.65
102.26
111.26
111.67
105.63
100.11
101.48
108.54
109.48
110.19
112.24
110.15
99.38
93.30
91.70
90.82
96.79
102.24
106.04
106.74
100.24
98.64
96.98
97.24
99.77
101.51
105.82
99.91
99.46
103.24
104.86
102.60
94.82
91.64
92.12
97.37
104.67
105.53
97.24
88.81
93.66
100.54
98.88
101.18
98.65
99.86
105.64
103.82
102.03
96.64
90.71
92.18
94.92
95.47
101.07
105.39
102.75
93.06
90.69
97.08
103.57
103.46
106.00
101.28
96.85
95.64
99.66
96.31
90.93
96.13
99.14
97.46
102.12
106.50
107.07
109.23
105.83
102.28
103.69
104.05
97.34
93.72
89.67
87.74
89.07
88.13
89.94
95.58
104.13
112.22
108.09
104.34
97.48
93.51