97.95
90.05
94.19
106.64
110.84
101.53
90.75
89.44
89.32
94.38
106.72
107.06
105.10
103.48
98.43
91.37
86.14
89.38
96.74
106.78
101.95
97.09
92.97
96.31
100.44
94.46
89.46
90.23
101.02
108.96
102.30
91.93
89.98
91.13
94.33
98.16
103.62
109.49
104.74
92.79
86.46
91.53
92.70
88.05
86.06
88.48
93.74
98.22
99.40
102.97
108.81
106.32
100.02
101.50
108.84
108.96
106.66
104.00
94.91
93.25
102.18
108.54
107.40
98.10
89.15
85.59
91.87
94.57
100.07
106.11
100.83
90.47
88.37
95.62
100.74
108.01
103.86
100.56
97.93
94.05
90.95
94.77
105.85
108.46
100.22
90.49
89.85
90.87
91.62
92.34
94.61
97.81
106.45
111.99
112.95
113.34
109.51
102.89
99.09
96.07
95.29
102.39
105.32
108.45
106.53
106.85
101.34
91.91
93.20
104.22
110.65
107.85
95.29
93.87
102.24
106.55
104.02
99.96
97.66
100.59
96.96
99.56
104.89
106.65
101.42
102.10
104.60
109.02
110.84
109.00
97.71
87.67
84.62
86.39
91.64
105.01
108.94
106.41
102.80
105.82
111.63
109.13
96.43
84.58