100.84
93.64
92.51
91.91
92.64
92.92
91.70
90.46
93.73
97.24
103.38
106.83
109.42
108.30
101.58
91.01
88.58
91.76
94.62
91.34
91.46
89.50
90.74
98.97
98.36
93.33
97.24
106.85
103.98
95.14
88.62
85.85
88.10
89.88
93.23
92.83
96.37
106.82
114.77
112.51
105.77
100.06
98.65
94.21
87.67
88.22
89.87
90.67
95.70
102.14
110.16
104.43
102.26
97.11
91.75
95.89
98.83
98.65
102.36
99.62
95.51
99.40
106.51
110.87
110.11
102.04
92.36
88.01
88.78
96.54
109.47
114.81
112.36
109.23
105.71
94.37
86.17
88.94
99.79
104.54
105.33
106.50
100.87
93.90
93.11
100.99
103.79
103.02
103.77
102.39
96.54
95.43
98.95
97.09
96.65
94.35
88.60
87.92
88.26
92.98
97.47
95.56
91.43
91.55
95.25
95.35
97.50
102.53
107.14
104.16
104.94
105.77
105.69
97.48
93.46
101.30
102.00
104.57
100.90
89.80
84.47
89.98
93.68
97.49
106.62
113.11
108.85
98.71
91.64
88.31
88.30
92.38
104.34
107.41
105.61
99.51
90.08
91.24
95.13
101.44
102.96
98.95
99.78
107.09