98.19
94.22
106.90
106.62
94.15
89.77
94.00
102.27
111.04
110.60
105.03
94.25
93.87
104.04
110.59
104.23
90.22
83.92
86.56
90.35
89.62
95.01
109.06
113.55
113.19
108.30
97.99
94.74
92.65
92.08
90.32
95.91
108.93
115.28
110.85
99.89
90.93
87.35
85.69
87.59
90.98
98.18
109.87
111.55
108.69
105.89
102.06
99.05
92.85
91.66
99.57
100.49
104.73
106.65
102.94
97.69
96.44
93.85
91.83
88.04
88.65
91.65
90.26
87.84
86.19
85.89
86.08
88.40
93.95
103.54
102.54
95.23
91.01
89.15
96.87
102.26
104.23
107.56
107.59
108.49
111.10
108.80
103.46
92.98
92.80
91.86
90.16
89.73
87.55
87.39
90.04
99.04
102.10
102.97
101.44
96.61
92.87
89.91
91.31
90.62
91.66
99.93
112.07
115.56
113.47
110.61
107.56
101.70
90.24
89.46
89.47
93.77
101.02
106.24
101.10
95.13
91.74
96.31
108.21
104.86
101.45
99.16
99.72
103.29
106.75
103.34
101.93
105.74
100.47
93.53
88.39
87.71
87.64
86.34
87.10
91.92
103.63
113.53
115.02
106.45
93.84
95.61
104.16
101.03