102.10
97.25
94.31
96.80
94.08
88.62
87.35
88.53
89.64
94.27
98.51
94.01
88.68
92.75
105.08
105.57
102.56
96.88
90.64
90.68
91.26
90.44
98.30
100.48
99.92
104.20
101.08
98.81
93.15
91.62
89.95
93.89
103.15
109.68
103.17
94.28
92.70
99.62
99.14
91.65
93.55
101.21
101.11
98.01
97.21
94.32
98.27
100.40
102.79
96.18
95.07
97.70
105.04
104.78
100.65
98.20
99.33
95.42
98.67
108.54
110.08
103.71
100.19
94.08
91.21
97.28
97.97
91.45
92.05
96.41
104.14
100.06
90.98
86.80
86.66
92.01
102.47
106.94
102.06
100.65
98.42
93.90
97.60
101.99
98.58
92.82
95.26
95.20
96.47
102.88
105.73
103.53
103.38
108.46
108.19
98.42
86.97
90.34
105.67
106.67
102.54
94.34
90.26
89.57
89.26
97.16
107.94
105.21
105.42
106.34
99.70
94.48
89.63
94.96
105.11
110.85
110.69
104.75
97.79
93.96
93.72
95.90
96.84
91.11
89.34
98.62
106.82
99.83
89.03
91.52
95.51
95.23
102.45
108.89
109.44
108.00
99.18
96.73
96.69
100.11
108.30
103.69
93.51
88.29