101.48
97.57
103.42
106.25
104.64
101.89
95.09
96.32
101.12
101.59
101.29
97.21
101.01
110.19
109.09
102.12
98.06
104.12
104.92
94.48
86.73
86.43
93.92
106.45
108.15
100.40
98.79
97.26
101.04
108.29
102.98
98.98
96.57
94.02
90.05
96.09
102.84
108.15
107.24
97.58
88.48
87.22
95.49
97.47
92.93
90.90
93.20
98.97
105.68
108.78
103.31
90.89
87.64
93.64
95.30
94.71
91.34
90.69
93.32
91.25
93.08
101.86
103.35
106.75
108.56
103.55
92.92
88.67
89.43
92.40
90.74
87.35
92.67
96.44
100.93
108.54
114.31
116.08
113.36
105.44
92.08
90.48
93.66
96.63
103.66
101.52
98.76
93.60
96.68
106.51
104.71
104.00
99.57
97.73
100.49
101.67
100.86
95.55
89.42
92.91
96.06
94.59
89.94
86.32
88.44
94.85
95.76
97.89
94.45
94.81
104.95
106.14
103.38
94.00
86.38
88.59
101.07
107.51
103.42
93.16
92.45
97.52
104.61
111.74
113.72
113.71
113.80
106.66
90.93
84.35
86.94
95.08
108.93
108.81
97.89
86.97
86.10
90.44
97.94
103.99
108.01
110.82
107.31
97.77