97.02
91.52
93.12
93.46
94.10
92.49
90.67
91.27
91.11
99.63
102.62
101.71
97.02
89.05
92.40
106.00
105.10
105.84
101.29
90.10
84.91
90.03
100.47
107.28
110.83
113.48
113.15
105.00
93.81
96.82
97.44
94.30
90.10
95.09
95.91
96.55
97.33
100.40
99.03
100.21
96.90
99.33
101.68
97.56
97.52
93.92
94.88
93.45
88.08
92.19
95.48
98.35
94.16
95.22
98.96
94.35
87.55
91.62
104.04
111.53
114.36
106.63
92.30
91.90
94.89
98.86
102.56
96.80
91.90
93.91
92.53
97.27
103.76
106.38
105.65
98.92
96.84
92.39
89.99
89.42
93.09
105.14
108.14
107.58
104.39
94.79
89.60
94.96
96.12
99.45
103.05
105.05
101.67
99.25
93.37
94.78
96.09
91.99
88.09
91.38
93.53
91.86
93.85
97.53
93.71
93.76
92.80
96.15
103.31
104.45
103.44
106.56
112.05
108.56
93.98
84.14
85.87
88.28
93.73
108.81
113.60
107.76
103.20
98.89
97.97
102.78
98.53
92.21
87.10
89.67
98.48
99.01
103.02
110.43
108.76
105.20
96.20
89.65
95.91
98.56
96.70
90.45
87.07
92.51