101.92
96.62
94.67
91.68
90.35
91.43
100.71
110.01
111.75
105.91
93.87
94.31
93.81
95.48
92.03
92.10
102.61
112.09
105.92
96.97
96.73
97.30
102.18
105.65
99.42
93.55
96.56
107.36
104.14
90.65
84.22
87.08
97.41
108.11
111.69
108.89
99.43
92.39
91.48
91.60
88.85
89.74
94.29
98.17
93.41
94.94
102.67
110.10
106.16
103.10
98.69
93.05
92.92
93.28
99.76
100.31
96.81
97.85
96.76
91.42
88.07
91.56
93.56
90.63
92.77
94.11
89.97
88.02
94.16
107.85
111.36
112.03
107.69
95.11
88.77
94.04
104.57
111.76
108.87
103.75
106.07
109.85
105.25
100.31
98.66
102.36
106.42
108.25
104.11
103.71
106.18
109.38
108.40
99.63
88.94
85.23
84.96
88.18
91.89
102.63
107.29
110.40
105.63
102.92
99.18
97.66
95.08
91.83
88.95
89.65
89.64
88.01
87.05
91.37
96.12
104.42
102.37
103.88
109.01
112.73
107.71
95.40
91.08
95.44
105.27
104.08
95.77
90.34
91.13
89.85
87.04
86.30
87.52
95.03
101.58
97.25
89.33
88.59
92.44
95.32
95.41
102.49
100.68
94.87