98.96
95.17
102.73
108.89
101.53
94.09
91.61
99.48
103.52
108.19
108.81
105.27
97.28
91.38
94.10
98.15
96.27
92.32
88.21
89.59
99.42
109.07
106.29
99.73
90.96
85.59
86.82
90.00
92.37
97.63
102.86
105.62
101.74
103.17
105.79
99.16
97.72
96.20
91.49
87.10
89.71
92.39
98.75
105.26
99.66
96.76
99.90
99.54
100.65
105.69
102.18
97.54
96.30
91.94
89.18
88.18
89.12
97.27
99.90
93.52
96.54
106.76
104.21
91.35
84.20
87.38
99.94
108.94
111.19
107.02
97.97
98.17
104.35
105.49
100.41
96.86
99.40
107.99
112.41
106.70
93.42
86.14
87.30
89.28
97.78
106.67
106.05
98.95
89.05
85.99
88.66
90.69
89.33
89.23
95.90
97.50
102.56
105.55
97.99
92.45
93.47
93.80
101.57
102.13
105.27
108.41
109.29
107.86
97.38
87.01
85.30
87.43
88.70
90.90
90.10
90.04
88.99
94.98
106.00
111.43
107.80
97.47
90.28
86.97
87.25
92.67
99.24
107.14
104.73
92.83
86.90
91.75
98.48
103.14
99.79
94.81
88.81
85.63
85.35
88.16
90.52
96.84
96.48
90.36