98.49
93.57
100.27
103.16
94.66
87.55
88.22
88.80
91.77
100.60
110.54
113.61
112.45
111.60
102.79
90.20
88.82
89.43
89.74
93.81
105.24
111.51
107.58
101.04
94.70
89.11
86.68
88.02
89.44
90.54
92.72
97.66
101.78
108.51
109.77
105.50
104.58
105.54
98.95
88.88
90.28
98.97
102.29
102.00
99.30
95.37
98.01
106.73
111.60
106.61
92.21
86.55
93.26
104.07
107.58
105.83
98.12
96.54
102.90
105.98
103.80
102.28
98.06
89.81
91.28
96.58
92.71
91.15
89.00
87.61
93.12
98.62
97.90
95.40
102.05
101.27
104.44
100.89
99.03
98.21
93.79
95.95
99.35
101.91
101.29
95.26
93.18
102.18
105.33
98.44
89.52
93.77
97.83
100.63
102.80
104.77
103.43
95.50
95.51
106.14
112.38
108.54
95.63
92.70
103.56
111.17
109.87
100.24
90.32
87.07
89.01
99.23
108.80
114.09
113.71
110.08
99.61
96.06
100.49
103.66
98.56
88.96
87.99
90.73
100.48
104.46
100.31
93.67
93.72
101.44
110.47
111.90
105.63
97.91
90.23
85.84
88.85
92.56
99.36
108.66
114.98
115.50
108.33
103.88