101.36
94.26
93.00
102.32
101.87
98.07
94.42
94.99
101.27
109.68
113.37
111.75
107.17
95.43
86.55
87.92
89.69
91.28
95.84
101.01
105.41
103.98
105.65
100.85
97.51
97.95
99.96
94.67
86.97
89.59
93.70
100.80
106.90
107.15
100.54
94.56
91.33
90.07
98.22
101.47
96.81
92.56
99.98
99.11
90.26
86.75
93.03
107.23
108.48
102.14
96.73
100.24
108.54
112.42
111.60
108.96
105.88
105.33
106.69
110.09
112.77
113.51
110.19
101.09
96.82
98.49
98.58
102.48
108.49
109.68
108.40
100.99
93.16
94.75
92.73
94.73
96.41
99.33
104.78
106.23
106.03
109.10
112.32
114.01
111.14
106.56
95.91
88.97
89.60
90.42
95.74
99.67
94.24
87.81
88.65
89.52
97.71
107.35
106.26
107.26
103.02
101.72
102.65
106.71
104.92
93.81
85.72
88.21
94.30
93.06
88.05
87.52
92.70
97.37
94.08
97.34
99.97
94.61
88.03
91.45
102.28
99.71
100.88
105.58
106.47
100.03
97.13
97.66
100.04
95.70
97.78
101.01
100.87
101.26
101.23
104.75
109.92
103.54
91.68
89.72
100.12
102.81
96.33
98.17