102.08
101.31
102.77
98.82
99.94
104.01
104.84
96.53
86.22
89.60
104.48
105.24
100.04
98.91
100.95
96.20
87.40
86.00
91.66
92.77
98.06
102.49
104.92
102.97
94.74
89.17
88.07
86.71
89.85
93.38
95.03
94.09
94.69
90.94
86.55
89.84
101.08
110.03
106.37
94.39
91.74
93.79
95.16
98.18
97.79
93.35
91.50
100.46
106.83
107.28
105.35
100.33
93.06
91.16
95.37
98.85
93.65
86.89
85.22
85.25
86.84
89.45
92.13
90.59
88.42
89.79
94.14
99.44
95.28
89.28
90.70
94.70
94.54
93.37
96.30
95.50
98.77
107.79
103.85
101.60
104.75
102.43
98.35
101.28
99.33
95.19
89.91
93.94
93.47
92.48
94.28
98.54
106.02
111.46
111.69
110.14
102.44
91.92
92.37
93.88
94.53
93.31
93.40
89.90
91.47
95.07
97.75
104.61
111.86
114.70
108.66
91.97
89.40
90.23
90.13
92.38
97.49
98.15
97.87
95.53
91.69
95.84
100.04
103.11
98.82
100.58
96.73
87.80
89.48
97.41
102.25
95.59
89.16
88.83
92.55
92.08
98.04
100.23
102.55
107.07
108.30
102.80
90.66
86.41