96.55
88.63
87.49
93.31
107.41
107.63
103.12
98.73
91.89
87.22
87.93
97.29
110.47
115.66
109.56
105.10
105.22
103.27
102.04
100.00
102.36
101.57
104.41
108.87
111.11
110.31
108.54
105.05
101.96
98.99
98.02
101.95
98.09
90.20
90.64
101.09
108.70
106.53
99.97
101.65
98.98
97.09
96.00
96.39
95.58
99.82
98.84
94.51
95.12
93.67
88.22
85.83
86.39
90.74
94.32
93.27
91.97
97.46
100.42
97.73
93.29
97.48
106.39
111.50
109.40
108.38
109.47
109.98
105.41
95.99
86.44
88.92
97.10
107.17
114.12
111.61
97.92
88.64
87.31
91.61
99.89
104.31
103.89
95.69
87.82
85.22
85.47
87.45
88.48
91.25
103.16
115.55
110.22
102.48
100.34
105.51
109.62
109.34
98.87
86.50
86.19
91.45
103.23
107.54
101.75
95.86
94.31
100.11
104.79
109.79
112.17
112.22
112.65
110.81
100.88
93.29
99.07
100.58
100.60
105.74
107.92
106.31
106.80
109.95
106.48
95.12
85.34
83.59
85.66
86.55
92.64
105.64
106.83
99.86
92.04
87.16
92.76
103.59
103.94
97.68
94.78
102.62
104.37
101.23