101.59
106.40
115.44
117.89
111.31
101.48
96.27
90.83
87.49
92.33
104.39
113.22
113.93
103.82
95.93
101.63
106.53
98.13
95.47
100.88
102.53
103.80
101.63
101.03
100.63
102.94
103.36
101.70
95.74
87.41
91.11
95.93
95.53
93.93
97.18
105.88
111.09
108.76
104.43
105.37
104.14
99.01
93.16
93.68
93.38
93.10
100.81
105.12
107.27
104.95
105.99
105.81
104.69
105.72
101.83
91.00
89.88
92.28
93.50
90.48
86.72
86.09
87.68
91.15
92.16
100.44
109.61
107.69
98.31
92.19
92.79
98.72
109.01
108.23
98.39
97.22
94.41
93.81
98.51
108.02
111.29
112.55
110.21
103.96
91.33
89.87
99.13
108.56
103.52
101.99
100.11
96.80
97.84
104.25
108.09
101.72
93.81
89.95
93.27
101.53
110.10
114.33
115.35
107.26
89.66
82.71
84.17
86.37
88.34
93.08
104.70
106.56
102.72
105.14
104.63
94.63
86.11
90.88
104.36
111.72
106.68
101.69
98.64
96.66
98.23
98.86
94.89
90.36
96.55
103.77
98.17
89.57
87.78
88.57
89.45
98.17
104.06
103.70
96.26
94.69
96.75
100.79
109.03
114.43