96.92
92.05
98.96
111.31
113.03
107.13
93.00
85.19
85.88
89.49
95.20
97.41
95.13
91.71
88.64
94.60
107.36
107.80
103.03
101.35
102.61
101.27
99.36
97.12
91.73
87.89
85.82
86.12
88.31
95.51
102.27
98.16
89.47
92.01
104.42
110.02
110.96
112.26
109.30
102.04
96.76
95.38
96.55
96.56
99.85
99.34
99.05
106.15
105.19
100.29
93.45
94.52
105.67
114.22
116.57
114.91
111.14
104.71
96.33
96.24
99.39
100.17
96.38
92.50
90.37
89.59
96.42
96.45
100.73
97.13
97.58
95.77
93.28
99.57
107.65
107.22
102.22
92.12
92.48
100.20
98.46
91.22
89.86
97.58
100.54
104.04
106.59
110.14
105.96
92.52
87.58
91.32
103.18
101.10
98.52
92.52
93.89
102.56
103.69
104.43
102.89
102.52
102.79
105.61
105.66
101.19
102.01
102.18
100.93
101.53
100.70
97.08
99.28
96.36
92.91
90.76
87.89
87.73
91.14
99.62
111.95
107.93
98.38
90.66
86.84
93.04
105.84
103.48
91.27
85.92
89.91
93.73
97.74
96.09
92.13
93.97
97.53
104.53
101.61
93.81
90.65
93.48
94.75
100.20