97.48
90.93
96.43
104.03
105.52
109.62
106.97
96.70
90.73
96.29
97.45
92.55
86.81
87.66
88.25
94.46
104.88
105.07
94.34
91.77
101.03
108.35
106.02
105.82
104.01
98.03
96.67
96.02
90.57
95.01
100.82
106.62
103.80
98.89
93.64
94.09
92.76
92.56
99.15
100.40
92.73
89.83
97.79
101.20
103.67
102.81
103.14
97.94
91.38
88.27
86.41
87.82
87.86
88.97
94.48
106.96
108.89
105.85
95.67
92.83
95.52
95.42
101.92
102.21
95.45
96.28
99.78
96.24
89.20
89.19
92.57
99.23
109.22
106.46
99.43
96.99
94.99
90.82
91.54
91.50
95.92
100.05
103.11
101.77
105.29
107.91
107.02
105.10
101.45
94.41
91.17
90.01
92.17
91.47
94.71
106.80
109.54
104.68
93.60
88.65
87.33
86.86
87.02
93.45
104.81
102.56
104.68
109.73
111.42
109.50
109.23
111.01
106.66
93.21
84.04
83.87
85.46
86.35
87.18
88.86
95.81
101.59
97.14
97.31
97.13
99.54
96.00
93.16
93.46
92.55
94.67
96.95
102.39
109.38
108.88
102.39
96.46
95.45
97.53
93.19
89.96
92.81
99.12
97.93