100.86
101.60
102.82
106.39
109.36
110.38
110.07
109.06
110.45
110.70
110.72
110.17
108.99
105.18
96.82
96.25
97.82
103.36
110.18
113.77
107.81
95.79
95.46
102.83
103.72
96.42
89.77
95.00
106.45
112.04
110.39
106.25
103.02
104.29
108.39
111.64
113.03
111.39
102.71
87.81
82.99
84.99
87.12
88.31
87.96
87.65
87.08
89.20
90.49
99.26
106.67
107.55
100.10
94.89
92.82
93.72
91.79
89.55
92.29
97.89
96.27
95.91
95.55
98.96
97.71
102.01
107.02
107.80
108.14
106.55
99.81
97.17
101.37
106.60
108.87
100.25
91.20
88.39
94.81
102.24
108.04
103.70
94.66
94.24
105.14
102.91
92.96
86.39
90.72
96.33
96.72
94.22
88.92
87.50
87.27
88.10
96.72
105.95
109.25
107.24
107.51
101.12
91.99
90.56
98.81
107.45
111.77
106.81
96.96
97.97
106.66
112.34
112.78
108.95
106.40
108.53
109.17
99.56
86.56
86.94
93.99
99.53
100.33
94.91
90.45
88.77
90.96
89.96
88.88
93.69
100.79
110.94
110.93
110.08
110.64
107.41
98.78
98.60
96.97
98.00
105.52
111.66
105.59
92.44