97.22
89.49
95.48
102.28
105.29
103.92
105.39
100.91
93.43
86.89
87.71
96.05
109.04
107.86
104.79
98.55
100.62
106.69
107.95
103.90
98.47
92.88
91.17
88.18
90.85
93.34
94.65
101.50
103.22
99.36
101.90
105.39
107.29
102.98
96.04
98.08
102.35
99.62
95.23
90.55
86.57
87.65
92.93
94.23
101.71
111.50
113.07
102.87
90.31
87.39
87.05
92.85
94.91
90.76
93.93
95.55
101.25
108.84
113.52
113.71
110.69
105.66
94.50
92.48
100.21
98.81
101.33
101.31
93.83
86.88
90.31
100.06
98.79
94.53
97.81
97.71
97.53
98.77
94.74
93.06
100.09
100.78
101.08
102.43
96.05
89.30
91.80
92.73
98.65
100.50
101.87
104.59
107.12
110.62
111.71
107.91
101.71
94.94
95.20
101.17
103.47
96.81
93.81
102.91
113.13
107.86
100.97
104.33
106.21
97.09
93.56
100.81
107.45
105.71
102.60
98.28
101.66
102.76
95.84
96.41
103.88
103.46
103.63
103.21
97.43
92.06
89.05
91.87
92.39
91.87
91.63
92.18
95.58
95.03
97.75
96.21
100.50
103.18
97.30
89.62
91.90
94.47
92.53
89.61