101.08
95.38
95.60
92.56
96.40
104.27
105.94
107.41
110.49
110.18
101.01
90.97
94.69
100.81
108.09
111.01
106.44
104.25
104.38
104.13
104.43
106.08
100.94
93.93
95.16
94.23
92.30
95.10
93.87
88.47
86.58
92.90
100.96
103.84
104.22
106.76
111.09
113.51
108.48
103.06
105.65
100.26
95.73
94.29
101.30
108.62
110.96
105.90
104.00
103.40
106.11
108.74
108.56
108.90
109.92
110.40
103.74
92.22
92.75
103.46
106.86
97.67
92.44
89.54
89.10
90.60
99.34
102.55
97.51
95.66
102.84
107.73
109.90
111.64
110.24
106.37
101.54
93.37
86.28
87.53
88.16
92.66
101.32
97.93
99.54
102.60
107.77
110.58
106.38
101.78
103.15
103.10
98.12
99.91
102.68
105.68
107.30
102.93
94.88
91.45
89.84
95.17
100.51
96.41
94.63
95.80
99.40
98.97
91.55
85.70
86.59
92.13
100.32
97.35
97.92
95.96
98.52
104.85
109.80
104.79
95.59
93.63
96.38
102.36
106.49
110.21
105.94
99.47
91.07
87.44
89.52
96.17
106.42
103.48
97.13
92.43
87.63
86.35
93.30
109.13
108.69
104.46
103.86
99.64