102.18
99.59
105.59
110.15
105.93
101.03
96.57
100.74
103.78
96.49
88.27
87.19
89.60
91.57
96.70
99.60
95.33
88.62
86.38
90.62
96.73
98.11
94.82
91.17
97.11
109.26
106.80
101.17
92.33
87.57
86.85
92.80
103.69
113.09
115.11
107.24
90.41
85.17
89.55
93.69
98.15
98.69
103.96
108.99
102.51
93.38
88.39
88.63
97.84
98.62
93.19
94.64
95.80
92.99
92.15
89.88
90.30
98.12
108.89
110.12
108.52
99.75
88.98
84.42
88.74
90.75
96.29
102.93
104.21
97.74
96.75
92.83
87.39
90.53
102.81
105.28
102.64
102.03
106.96
111.38
108.66
103.80
94.12
85.56
87.62
100.04
101.25
91.47
85.87
87.07
92.78
96.80
106.11
104.88
103.42
101.55
96.50
94.32
92.22
94.33
100.55
102.73
97.30
89.87
85.99
89.56
99.05
106.38
103.13
98.92
101.91
107.56
109.79
108.67
98.56
87.03
86.93
90.30
94.17
102.24
110.65
112.18
105.47
97.59
96.86
103.53
100.39
97.55
95.01
99.36
105.86
101.38
101.13
101.55
102.20
105.60
103.86
96.24
90.02
94.66
95.83
92.18
93.04
100.22