102.08
96.71
91.07
94.71
104.47
113.51
112.20
106.83
95.00
91.39
100.73
101.00
94.47
95.34
105.34
108.74
109.63
108.86
108.62
104.17
97.45
92.19
91.03
88.03
87.95
91.45
95.35
93.32
94.99
95.21
92.23
96.68
109.28
116.25
114.68
103.44
95.40
97.67
100.87
106.88
112.41
109.56
96.42
87.10
92.41
97.62
92.58
92.32
103.26
112.11
115.13
113.97
103.74
95.57
97.09
94.47
92.18
90.30
94.61
93.26
93.02
92.35
99.87
104.04
95.89
94.63
102.04
111.30
113.03
112.68
109.77
107.12
97.67
90.37
94.03
103.15
110.88
111.93
107.12
104.42
103.36
104.72
105.81
98.83
95.14
96.70
103.36
106.62
110.31
107.05
98.74
91.76
87.71
85.48
89.15
91.33
89.21
92.87
92.96
91.97
99.29
106.83
103.86
95.41
94.37
92.64
95.71
96.35
95.57
101.49
110.62
108.95
104.35
105.84
108.36
101.21
92.72
93.75
95.24
96.56
104.25
102.07
99.69
101.48
95.58
93.97
100.84
110.25
113.99
105.95
94.33
95.97
105.92
110.86
111.70
111.62
104.46
93.48
86.73
89.52
102.18
113.90
109.85
102.78