98.34
90.59
89.96
90.24
96.97
106.09
110.70
102.21
89.88
88.41
91.80
102.31
101.87
96.45
92.97
88.64
90.93
96.81
94.48
97.15
98.98
94.07
94.34
103.99
112.79
111.34
106.97
101.56
92.82
86.79
90.56
95.93
94.28
94.79
91.77
96.06
103.72
109.55
111.03
102.39
94.03
97.80
105.63
110.21
111.38
108.06
100.07
93.02
88.77
87.50
87.86
94.69
103.18
104.24
107.87
104.85
100.98
98.74
91.81
93.21
99.26
98.38
98.91
95.63
93.21
92.44
93.27
90.11
88.51
96.71
102.70
105.56
102.14
97.39
100.67
99.98
101.06
106.08
109.39
109.65
109.78
107.95
106.14
100.91
95.21
96.30
102.21
97.37
91.08
93.09
92.45
89.32
90.59
91.13
89.07
87.08
92.18
94.51
103.34
108.96
106.63
96.14
90.98
93.22
100.36
103.13
106.72
110.79
109.83
99.98
92.72
98.53
104.71
105.96
97.02
94.74
103.87
108.19
107.07
104.05
96.69
87.95
90.20
104.38
112.66
112.33
102.35
92.68
92.34
96.61
98.39
97.94
101.63
104.05
99.73
96.42
99.29
105.66
101.15
96.05
92.01
92.32
91.02
96.75