99.43
96.02
107.66
114.61
107.75
100.52
104.06
109.87
105.32
95.54
91.49
95.25
95.33
93.80
91.39
88.02
88.51
90.93
99.57
100.31
98.85
102.33
99.95
103.00
109.34
112.83
110.13
106.01
105.35
107.03
104.85
101.90
102.84
101.28
91.86
89.25
89.09
90.59
89.19
92.83
104.22
114.58
109.94
97.77
92.78
93.51
90.61
89.14
92.78
93.26
99.52
98.73
102.05
100.63
94.89
98.43
105.58
101.24
92.96
86.90
89.31
95.84
107.01
106.07
95.10
92.21
90.98
95.80
103.16
98.78
92.51
97.82
99.76
100.55
101.56
105.38
101.48
97.49
100.11
107.11
111.77
106.52
94.33
91.11
93.51
95.56
97.42
101.62
104.94
101.27
96.42
97.86
104.85
108.74
103.96
91.90
92.18
96.60
102.27
101.35
98.24
98.94
100.07
93.63
91.73
91.14
96.44
95.75
92.11
88.71
90.05
96.28
103.49
110.38
113.65
113.67
113.58
109.54
97.60
89.09
85.68
85.62
90.73
102.92
110.43
108.79
102.48
98.36
95.11
99.45
97.38
99.22
97.22
99.71
95.60
89.80
85.94
87.62
92.39
92.41
89.38
88.59
89.99
97.39