101.30
103.21
102.59
99.48
96.23
92.08
90.56
93.72
99.58
106.72
111.04
103.30
88.27
86.74
92.53
94.00
90.13
87.71
90.13
100.12
113.76
111.94
107.04
98.05
97.55
100.40
105.43
100.23
94.42
97.55
106.70
110.30
111.52
104.07
95.16
91.47
90.84
96.37
106.48
113.10
115.65
109.18
91.65
87.44
96.83
99.75
104.92
109.15
105.50
94.28
93.66
104.58
112.82
113.48
105.50
100.50
97.09
90.48
92.33
104.74
104.89
104.48
98.94
92.31
93.25
92.59
95.84
103.71
109.85
108.33
96.66
89.84
89.14
93.93
100.88
97.69
92.23
97.84
99.63
93.80
88.40
92.19
95.32
95.93
91.02
93.49
101.28
109.10
106.46
103.85
95.86
88.45
86.17
85.52
90.17
96.27
100.65
102.35
108.17
108.29
98.10
92.30
88.75
91.54
96.04
94.58
100.12
105.60
99.05
97.14
96.57
90.79
92.58
95.98
103.41
106.24
100.84
96.81
94.51
89.48
86.66
88.91
88.88
92.32
101.80
112.98
107.48
103.43
99.50
93.48
92.30
101.92
108.29
112.32
111.28
107.76
100.56
93.35
89.41
86.98
88.31
95.59
100.00
103.21