98.01
90.37
94.02
109.60
109.66
97.42
85.75
87.16
95.46
106.36
102.06
100.98
102.78
97.82
88.82
85.46
86.86
93.06
107.25
106.02
97.57
88.03
91.20
105.01
104.40
105.04
107.96
102.77
92.58
94.19
96.17
91.08
86.01
89.62
93.57
101.66
101.88
94.58
95.87
106.89
112.98
107.38
103.27
103.59
105.52
99.69
97.97
94.55
89.57
90.44
93.16
94.92
97.81
95.23
98.24
96.11
92.48
96.58
95.24
93.83
95.56
97.49
102.62
109.59
110.11
106.77
103.33
97.24
88.84
92.41
93.70
96.66
104.91
101.44
94.53
99.14
107.93
105.69
100.03
101.29
100.47
97.49
96.36
102.11
107.86
104.87
96.74
93.62
100.66
104.90
103.23
103.65
97.28
86.85
84.90
90.19
93.74
90.87
91.45
100.00
107.60
102.41
98.91
93.96
87.67
89.06
100.20
99.85
95.04
95.89
96.57
93.76
89.75
89.16
91.52
91.11
93.53
104.12
102.12
99.42
104.80
104.09
99.60
102.74
109.32
104.23
90.98
87.69
88.38
88.33
87.66
92.05
97.52
100.26
96.55
91.10
89.29
91.07
93.32
100.90
102.89
102.95
96.75
87.55