101.06
99.79
110.23
113.97
113.05
104.61
100.96
95.09
90.80
91.98
94.89
101.50
102.09
101.95
96.56
97.17
94.83
97.20
100.78
96.99
93.78
91.94
98.43
106.91
112.19
115.04
111.09
96.96
91.86
102.14
104.74
101.89
97.30
89.71
88.14
93.27
99.73
101.08
98.03
93.14
89.38
89.13
96.99
96.84
101.93
100.03
103.02
106.14
102.19
96.22
100.31
107.01
111.55
112.58
112.84
113.50
111.89
109.50
108.89
110.18
108.28
102.21
95.32
96.32
101.91
102.88
100.63
93.66
90.42
87.57
89.08
90.55
89.64
87.69
90.31
90.74
90.08
90.04
97.58
106.89
102.53
91.12
91.70
98.20
105.45
100.50
96.94
96.29
97.14
105.08
108.60
105.87
95.52
85.43
86.15
89.82
99.51
112.57
117.09
109.37
93.04
89.13
88.67
94.06
97.39
104.95
110.16
104.42
93.18
86.98
85.21
85.63
86.61
90.90
95.56
100.29
100.22
103.02
98.76
96.03
95.40
96.67
100.61
102.35
102.29
99.16
98.80
103.99
109.10
109.41
108.30
107.49
98.68
92.71
94.15
93.49
92.67
91.25
90.09
87.97
88.09
93.34
97.70
106.69