103.23
98.65
102.13
102.43
96.37
97.11
107.39
113.54
115.33
115.31
109.78
98.55
95.48
92.50
95.99
104.99
110.63
102.93
96.14
91.83
97.63
96.27
100.10
97.82
89.34
85.51
89.59
92.51
91.43
88.88
94.68
109.57
110.72
111.12
109.17
99.96
91.56
95.28
95.80
92.92
90.21
87.33
88.60
90.13
98.49
109.34
110.71
106.21
97.67
91.50
87.39
85.86
91.46
101.22
99.01
101.16
109.28
105.36
101.33
98.94
98.16
103.13
100.04
100.08
96.86
98.31
96.92
95.33
98.18
100.80
102.72
96.53
90.20
93.72
94.22
90.12
93.33
98.89
98.76
101.54
98.83
93.86
93.53
103.38
113.43
109.27
94.38
85.52
84.56
87.37
93.31
106.26
108.62
108.87
111.85
106.87
101.05
102.76
101.99
97.50
89.75
85.66
84.92
86.20
87.07
90.98
92.24
90.28
88.18
87.21
91.61
106.90
117.43
116.98
112.34
104.72
94.65
88.59
90.05
91.27
93.14
98.58
97.09
91.09
92.13
92.21
99.59
100.86
93.22
91.25
90.97
94.34
98.85
97.62
99.38
98.41
103.00
108.88
111.16
110.60
101.30
96.12
96.58
98.78