97.22
87.80
89.09
97.15
97.66
101.99
105.12
106.63
108.45
109.82
109.63
109.03
102.97
98.90
98.36
94.09
97.87
97.94
93.26
94.08
100.26
101.50
98.21
93.44
87.89
86.36
90.36
101.66
104.12
99.47
92.81
87.99
86.75
93.37
107.09
108.63
103.80
92.73
93.76
105.86
112.45
107.98
94.17
88.17
87.25
87.90
93.89
105.58
109.62
100.57
96.83
104.57
112.20
112.98
102.83
93.82
93.26
101.92
105.39
107.92
111.84
114.64
111.40
100.12
86.15
84.95
87.58
96.16
107.35
106.36
98.53
88.92
89.83
100.29
100.87
103.51
106.50
100.27
99.93
104.91
100.02
92.04
86.93
86.52
88.60
92.32
100.28
108.38
106.67
101.36
99.61
105.39
108.75
102.38
89.76
83.90
86.39
95.68
100.40
100.80
105.66
107.51
100.68
88.59
90.60
93.13
96.86
101.64
109.47
105.82
103.87
96.94
96.63
101.78
101.55
104.29
107.70
104.80
102.70
96.22
87.83
88.52
88.71
88.42
92.70
93.79
90.59
94.30
107.17
105.80
99.92
100.56
98.67
95.38
98.33
102.36
104.19
101.92
104.37
103.91
106.40
106.87
105.35
107.35