101.35
99.38
101.59
105.37
109.33
109.37
109.39
102.78
96.92
99.13
97.07
97.29
94.17
94.63
91.58
90.31
98.16
102.20
103.65
106.27
109.59
110.00
110.36
109.25
98.90
87.88
87.33
96.06
96.52
98.93
95.08
89.16
88.72
92.39
93.75
99.49
108.05
103.32
91.03
90.72
92.30
89.01
88.91
94.81
100.85
107.81
104.44
101.75
96.62
97.99
104.44
108.63
102.08
95.29
91.83
88.26
93.50
106.59
108.75
100.09
88.17
85.41
88.67
92.48
93.75
99.60
98.41
93.29
97.69
108.15
114.74
115.64
106.52
94.65
91.87
99.13
101.18
92.64
86.95
86.18
92.07
104.70
111.03
111.72
112.44
109.52
108.34
102.70
97.77
101.81
105.61
100.36
94.16
89.66
87.74
94.91
109.02
116.05
109.58
99.23
90.70
91.04
94.42
101.26
107.27
112.25
108.45
100.88
90.39
88.11
97.47
105.38
108.67
101.02
89.21
91.36
98.57
94.62
94.87
96.44
95.76
91.57
94.88
107.03
106.82
104.90
108.00
107.13
103.66
98.63
90.50
89.66
99.44
108.66
111.76
113.78
108.97
98.67
94.18
101.93
102.09
101.80
95.51
86.96