98.06
88.90
87.04
87.84
93.29
105.90
110.10
109.23
106.75
107.56
110.42
104.80
89.90
87.22
91.31
98.96
100.39
93.59
94.51
100.18
103.88
96.89
88.29
88.31
94.83
106.49
102.78
101.86
98.34
90.53
89.17
98.83
104.62
109.52
110.98
108.13
107.74
110.40
105.29
92.35
84.11
87.73
94.23
96.78
97.26
100.44
96.92
95.69
98.82
96.71
91.17
87.53
86.63
86.30
88.77
91.31
90.26
88.02
88.49
88.36
95.34
101.75
103.54
99.23
98.59
101.93
105.66
107.60
100.94
96.95
99.21
94.92
87.94
85.38
86.40
89.62
92.32
102.70
113.23
112.98
102.10
91.45
95.93
104.88
102.49
102.34
96.97
96.93
104.24
110.62
113.64
112.82
109.73
107.75
98.22
91.48
87.61
89.81
100.14
98.85
91.39
87.82
94.48
106.87
103.90
93.20
89.78
88.23
88.18
91.40
102.28
104.93
98.49
98.15
106.27
105.09
99.71
94.18
90.92
92.31
94.57
91.22
94.42
107.26
107.38
100.10
91.94
87.17
85.31
86.25
87.56
92.03
96.83
95.61
100.30
104.12
98.92
97.50
95.08
90.99
89.64
89.63
91.31
91.77