99.83
100.41
109.36
109.66
106.84
104.53
95.85
86.46
86.30
91.30
100.13
100.16
104.02
105.95
99.32
94.21
98.36
108.22
113.46
111.53
106.17
102.69
103.68
109.11
112.68
107.13
101.99
96.38
87.70
87.37
94.08
94.28
88.56
85.73
86.07
86.27
87.55
88.79
88.85
89.17
94.71
102.19
102.28
105.95
110.21
106.79
102.98
97.63
89.28
93.04
105.27
103.60
101.88
101.99
96.86
92.06
94.02
96.35
96.71
96.63
97.96
102.11
109.60
113.91
109.02
104.52
101.30
93.34
89.51
89.18
95.05
104.07
101.86
101.72
104.80
104.08
106.02
104.14
100.14
91.32
93.83
105.11
110.84
103.04
100.01
99.20
91.46
88.45
87.77
94.50
109.20
114.07
113.08
112.34
112.62
104.11
96.91
101.00
101.66
92.74
89.09
90.37
88.45
87.43
93.43
94.71
94.79
93.18
96.87
102.69
100.18
91.25
86.92
90.80
99.32
101.69
105.14
98.75
92.77
99.74
108.00
110.39
102.72
92.75
92.58
103.03
107.85
109.22
103.32
92.21
92.06
102.31
111.87
110.69
101.51
88.19
87.64
93.45
92.07
89.07
86.82
87.41
90.49
101.77