99.08
93.83
92.56
89.94
93.49
103.86
104.34
95.79
94.11
91.25
92.71
97.26
104.95
105.40
98.75
94.79
102.06
110.96
109.65
106.92
99.00
95.40
91.73
93.68
93.77
96.90
106.34
108.69
101.60
90.99
87.54
86.90
88.40
88.45
91.71
99.65
103.88
96.50
88.05
91.56
92.84
89.07
87.06
92.84
102.02
111.95
110.08
101.89
89.72
83.95
84.91
91.16
106.55
114.11
109.65
97.84
88.86
91.32
96.65
96.85
93.67
96.02
105.93
102.36
97.80
97.47
92.24
92.08
98.72
105.06
111.16
110.69
100.45
93.70
90.94
90.10
92.48
91.45
93.09
93.75
91.42
89.87
91.59
95.11
92.35
87.73
86.55
88.16
97.13
102.76
109.66
113.75
113.21
104.72
96.81
93.65
100.33
107.40
110.71
103.43
92.74
89.62
94.49
103.85
108.32
111.84
113.56
110.95
98.35
86.11
85.00
86.32
86.40
86.70
91.89
96.72
105.04
112.04
110.66
105.32
105.94
106.98
105.37
100.32
95.91
91.02
86.93
87.65
89.58
89.84
91.40
99.64
100.17
92.47
95.78
97.43
101.56
107.25
104.51
95.42
91.43
90.09
94.86
98.77