103.24
104.64
112.53
115.75
113.81
110.03
106.70
101.58
95.42
88.32
88.17
89.06
87.97
94.58
96.53
97.67
105.93
112.60
112.66
109.30
103.24
93.79
93.12
101.49
105.35
104.85
103.19
105.28
110.39
113.67
108.82
96.44
90.21
88.53
95.28
107.24
106.18
106.21
107.98
107.43
106.65
99.88
87.98
84.73
85.24
86.07
90.12
96.81
102.77
107.01
107.57
99.38
91.57
92.85
97.98
94.68
90.12
87.06
92.46
101.02
103.01
103.40
104.61
103.05
100.28
94.67
91.63
88.17
90.38
91.98
90.47
95.12
95.30
96.19
97.35
92.56
92.86
96.53
96.72
90.95
90.85
94.95
103.61
104.17
96.40
88.89
90.87
102.20
111.77
115.28
111.40
106.26
102.74
99.63
95.09
93.63
100.55
106.10
107.53
100.45
93.51
96.94
98.86
104.23
110.89
113.03
113.67
108.44
104.24
102.47
95.87
89.18
89.93
89.50
89.80
92.49
103.04
111.52
115.07
109.39
102.19
101.20
105.88
107.15
103.57
98.75
95.79
100.11
102.01
101.37
100.29
93.69
86.07
85.43
89.72
93.58
100.47
104.16
105.24
107.28
106.70
101.82
98.37
93.33