99.79
94.80
97.37
104.82
104.56
96.15
90.87
92.86
104.35
109.79
101.83
98.45
100.76
107.05
105.56
97.73
96.00
98.26
92.58
93.83
100.70
105.76
109.30
109.44
110.86
109.87
103.29
93.31
88.81
95.66
106.82
109.27
105.42
101.45
92.92
88.07
91.21
98.90
106.73
107.17
100.11
90.98
85.89
85.20
89.57
95.85
97.56
100.46
97.87
94.30
98.11
107.37
110.27
103.62
92.45
90.20
92.43
99.74
109.60
105.55
95.57
87.46
91.37
94.21
101.93
104.97
96.71
89.61
89.59
89.66
92.20
101.39
107.02
103.66
93.64
91.51
96.05
94.26
94.26
91.77
95.24
105.87
112.15
104.99
93.94
90.31
97.29
102.82
97.50
98.47
100.87
94.28
95.75
94.81
94.87
92.46
97.69
108.22
106.45
96.83
94.58
98.45
98.68
98.31
96.46
100.50
106.22
103.87
102.50
107.66
107.82
103.54
93.18
89.46
91.93
102.23
110.68
108.19
106.25
108.89
110.00
103.41
100.86
101.13
98.54
102.81
110.03
114.28
114.70
110.96
100.65
92.40
95.80
97.64
92.35
86.99
90.53
95.51
93.01
95.79
97.36
100.55
106.56
108.20