98.84
96.43
102.95
106.83
100.14
95.85
100.87
100.27
101.27
104.74
104.77
102.55
99.20
96.23
100.02
101.34
103.39
108.55
109.53
106.09
97.45
89.08
88.15
96.10
103.88
105.65
96.83
91.13
98.57
105.65
101.32
102.16
101.86
95.31
89.91
92.03
95.90
101.60
99.85
101.26
107.36
111.50
110.59
105.44
98.95
101.59
106.36
105.62
99.30
93.00
93.50
92.84
88.43
86.97
87.96
88.41
91.88
100.19
104.16
98.10
96.61
96.33
90.85
92.81
104.83
105.05
106.82
112.05
107.25
92.74
84.60
85.64
90.12
97.29
97.05
96.07
94.00
97.25
105.11
111.32
114.43
113.06
101.55
90.76
93.76
97.69
91.84
88.75
91.49
94.86
95.09
101.55
103.60
103.59
103.09
95.78
87.18
85.80
86.31
89.55
102.72
111.23
113.62
109.27
104.48
105.89
109.56
109.38
106.43
103.20
96.06
88.66
85.46
86.92
87.45
87.74
89.60
99.25
102.19
101.19
101.47
105.19
103.73
94.99
89.42
94.98
100.96
102.80
95.65
90.07
93.40
92.99
88.49
89.10
88.84
88.03
93.35
97.24
94.41
95.76
105.71
108.52
103.75
92.70