97.53
88.32
86.97
94.73
106.83
113.70
111.73
103.63
94.28
93.26
102.52
109.83
113.80
107.12
98.17
89.57
86.52
91.90
99.90
110.34
105.24
101.90
106.17
109.19
111.04
112.51
104.94
93.84
86.29
86.74
95.31
105.60
112.76
113.62
103.84
87.91
86.47
87.79
88.37
95.42
103.45
111.53
112.22
106.26
97.46
93.79
92.26
96.07
100.46
100.66
94.49
97.29
99.47
102.02
97.35
97.44
106.95
109.46
109.91
109.73
107.77
107.46
108.33
106.49
102.92
104.20
98.27
91.85
95.50
104.29
108.50
111.89
105.15
88.96
85.84
87.27
91.01
91.45
93.35
92.21
95.11
95.75
100.27
98.40
101.64
108.78
112.69
113.48
105.55
90.46
89.25
90.99
96.54
94.63
99.59
103.09
104.83
106.63
99.97
95.50
94.91
100.87
109.38
113.97
115.58
111.71
98.84
92.34
89.14
86.21
84.96
85.07
88.30
96.88
110.28
111.60
112.20
113.82
107.93
93.86
88.98
97.10
96.92
92.10
87.73
86.47
93.00
101.43
97.76
92.00
87.16
89.17
94.02
93.06
89.68
86.68
88.00
96.69
106.06
107.80
107.77
100.78
93.39
99.02