101.34
94.63
91.62
88.98
93.68
96.58
101.91
98.57
91.47
86.24
85.06
85.58
87.39
92.49
109.07
116.35
115.23
107.10
93.39
84.84
85.92
90.87
102.40
104.23
100.20
98.42
95.03
88.42
89.42
93.07
103.08
104.93
97.59
90.10
89.61
89.63
87.72
92.46
104.14
103.95
106.20
106.50
108.61
102.30
97.12
94.12
91.95
90.73
93.06
97.53
102.99
101.28
103.56
101.27
92.20
88.09
88.27
90.81
99.49
110.36
109.88
104.44
99.67
98.90
93.42
87.94
86.93
88.97
95.00
96.17
98.45
104.48
108.89
101.30
88.54
89.99
99.05
109.73
111.32
110.79
108.96
103.75
101.60
102.84
102.37
96.02
94.10
91.41
87.74
87.64
94.71
99.12
101.09
97.64
89.39
85.21
85.91
86.70
88.29
94.71
98.29
104.58
102.29
103.21
107.10
104.31
101.36
99.72
96.96
97.92
95.96
92.84
96.28
104.40
107.63
104.81
105.43
103.60
94.59
93.01
99.63
98.67
93.99
88.05
88.88
90.62
91.62
95.63
99.16
96.30
96.41
102.54
104.35
100.10
101.87
97.21
91.43
87.88
93.49
96.07
96.40
91.37
86.63
88.87