100.80
102.98
109.35
106.43
105.48
106.96
100.92
92.93
89.32
93.18
98.82
96.54
98.76
94.67
92.77
95.79
94.16
88.88
87.78
92.99
101.33
105.07
107.02
108.04
102.35
97.54
98.59
96.10
96.20
102.82
102.85
97.99
92.31
90.52
94.84
103.72
109.57
103.97
101.11
102.49
107.70
104.13
94.94
95.89
94.20
87.35
85.44
87.24
89.20
98.05
103.25
102.87
95.83
98.21
99.67
103.72
99.62
94.82
98.87
105.09
108.75
107.86
108.60
108.73
103.15
96.11
92.35
95.72
94.94
97.25
103.36
101.42
98.65
102.25
108.41
111.03
110.60
104.74
93.39
91.01
101.62
103.38
104.89
107.14
109.46
102.17
88.50
84.99
92.72
107.64
105.18
95.91
97.16
100.23
103.08
105.60
100.10
96.43
100.61
98.26
95.36
95.70
92.32
93.20
94.18
101.66
105.58
108.18
111.72
112.11
105.06
91.38
87.35
89.13
89.42
95.28
100.97
104.77
98.83
92.60
93.65
104.75
104.32
98.24
93.60
95.68
98.04
94.65
88.65
90.21
101.09
103.91
104.70
102.34
103.35
108.81
105.62
98.57
91.90
90.04
92.98
99.52
101.36
104.08