97.07
88.69
92.32
110.81
114.48
107.94
105.65
106.52
98.97
87.42
87.36
90.36
94.85
105.21
107.05
101.47
98.35
98.18
95.73
92.84
97.36
104.05
102.84
99.05
97.32
91.93
89.61
90.43
90.69
96.95
102.12
104.02
102.17
93.89
92.24
90.49
96.37
101.02
98.99
97.47
93.56
94.28
101.49
101.37
104.14
105.08
104.37
99.25
90.17
87.53
91.40
93.23
95.48
94.86
91.49
93.44
99.02
107.63
108.57
109.76
106.39
93.57
83.98
86.37
97.04
111.09
112.32
105.95
97.96
89.58
85.07
85.20
88.56
97.05
103.94
101.10
95.17
89.96
87.80
87.99
88.03
94.88
108.55
105.01
102.90
96.93
94.32
100.32
97.21
96.24
95.62
92.71
93.12
95.57
95.00
97.30
98.08
104.42
111.86
109.20
106.51
99.56
91.22
88.49
87.84
90.54
98.09
110.30
109.31
106.62
106.69
109.81
104.12
90.61
89.03
89.66
91.52
98.64
96.84
97.16
104.92
101.05
89.61
86.08
90.27
101.92
102.32
96.37
96.57
94.98
93.92
95.43
102.98
106.31
109.06
102.97
92.61
87.36
90.41
96.57
103.74
104.09
94.30
85.65