101.55
95.42
101.21
103.37
97.89
93.05
93.72
95.37
95.06
93.99
91.11
89.71
91.44
95.43
102.48
108.92
111.13
103.92
90.37
87.10
87.76
94.46
98.19
96.83
93.32
91.25
89.87
88.38
87.95
93.46
104.61
105.28
98.18
91.47
93.88
96.57
104.38
105.33
105.29
103.26
102.48
96.48
88.15
88.65
96.00
100.97
97.10
98.78
100.75
98.16
98.81
106.84
105.18
104.20
102.94
103.75
99.87
100.66
102.76
98.70
95.32
89.82
92.11
94.78
103.18
108.97
101.80
95.36
89.55
93.95
96.25
102.97
100.20
90.21
88.80
93.39
96.66
94.58
89.25
89.96
95.00
96.79
94.19
90.77
91.29
89.60
90.51
96.48
97.68
94.84
90.55
86.85
87.82
94.33
108.24
110.23
100.58
90.52
87.33
87.70
87.67
92.33
99.19
108.20
107.72
104.24
102.56
96.81
88.75
87.54
97.04
109.57
113.77
110.01
105.10
101.03
94.30
86.95
87.30
91.72
93.37
91.71
93.01
96.32
106.32
113.90
109.47
102.25
93.98
91.82
90.80
91.11
94.25
94.99
102.46
102.73
93.55
91.85
97.78
106.49
112.09
107.50
101.79
101.92