100.71
104.60
106.20
104.57
102.47
105.89
111.12
105.85
99.89
97.87
102.34
109.93
104.63
94.00
87.31
85.34
89.87
92.54
95.29
103.09
106.39
99.88
92.41
87.12
92.14
104.75
103.69
94.24
95.31
95.91
95.35
99.16
103.30
107.97
105.51
102.06
103.43
109.13
106.13
102.71
94.76
85.93
86.06
91.19
99.68
104.45
109.08
104.84
94.19
89.65
90.50
99.77
103.61
106.02
106.40
104.11
99.93
92.05
95.04
96.83
96.73
94.04
92.46
95.20
100.32
105.33
111.15
114.52
115.19
114.19
109.03
102.59
96.61
99.07
107.57
112.91
106.66
90.34
83.97
86.40
92.26
99.42
107.78
108.53
107.02
106.04
109.36
113.40
109.06
94.44
91.11
98.71
100.58
105.23
104.94
98.75
96.82
104.55
102.29
101.55
102.79
104.26
97.14
96.46
100.68
106.25
104.89
95.04
94.04
96.95
102.96
105.93
104.08
103.92
101.45
93.80
95.30
101.71
105.23
99.72
90.54
89.63
93.89
103.15
106.95
109.07
101.95
96.17
98.40
106.20
102.01
98.26
98.85
93.42
93.51
102.41
102.00
98.59
103.76
108.49
108.18
109.40
112.62
108.17