96.88
90.51
101.80
116.93
113.62
105.01
104.35
108.51
108.02
97.54
94.09
99.17
105.64
104.52
98.39
98.67
94.28
88.33
90.61
99.77
100.32
98.16
95.22
93.68
94.97
104.00
106.42
98.35
91.69
87.58
93.77
104.38
110.77
110.44
105.02
105.18
109.75
105.41
99.24
95.18
97.97
95.40
97.56
96.23
89.19
87.37
87.45
87.38
90.12
99.10
108.67
109.46
104.57
104.88
101.26
91.71
90.80
95.71
94.19
93.40
90.20
94.87
94.69
90.42
87.20
90.85
101.54
108.96
105.52
97.62
99.55
102.84
105.55
104.79
103.88
97.37
96.24
102.73
110.23
110.79
111.07
108.42
103.91
105.22
106.63
100.46
93.51
92.76
93.27
93.51
101.07
107.49
106.55
96.20
92.83
92.80
100.88
108.36
107.32
96.63
89.94
87.91
89.16
96.31
96.01
95.22
95.26
100.90
104.81
108.89
111.35
107.77
94.12
89.00
91.39
95.62
100.50
96.01
93.86
101.46
104.75
106.96
101.33
94.81
94.72
100.01
105.89
111.60
109.32
102.39
102.65
105.91
109.26
103.28
96.44
90.56
86.87
90.07
98.09
110.43
110.63
101.05
93.48
87.81