102.73
97.65
95.03
98.33
96.74
96.46
95.46
98.41
107.08
107.11
97.87
92.73
95.98
104.96
106.55
100.14
90.41
89.15
90.32
93.11
97.51
99.80
96.16
89.84
86.66
89.38
98.24
111.45
116.30
113.86
104.20
90.09
87.25
89.48
92.16
90.21
90.00
96.85
97.41
96.37
97.96
104.80
102.03
94.63
94.95
99.66
94.68
87.85
86.74
93.87
108.12
109.41
108.61
109.96
106.40
94.75
92.49
101.65
109.64
109.05
103.27
92.88
93.32
100.33
106.97
112.52
112.09
110.94
105.98
100.60
99.85
100.66
93.94
93.13
91.77
87.35
88.90
92.22
96.47
95.85
101.07
109.88
110.36
106.41
99.87
97.20
97.45
100.77
107.72
107.42
101.17
92.09
90.18
91.25
89.84
89.99
94.20
94.37
89.88
94.67
96.46
103.79
110.70
114.50
114.02
111.24
108.78
109.13
111.15
111.15
103.71
88.66
83.36
87.38
97.11
104.39
102.37
94.80
94.19
95.57
101.74
100.13
90.53
86.77
92.96
107.95
111.53
105.30
96.16
99.36
99.17
92.91
87.96
90.71
97.01
102.32
104.73
102.29
98.26
98.19
101.73
98.02
91.62
89.06