98.04
91.14
99.85
109.66
109.91
111.45
109.99
106.92
107.55
107.49
108.28
100.42
95.13
99.79
105.73
106.02
101.49
91.19
85.20
85.23
87.51
94.57
103.01
104.16
95.90
95.68
103.59
99.80
94.42
89.54
92.17
97.28
100.35
103.95
97.80
98.79
105.79
108.12
107.61
99.42
96.46
98.45
99.22
92.52
87.42
93.17
105.47
109.79
109.80
109.89
106.78
105.23
99.72
96.05
96.01
100.74
101.31
105.02
109.59
103.72
100.31
94.26
86.87
87.27
96.88
111.88
110.14
102.38
93.91
90.25
94.04
99.33
95.96
92.92
98.14
109.16
114.30
115.41
113.52
109.14
104.04
94.83
88.07
93.31
104.65
108.58
109.33
101.75
96.49
102.18
107.41
106.52
107.80
109.64
112.05
105.92
99.95
94.09
93.73
93.15
96.06
95.91
96.16
100.32
107.71
105.84
106.52
101.84
95.21
96.86
97.05
93.39
88.42
92.23
100.66
100.86
100.24
103.51
101.28
100.13
96.92
93.03
98.16
106.94
102.17
98.12
101.98
109.34
112.50
106.35
93.97
87.63
92.54
104.22
104.47
96.14
92.66
95.22
97.20
100.72
105.77
99.99
88.07
85.62