96.80
87.55
87.95
100.04
115.71
115.78
114.46
110.12
104.91
104.79
98.98
98.86
102.38
95.68
92.11
95.63
100.45
99.64
93.82
98.18
105.24
105.70
102.74
105.40
108.99
101.22
96.93
95.00
93.39
99.29
108.40
110.26
101.67
96.63
97.99
96.70
92.63
97.61
108.45
111.06
110.56
106.94
99.74
90.36
84.91
89.85
92.33
92.33
95.71
94.86
92.37
98.85
102.19
108.05
112.51
106.51
99.71
90.88
85.60
87.26
96.84
109.29
108.38
103.98
102.03
106.76
111.64
108.30
93.85
84.71
88.95
104.62
115.52
117.15
112.85
107.95
99.53
88.90
88.48
90.31
91.96
93.48
93.09
97.15
106.26
109.18
104.80
93.47
85.91
84.50
85.91
89.26
100.29
113.50
114.48
111.34
108.99
106.16
106.60
103.32
98.39
102.32
104.26
102.31
103.51
101.53
98.52
96.04
98.64
106.93
102.79
93.69
88.01
92.93
99.58
106.29
111.96
113.65
107.41
98.64
94.73
94.99
102.76
101.75
99.06
104.71
111.06
110.70
106.37
106.03
99.00
90.87
88.98
92.41
102.40
102.42
97.16
89.76
85.22
88.95
103.86
111.15
106.76
105.33