100.46
95.47
104.07
109.63
104.56
95.16
92.84
102.95
110.50
113.87
113.56
107.21
98.64
91.77
92.37
92.79
93.16
101.97
112.76
116.81
115.29
113.41
106.53
91.94
85.73
87.31
87.30
87.24
90.89
99.01
107.29
103.15
101.47
97.34
95.37
96.20
101.35
102.99
106.43
104.75
100.06
93.15
93.84
103.44
102.45
97.17
94.52
93.71
93.17
97.17
101.36
99.18
103.36
103.57
105.35
103.97
100.15
101.97
104.10
107.71
106.90
108.21
102.49
97.67
95.73
100.58
105.58
105.23
105.70
100.28
90.01
87.35
88.41
90.85
98.96
110.34
106.20
99.40
95.89
94.45
100.78
100.10
101.61
108.18
111.55
112.56
111.87
111.43
103.35
88.96
86.22
91.13
96.58
99.80
95.63
88.50
91.85
97.26
100.84
106.75
105.62
107.29
101.49
96.04
99.50
100.08
96.18
97.35
96.31
95.62
93.48
89.41
89.50
89.16
95.86
108.86
111.86
109.95
104.89
93.75
90.13
96.33
98.22
100.68
102.21
96.38
98.98
108.86
114.10
111.83
100.70
88.19
91.67
95.28
102.10
101.28
92.94
87.24
88.50
98.60
110.85
111.14
103.42
93.84