97.70
89.44
95.13
102.90
103.73
98.99
93.81
100.12
105.08
106.82
109.06
111.89
111.14
102.45
92.88
92.22
92.99
99.04
109.68
110.33
98.95
95.33
102.88
106.43
98.87
90.03
91.70
102.54
109.40
105.38
103.18
102.89
101.53
101.25
100.69
102.83
102.43
101.27
101.32
100.15
103.01
99.34
92.15
90.18
98.55
110.49
105.64
91.37
85.02
87.14
93.05
105.29
105.79
105.81
102.24
99.27
98.35
93.38
89.52
94.24
100.60
102.52
94.84
94.27
95.71
94.25
98.85
106.54
111.63
109.98
108.76
105.32
100.14
92.10
87.72
87.85
90.24
94.99
106.79
113.33
107.85
104.80
99.75
96.09
94.13
90.89
90.74
92.35
91.37
92.74
98.78
109.66
113.07
104.86
98.47
95.05
99.15
106.93
107.53
107.87
107.13
102.05
90.32
86.71
89.93
97.03
95.35
91.65
90.86
88.40
88.85
97.95
111.78
112.15
102.19
89.31
92.10
95.82
100.47
105.26
109.70
105.80
94.65
88.88
94.97
108.01
105.73
94.22
92.38
101.36
111.42
115.89
111.23
102.59
95.79
94.30
95.47
91.92
91.90
100.70
104.12
96.49
94.62
94.17