102.52
106.69
114.14
114.84
106.42
95.55
92.77
90.81
86.71
85.83
86.40
87.34
89.96
91.48
97.98
97.65
94.42
99.45
110.89
116.52
115.64
109.58
104.65
96.04
95.91
104.51
112.16
111.69
108.02
99.17
89.35
84.84
89.33
94.31
97.45
103.62
107.70
109.39
109.06
110.39
112.12
112.75
109.23
98.53
85.97
84.44
90.07
104.16
107.75
108.74
106.70
99.85
90.02
86.39
85.76
90.37
93.39
97.30
94.59
92.39
100.52
108.68
105.52
104.94
103.14
103.82
100.86
102.11
106.25
111.17
111.10
107.69
103.70
102.94
102.64
105.98
104.73
94.25
91.31
100.45
110.84
113.18
104.38
98.73
93.27
88.93
88.26
93.30
98.23
97.34
98.40
100.54
102.00
104.80
109.33
112.58
108.25
104.74
100.43
99.21
101.94
97.62
94.09
94.96
96.20
95.65
100.26
98.79
90.48
89.27
89.96
88.21
86.12
87.49
95.53
112.97
116.36
114.94
113.00
106.12
95.23
91.94
90.34
96.83
103.50
106.22
97.99
91.36
96.62
107.18
110.82
104.09
95.70
97.34
105.02
102.15
93.52
86.20
84.99
86.02
86.98
87.85
90.81
91.45