96.78
91.37
103.88
113.03
105.91
93.42
87.53
93.74
107.56
106.96
104.43
102.59
97.82
91.61
86.32
85.36
85.44
85.56
86.39
92.31
99.59
109.16
107.04
97.62
97.38
100.33
106.82
110.70
104.19
90.01
90.74
104.13
106.15
107.73
104.70
94.89
86.37
89.50
93.41
100.46
110.23
113.98
109.13
101.63
96.00
94.66
98.90
98.69
95.45
95.60
94.57
98.90
101.63
95.01
93.77
93.76
100.10
110.43
109.59
104.51
105.76
107.38
105.05
101.27
95.37
91.58
97.64
97.95
96.59
93.19
93.89
102.78
100.68
100.97
98.54
95.08
94.88
100.15
105.59
107.35
106.67
104.02
97.81
97.55
100.99
102.16
102.58
103.80
97.33
90.24
87.79
90.74
97.43
96.04
90.91
89.29
92.58
92.03
98.51
105.74
107.65
109.39
109.44
109.03
105.51
100.22
96.70
100.03
98.27
91.90
87.97
90.36
89.83
88.33
95.34
96.69
94.68
92.56
100.60
110.49
113.71
111.29
98.85
91.23
88.64
88.29
89.99
89.89
89.88
98.34
100.85
92.86
94.32
99.59
101.35
95.94
90.72
94.29
97.22
92.50
88.30
91.19
90.92
88.97