98.40
92.75
98.35
98.83
91.12
88.60
96.26
98.31
91.36
87.69
86.53
88.98
92.67
96.74
97.69
98.37
100.13
95.64
93.15
91.19
93.09
100.03
102.18
97.26
100.74
102.57
100.30
98.50
94.24
89.51
91.95
100.34
101.88
94.95
87.46
91.50
104.28
112.65
112.28
107.67
102.27
102.38
103.22
105.53
104.54
104.81
101.15
93.56
93.57
100.52
108.26
106.13
101.72
102.30
102.55
104.42
97.99
91.50
94.27
95.73
100.26
108.24
113.11
112.97
111.80
108.35
98.55
89.56
89.57
96.51
95.03
92.21
94.20
101.23
108.06
108.14
98.07
95.61
102.94
106.06
99.61
96.14
103.74
110.37
106.57
96.85
88.83
91.79
99.97
97.28
97.53
105.89
113.43
113.98
107.88
104.06
97.48
94.15
98.54
100.01
94.17
97.06
97.80
93.14
93.20
100.27
106.93
107.94
108.79
111.67
107.60
98.04
90.28
89.00
96.26
104.89
111.69
113.59
106.41
101.90
106.67
103.35
93.50
95.66
107.24
114.38
116.28
114.26
103.57
89.49
87.63
97.56
110.34
114.38
112.55
109.04
98.85
94.93
91.50
90.86
92.29
99.78
98.18
93.39