102.28
101.31
99.22
101.35
102.68
95.71
97.97
103.04
100.58
103.09
103.40
103.26
102.09
97.96
92.29
95.84
100.50
100.33
105.40
108.15
110.03
112.51
108.45
104.33
105.59
101.41
97.61
97.55
101.66
109.02
113.29
114.51
112.25
106.67
104.95
104.91
107.45
108.21
102.50
97.79
94.28
93.38
98.61
96.72
97.45
97.24
95.11
97.09
98.09
94.32
94.16
96.01
104.04
100.34
99.02
106.94
105.79
97.56
95.83
94.24
88.22
85.47
89.15
96.91
101.65
106.63
110.19
102.51
100.07
101.09
102.85
103.01
97.95
92.80
87.50
86.17
92.93
105.05
103.83
96.48
93.71
97.15
106.32
102.21
98.56
103.20
104.34
96.54
87.16
90.15
104.59
108.98
108.68
102.22
92.83
94.85
102.74
103.96
96.14
86.81
85.96
88.86
89.30
91.32
92.71
96.26
93.70
92.14
98.91
98.75
97.70
97.59
98.06
92.62
88.26
86.90
88.09
95.99
107.01
114.66
114.55
112.03
111.80
113.46
112.17
106.71
104.63
103.39
96.16
91.36
99.14
100.49
104.38
109.79
103.93
91.01
90.21
95.45
102.46
100.60
95.40
91.23
90.79
88.88