103.11
104.23
107.07
110.28
107.34
95.18
91.92
96.05
101.91
103.86
106.89
109.43
112.03
113.06
111.97
108.50
108.32
106.04
103.48
106.62
109.93
102.52
95.64
96.20
96.99
93.94
88.51
85.66
85.20
89.59
102.65
116.20
114.66
107.35
103.55
107.69
109.50
109.56
101.81
87.71
83.63
89.75
107.82
112.22
104.91
90.92
89.33
96.55
103.57
110.65
112.37
113.10
114.18
113.86
106.42
97.33
94.66
93.11
96.78
104.49
110.09
103.57
96.67
91.95
93.60
95.84
96.14
93.99
100.08
107.21
111.07
107.78
106.41
108.44
109.34
110.58
103.87
93.81
93.39
95.93
94.82
90.41
87.43
90.69
100.82
107.60
109.75
107.72
103.49
94.42
94.07
95.68
90.97
92.93
100.89
102.77
103.01
107.24
107.11
99.78
95.16
100.38
97.95
93.35
99.56
110.74
110.44
98.33
93.11
99.70
101.51
93.51
91.95
92.75
98.79
106.04
107.89
110.24
112.62
111.93
107.22
106.05
108.08
103.07
92.24
91.65
92.17
93.17
96.49
101.88
105.37
106.70
105.70
99.42
101.08
103.02
102.09
102.84
99.66
97.10
98.85
101.17
103.59
106.59