97.73
90.07
88.97
94.67
106.55
113.05
108.30
105.97
104.39
107.27
106.58
96.80
96.10
97.03
98.90
101.52
106.93
111.20
103.96
89.90
88.14
94.97
104.00
100.60
101.08
103.11
107.68
104.22
100.90
100.23
99.66
98.15
90.98
85.63
90.15
104.09
111.87
114.70
108.62
102.73
96.61
88.81
91.59
91.95
95.77
100.42
101.57
106.72
107.23
102.85
97.17
93.36
89.03
91.54
101.74
105.94
103.29
98.80
102.15
108.19
111.38
104.35
91.21
85.71
92.64
96.00
96.86
93.46
87.90
88.90
100.11
111.71
113.46
109.54
105.24
95.40
86.91
91.25
104.69
107.08
97.00
86.67
87.26
88.06
92.35
101.35
101.95
101.94
96.28
90.45
93.01
102.90
104.60
104.51
108.23
107.14
97.28
88.75
86.93
90.38
91.10
92.36
101.46
112.68
109.54
103.90
102.68
97.92
93.13
89.26
88.60
87.84
87.66
95.07
102.57
99.72
95.87
92.80
94.51
100.98
109.64
106.67
94.41
89.48
98.66
111.06
107.45
100.79
91.90
86.63
86.99
93.54
96.19
102.38
109.19
110.82
108.34
108.98
105.98
94.93
86.55
89.90
104.83
106.47