101.09
101.74
99.81
103.91
111.68
113.55
113.35
107.47
96.41
94.06
103.50
104.65
103.58
105.33
102.00
97.22
91.83
95.64
94.70
94.55
101.36
101.64
96.65
95.92
101.61
99.85
99.83
101.16
104.11
97.84
88.64
88.37
95.75
101.33
104.78
97.41
97.35
95.12
93.04
100.38
98.85
91.04
93.43
95.18
92.28
91.10
99.86
101.57
97.12
96.66
97.77
97.34
101.44
105.64
99.61
99.03
96.07
93.24
91.52
96.86
100.09
100.54
99.26
100.70
102.14
101.61
98.95
92.04
87.54
92.82
101.11
96.77
97.33
94.13
95.05
99.79
98.07
101.64
105.86
105.87
99.98
95.74
99.84
108.85
109.71
101.14
98.63
103.90
110.45
113.80
111.71
108.40
102.49
101.64
100.26
102.82
102.37
99.12
96.70
96.22
93.52
97.60
96.37
100.85
110.40
114.82
110.13
101.24
97.55
99.40
95.14
88.91
86.52
92.25
105.73
109.11
99.55
87.06
87.01
94.62
104.24
100.35
90.31
89.61
100.12
102.84
96.82
94.61
94.27
97.35
95.37
99.61
107.66
112.87
111.00
100.23
86.93
87.15
93.82
99.23
98.29
100.78
96.18
92.17