97.84
93.62
103.65
107.26
107.59
101.56
89.68
87.67
97.06
100.74
105.56
110.79
104.04
90.83
84.22
85.22
90.20
98.80
105.89
100.83
102.35
102.18
100.45
100.24
93.83
92.66
99.36
107.35
106.29
94.55
85.60
85.43
89.40
95.73
108.69
105.81
97.35
94.13
90.08
93.43
92.62
98.45
105.47
100.87
100.94
100.71
95.21
96.13
97.32
99.61
97.17
90.54
94.87
98.29
94.04
90.23
90.56
91.89
99.59
108.15
102.45
93.35
95.48
107.37
111.42
109.60
102.54
96.19
92.81
99.35
109.24
108.30
100.72
98.18
100.72
106.92
111.02
111.22
110.69
109.50
103.52
92.75
85.87
85.43
91.77
99.53
105.74
112.08
111.78
100.45
86.64
83.60
88.40
102.14
116.30
116.36
109.70
102.93
96.36
99.90
106.82
109.59
109.75
106.36
104.51
104.11
107.64
105.62
104.09
102.49
104.35
108.84
112.72
112.32
110.89
110.81
104.00
93.66
93.84
104.26
109.55
102.04
98.39
103.19
103.58
101.12
105.35
107.90
100.01
93.80
95.07
105.02
112.74
109.29
100.41
101.02
101.64
102.35
104.67
108.46
105.76
104.86
108.09
109.02