98.80
89.95
91.03
100.97
107.23
100.63
89.25
91.62
106.52
111.25
109.30
102.25
99.66
93.87
89.86
89.07
93.27
101.34
107.19
102.52
95.33
94.71
94.10
97.09
100.40
100.80
102.07
106.83
107.92
103.24
101.04
104.49
104.69
103.87
99.19
101.42
104.43
105.40
97.61
92.87
100.62
110.03
111.08
100.48
86.36
84.66
86.41
91.46
105.28
112.47
111.00
107.56
99.34
92.82
90.05
95.99
97.38
92.30
87.68
86.02
88.35
91.75
94.21
94.76
92.66
91.34
94.07
93.33
99.51
98.59
97.88
103.03
102.55
105.73
111.44
113.59
107.75
92.20
88.04
97.28
105.27
110.09
110.61
100.58
92.11
94.63
98.79
95.29
89.57
95.36
110.12
107.48
97.21
96.93
94.97
97.23
103.79
107.54
101.92
90.29
90.79
93.59
98.07
95.30
98.14
106.29
104.24
94.63
92.42
94.68
101.47
107.64
104.98
93.56
88.61
87.94
86.45
87.13
87.88
91.17
103.68
115.04
114.92
114.12
114.59
107.61
97.28
94.60
91.01
95.34
98.53
98.99
103.00
101.35
101.75
105.09
108.01
107.76
99.04
89.13
92.98
99.25
101.27
99.43