96.82
92.47
97.58
96.69
93.06
97.66
98.37
103.99
100.24
100.95
103.24
95.61
90.72
91.34
94.91
98.19
93.54
91.24
96.95
108.61
106.33
97.36
96.64
97.30
99.86
101.64
100.62
102.25
101.12
91.86
87.48
88.94
91.80
94.85
95.20
96.05
93.45
97.91
103.32
105.59
105.16
103.19
101.84
99.79
103.67
104.80
96.13
87.75
84.96
87.26
91.67
91.84
96.09
101.59
99.45
93.04
93.86
94.80
90.23
86.91
88.29
96.83
100.36
103.54
109.56
113.47
108.17
102.18
103.97
100.41
93.24
91.28
97.73
102.37
97.18
98.66
102.96
106.58
101.51
101.81
100.46
91.09
90.20
97.04
104.39
107.92
103.70
91.49
87.33
95.35
107.00
107.14
100.12
98.09
97.76
103.42
106.98
100.42
87.95
86.97
88.19
86.84
91.62
104.73
111.58
113.73
114.66
109.33
93.07
85.81
91.45
93.43
96.84
99.14
98.95
97.57
99.61
107.36
108.42
101.73
99.73
95.30
96.96
95.52
92.61
92.05
89.27
90.93
98.56
96.70
97.44
97.46
97.09
91.59
90.36
96.37
95.94
100.14
107.96
105.70
103.81
103.88
105.23
99.32