101.54
103.58
110.58
114.45
111.36
108.01
102.97
95.09
90.51
91.70
92.92
93.21
100.97
111.13
110.12
99.83
90.50
89.66
98.03
103.54
105.63
103.45
98.15
94.22
90.50
94.59
94.95
90.56
89.35
96.25
107.95
109.34
105.03
100.33
102.13
105.26
99.17
98.63
99.76
99.24
100.08
101.16
94.75
89.22
95.73
103.63
107.88
102.82
91.31
92.47
93.18
95.95
106.56
110.18
101.59
89.52
91.70
97.17
93.06
97.16
100.78
103.66
107.65
104.59
104.29
105.24
103.62
96.06
90.52
96.82
108.64
112.58
111.66
104.92
96.45
96.16
93.04
87.69
85.41
85.73
86.33
88.96
99.31
112.45
116.55
113.34
100.80
92.34
99.65
110.57
105.67
93.20
92.48
94.24
97.16
97.52
91.01
89.63
95.23
94.18
92.11
91.77
98.76
102.11
103.42
106.03
104.76
107.02
110.35
106.96
101.06
97.93
92.57
91.44
91.96
91.17
92.91
96.11
102.02
99.95
101.60
96.92
92.55
90.95
90.24
92.12
95.22
97.69
97.85
92.22
88.11
88.96
95.55
98.85
99.64
96.22
94.02
92.93
93.80
99.56
109.79
105.20
100.86
93.64