98.15
93.65
98.85
109.61
105.00
93.94
90.35
90.70
89.98
90.68
89.02
91.84
94.37
100.86
98.44
91.11
89.28
91.67
97.64
98.23
102.05
104.57
102.09
98.79
96.30
91.05
87.11
85.62
88.02
89.10
92.77
92.66
99.34
98.26
103.10
104.40
101.89
96.33
94.20
100.74
100.46
98.55
97.80
100.42
105.50
101.44
90.38
88.70
100.26
111.72
115.22
110.32
94.71
88.45
87.44
94.24
95.78
95.08
92.67
95.77
96.11
99.87
103.82
105.79
100.99
90.85
93.18
97.75
93.21
89.91
96.80
100.14
99.57
101.94
103.31
100.06
92.27
89.08
87.18
92.70
95.84
92.67
92.43
96.10
103.86
102.76
97.98
92.09
88.85
90.32
91.13
93.45
93.42
91.30
95.75
108.76
115.66
111.67
108.09
104.60
100.25
98.70
102.09
100.94
94.51
93.60
101.84
104.80
108.59
111.83
109.51
106.16
104.21
100.62
102.08
105.82
107.00
107.64
102.47
91.27
89.41
95.77
94.60
97.63
101.46
104.48
98.32
91.82
87.16
85.21
86.03
86.49
90.89
101.34
103.86
103.31
101.71
104.29
101.00
103.17
107.18
101.09
92.91
88.19