98.09
96.18
109.68
116.29
116.19
114.47
112.06
102.17
95.62
91.02
94.45
98.50
106.58
110.50
111.66
103.78
93.62
93.55
97.09
105.41
109.66
108.46
105.84
107.42
111.20
110.95
110.46
107.48
105.99
100.32
98.67
97.15
91.07
92.31
92.47
93.40
98.74
103.66
108.87
110.45
104.90
93.83
88.86
90.12
90.80
96.18
100.35
106.90
105.70
105.18
105.43
98.54
87.98
89.21
91.45
96.41
106.76
111.58
111.35
108.83
107.35
102.18
101.31
101.52
106.01
110.38
111.88
111.73
108.09
106.59
102.90
95.36
92.72
96.63
101.89
108.68
106.31
105.57
107.64
108.04
98.41
94.24
91.69
96.61
94.80
96.07
106.45
107.33
100.05
92.79
89.02
91.55
96.31
99.41
106.02
102.59
98.64
103.67
109.06
102.57
88.99
86.47
94.22
105.08
102.22
95.94
92.69
99.23
108.27
104.67
93.03
84.97
84.71
86.79
88.67
96.90
107.00
110.03
111.00
113.07
109.55
103.71
100.91
103.68
99.37
98.75
98.88
95.43
95.97
97.00
95.31
98.32
107.19
112.87
115.30
115.96
109.67
100.78
98.31
101.42
105.76
102.87
92.85
92.80