96.59
87.31
85.68
88.44
90.29
97.30
104.92
103.96
106.49
111.80
114.05
111.79
109.03
109.22
104.32
93.96
87.39
89.83
102.91
112.92
113.46
104.60
95.52
88.71
86.19
85.55
89.63
102.74
114.94
109.68
102.08
99.10
102.75
104.79
104.43
101.18
96.86
99.42
99.92
93.09
88.89
96.57
102.41
106.90
108.82
105.57
96.17
94.32
102.16
107.88
109.81
102.60
88.38
88.23
90.52
97.79
99.53
92.93
87.75
87.74
95.67
111.02
115.72
114.86
106.85
102.54
101.10
104.04
100.94
91.50
87.49
95.08
109.74
108.21
104.68
98.22
88.26
88.93
101.88
108.24
102.80
98.84
102.94
99.98
97.29
102.74
99.66
98.60
93.33
86.89
87.17
90.93
101.33
108.60
106.35
98.73
90.64
90.96
91.89
94.61
101.74
108.53
110.47
105.08
97.63
92.46
88.42
93.42
95.20
99.70
103.08
101.22
101.17
106.53
109.05
100.78
91.70
89.23
89.39
92.68
97.70
94.56
97.81
99.92
96.27
98.32
98.64
96.89
100.38
102.39
96.06
90.69
91.39
99.42
109.09
110.52
105.04
104.66
108.29
110.50
110.43
110.57
111.48
112.31