97.51
93.79
107.12
116.37
113.75
106.14
101.49
104.25
106.29
109.51
107.61
103.11
95.35
90.30
95.03
102.48
108.97
110.54
105.66
96.00
87.95
91.33
94.38
101.59
106.73
104.25
98.02
88.83
88.03
91.50
94.58
92.07
90.97
96.86
105.59
111.63
112.23
102.25
96.90
91.97
89.16
95.86
99.05
103.05
110.05
112.10
106.86
93.50
84.14
84.30
90.18
98.46
103.33
98.74
98.94
95.18
90.35
90.50
89.74
89.77
88.67
87.23
89.17
94.22
102.79
102.29
96.71
95.30
96.87
92.08
93.91
104.31
110.88
110.14
110.04
110.05
102.73
99.95
98.53
97.29
93.96
87.69
85.42
88.46
92.33
97.75
95.60
94.59
90.61
86.42
87.81
96.14
108.21
111.17
112.33
112.61
111.43
111.27
103.67
90.52
85.46
92.07
99.24
103.97
107.18
106.96
100.75
98.00
92.64
96.56
105.09
108.84
110.58
111.37
105.86
99.17
91.28
88.44
94.19
95.60
99.90
104.23
102.09
91.86
85.52
86.55
88.24
91.90
91.36
88.69
87.27
90.08
93.74
93.44
89.59
88.21
90.30
93.87
105.57
110.57
107.48
98.65
91.03
86.54