99.81
97.28
104.19
111.26
112.29
108.69
101.16
100.32
104.55
110.34
114.17
112.65
102.43
96.34
92.66
94.61
98.33
104.42
110.76
109.80
97.43
88.66
88.33
89.85
89.96
88.26
91.09
99.59
102.26
104.87
98.52
89.70
87.60
92.99
101.41
101.39
96.49
90.55
86.81
86.87
92.63
100.53
99.72
96.23
93.69
99.65
100.46
97.82
90.59
89.08
89.64
94.09
95.83
95.92
99.28
95.99
92.17
91.38
96.12
98.61
103.12
97.96
94.52
96.35
102.00
109.62
111.72
112.65
113.77
114.10
108.05
99.52
89.82
85.05
87.12
94.78
99.76
95.10
92.72
96.61
96.48
101.30
105.02
104.23
105.64
110.26
106.60
98.84
88.90
88.22
99.84
100.17
90.83
88.48
93.39
106.56
105.71
98.38
93.10
95.76
105.36
109.78
104.15
100.55
98.96
100.66
102.77
106.76
110.83
106.74
99.68
99.67
100.97
103.88
107.81
109.95
108.41
103.03
102.72
108.22
108.77
108.65
104.81
101.15
99.93
98.18
101.11
108.46
111.04
112.34
104.64
92.40
90.78
94.47
92.80
98.68
107.96
109.17
108.25
101.29
88.63
85.44
89.31
102.36