99.20
93.21
98.90
99.76
94.35
99.16
100.13
92.36
89.24
87.64
86.89
89.60
93.85
103.41
113.12
112.23
110.76
112.25
107.13
103.82
97.40
89.62
91.62
101.09
108.87
111.99
108.21
99.45
90.52
94.24
103.52
101.89
101.43
100.56
97.07
95.29
100.63
97.18
98.78
100.29
94.13
89.01
89.19
95.31
106.44
111.78
105.79
94.66
91.14
94.97
97.78
91.93
88.50
87.27
89.47
94.36
94.43
89.90
92.51
96.65
100.77
104.98
99.88
95.17
95.60
93.34
94.82
100.23
99.81
101.49
105.02
98.18
87.15
85.84
93.85
106.75
105.56
103.35
103.75
103.21
97.41
88.87
89.33
89.52
94.34
101.87
108.83
109.22
107.75
105.32
100.72
100.53
99.52
94.52
87.89
86.71
95.14
97.48
90.69
85.91
85.85
88.03
96.69
109.69
115.00
106.64
98.22
96.33
91.84
92.81
102.39
101.73
91.53
85.67
86.67
91.18
101.54
103.79
105.55
105.89
105.97
99.93
88.53
88.52
95.62
104.54
102.11
93.68
92.47
100.82
110.18
114.83
111.61
102.53
90.54
90.52
96.06
99.17
104.32
106.13
99.67
95.64
90.65
88.83