99.64
94.54
94.29
97.81
94.16
88.03
86.51
92.63
104.59
111.35
111.29
111.12
112.15
110.83
107.38
105.43
103.21
103.63
108.01
110.81
106.32
103.25
96.61
92.18
95.61
100.49
103.89
109.04
112.27
109.23
107.15
110.12
104.25
95.43
98.74
98.80
100.33
95.29
88.23
93.00
99.26
105.14
110.98
105.09
95.45
95.45
100.38
95.45
92.34
89.78
88.04
94.56
102.40
101.12
104.05
100.74
100.16
100.81
102.49
103.73
103.47
106.49
100.82
100.18
99.31
98.07
97.49
93.10
92.66
90.97
89.18
91.12
96.85
105.87
102.47
102.36
96.29
89.18
93.42
102.44
98.44
100.11
101.45
95.77
94.05
93.43
92.05
90.62
93.87
97.97
107.36
104.04
97.24
96.11
91.95
95.91
106.09
105.33
105.49
104.75
106.00
103.61
102.67
105.32
108.98
108.18
102.92
102.82
105.56
98.11
94.90
93.70
95.90
105.81
106.49
99.54
94.09
99.81
108.40
102.88
97.44
95.03
101.62
107.46
106.99
103.94
105.37
101.69
90.00
91.00
97.94
98.72
93.42
89.40
96.06
107.09
113.49
109.71
102.76
94.01
89.78
89.25
96.41
104.01