98.30
92.49
93.55
91.65
92.05
100.98
106.32
110.99
109.10
99.38
88.33
89.29
95.45
100.97
104.26
101.14
94.44
95.62
101.71
108.18
113.02
108.43
105.22
104.60
98.88
95.91
97.31
99.69
104.28
109.63
111.18
112.03
107.03
100.62
101.93
105.22
105.50
106.99
110.73
105.64
98.19
98.63
106.87
108.11
100.05
94.12
97.38
103.35
98.56
88.60
88.28
89.91
88.26
90.65
95.98
105.24
101.56
99.61
97.78
92.26
89.21
92.95
95.26
90.77
94.17
102.03
103.93
108.30
110.82
111.87
105.27
102.45
99.71
99.61
99.25
95.96
90.42
93.82
97.63
94.35
88.56
92.17
101.36
103.80
104.10
103.05
99.15
93.50
96.99
101.87
107.48
110.44
112.06
111.17
104.05
91.95
84.48
83.87
85.95
88.25
96.97
106.80
108.29
108.60
110.60
109.57
104.17
96.06
90.50
86.93
86.52
87.32
88.00
88.02
93.12
97.09
94.40
91.07
94.52
96.31
104.47
102.54
104.35
105.21
107.99
111.69
111.00
105.04
98.39
92.31
97.37
109.76
113.02
113.25
105.77
94.14
87.65
86.58
91.71
96.00
100.02
101.66
105.01
111.07