98.04
93.61
96.69
96.08
98.86
95.45
99.20
101.68
107.54
103.50
99.06
95.14
89.86
91.18
94.59
101.40
109.43
112.13
104.85
91.36
87.25
95.83
99.77
99.26
97.72
93.05
87.19
91.14
95.31
101.93
101.17
97.90
91.44
87.81
88.90
94.41
94.67
89.22
92.62
105.91
105.37
94.94
93.71
93.40
90.76
92.88
96.88
104.06
103.75
97.13
90.46
86.33
90.48
92.84
95.68
93.21
89.29
89.72
95.93
106.95
113.59
113.57
108.42
100.53
90.40
88.66
92.48
99.36
103.98
97.34
87.81
86.82
94.02
102.58
107.90
107.90
98.00
95.33
97.09
97.85
103.40
105.47
96.24
91.78
92.63
98.70
107.20
103.48
98.19
93.86
91.17
97.93
103.60
103.01
101.85
98.25
97.65
98.33
101.97
104.40
101.00
97.47
90.66
87.78
95.60
103.14
110.09
107.52
100.70
100.27
101.39
96.64
89.37
86.40
86.61
87.45
94.53
106.15
113.88
107.01
102.29
94.51
87.96
90.15
91.00
90.83
91.16
89.68
89.75
97.99
111.96
113.90
107.64
99.04
97.92
103.24
108.73
111.52
112.17
110.06
108.62
107.31
98.04
87.77