100.33
99.14
105.47
113.10
116.12
108.41
91.26
87.52
99.06
110.70
110.35
100.85
95.74
100.51
98.73
89.26
85.15
88.50
92.12
96.47
99.87
100.08
99.19
96.14
97.15
105.25
104.12
93.82
92.57
99.02
98.58
102.00
105.77
102.99
98.03
102.64
108.69
112.79
106.45
101.53
103.63
104.39
98.34
90.18
89.50
89.99
95.86
106.03
112.87
109.94
98.72
89.09
87.37
94.22
99.17
105.92
110.28
102.68
99.78
105.79
109.00
103.12
93.26
93.71
104.29
109.11
102.73
101.37
100.67
98.25
100.53
107.64
104.89
92.20
84.39
84.27
88.70
93.83
96.40
99.16
95.42
93.33
97.17
104.47
100.62
96.71
95.84
94.32
93.80
97.18
96.19
98.88
105.46
101.74
98.72
103.53
99.87
93.63
91.10
91.04
90.01
97.59
104.94
98.73
93.94
93.17
90.96
93.61
102.59
99.80
89.69
86.02
87.36
87.43
87.01
92.93
98.98
106.88
105.51
97.49
91.19
96.53
102.18
96.97
87.77
87.67
88.05
87.73
88.03
93.78
108.45
117.25
113.56
104.07
98.49
103.98
102.62
94.78
93.07
94.60
94.66
97.26
97.05
98.95