102.34
101.52
105.11
110.67
104.42
89.94
87.98
92.21
98.74
95.44
94.73
92.66
93.41
93.56
101.13
102.28
94.46
91.11
91.88
99.03
99.71
97.16
100.50
107.50
105.83
101.27
93.66
92.91
98.55
100.73
98.22
100.31
99.47
94.23
88.96
86.45
89.34
98.94
111.97
116.25
113.66
105.33
90.66
89.63
98.25
107.21
104.26
104.93
110.91
110.71
108.86
99.36
88.30
90.75
104.35
110.55
109.22
98.84
86.80
89.24
92.81
92.02
88.15
87.09
88.65
93.68
101.70
101.84
106.47
104.82
106.46
107.22
103.19
94.85
88.17
87.24
89.44
88.81
92.40
96.91
98.63
105.79
112.23
111.35
106.79
103.74
105.99
106.16
95.71
85.63
85.17
86.40
89.99
97.43
102.54
102.28
98.55
98.67
101.44
101.37
98.81
92.78
88.12
92.03
93.60
97.73
96.50
94.03
93.04
93.05
93.38
101.15
99.28
99.82
102.64
100.57
91.41
90.08
98.91
104.63
99.99
92.75
95.06
93.85
94.20
103.99
105.77
105.67
97.45
89.58
88.44
88.13
87.25
89.28
89.63
88.99
89.72
95.08
96.97
95.69
99.02
101.59
102.55
96.44