96.94
88.17
92.46
112.72
116.33
112.79
107.18
99.97
89.86
88.88
91.32
91.95
89.88
95.87
99.75
98.04
102.71
110.06
112.60
113.29
110.75
97.97
88.55
93.69
107.31
106.85
95.93
86.35
84.41
85.90
88.00
92.55
95.48
102.88
102.14
92.71
90.58
96.85
99.92
97.16
102.39
106.45
105.86
102.90
99.45
97.25
97.97
97.16
95.38
97.22
99.86
100.17
101.38
95.54
96.00
106.48
103.58
93.82
87.85
87.84
92.85
95.27
97.22
104.32
106.85
107.85
109.90
105.38
103.86
99.87
101.90
99.56
98.91
104.18
107.89
105.69
105.22
107.39
103.74
102.30
99.62
93.84
95.16
104.26
109.54
106.41
93.47
84.73
86.40
88.80
89.57
97.58
109.79
111.29
104.24
99.45
94.68
99.26
100.33
92.64
95.34
100.80
103.04
96.88
90.38
88.03
88.97
97.75
108.71
110.67
108.91
100.20
94.74
92.32
91.80
90.94
97.06
108.37
112.53
111.48
109.03
101.25
97.13
98.25
93.84
97.39
95.76
96.39
94.69
93.36
93.96
101.17
99.52
100.70
96.55
95.47
93.95
96.78
103.33
109.40
113.63
114.70
107.43
98.43