100.69
94.82
93.29
97.98
103.07
110.27
111.39
108.86
101.34
90.22
88.56
94.19
104.56
105.51
103.35
97.18
97.98
95.13
97.76
108.21
114.80
116.02
113.57
109.20
99.74
89.72
90.99
103.36
110.74
109.48
101.16
96.46
95.90
97.08
101.23
103.70
108.16
110.66
111.79
105.90
99.87
103.02
102.76
99.50
97.20
98.75
98.51
103.07
107.51
102.57
96.50
100.02
96.94
91.52
90.20
89.33
88.08
92.14
105.45
111.10
112.23
107.26
93.56
85.27
86.17
88.05
89.23
92.16
93.76
93.99
100.73
98.48
97.52
104.11
111.54
114.94
114.98
106.16
93.68
95.88
96.08
89.72
86.12
85.44
90.68
98.53
98.83
99.07
94.04
91.66
93.07
95.08
96.32
98.12
97.41
95.52
91.95
96.08
105.89
112.40
115.42
114.71
106.91
101.74
98.90
100.06
105.25
109.71
109.46
102.66
96.71
102.12
107.67
102.49
97.39
101.95
110.55
107.33
104.77
100.24
94.71
92.06
91.32
88.41
86.52
87.85
91.70
93.40
100.77
98.11
100.39
105.52
105.49
105.21
108.37
105.95
96.52
91.23
99.58
108.24
103.95
92.55
85.96
90.87