98.64
95.88
101.24
98.66
93.27
90.29
87.31
88.56
91.97
99.90
105.16
109.81
104.66
98.65
91.41
90.77
97.82
100.63
93.37
89.16
93.51
106.60
107.71
103.47
102.05
101.46
98.11
97.79
95.24
98.17
100.34
103.93
100.69
91.56
87.94
87.16
86.34
87.48
96.51
106.35
113.45
108.90
94.05
84.38
87.59
92.85
98.60
103.28
100.26
94.70
89.44
86.31
88.53
90.46
97.91
106.54
106.86
102.94
92.87
85.12
84.27
87.67
96.48
102.80
101.11
96.15
90.31
91.69
99.71
108.33
107.36
97.73
87.43
90.58
103.29
112.84
115.94
113.83
111.65
109.08
101.92
100.83
100.60
95.65
93.05
96.92
100.13
102.81
104.61
106.01
107.94
102.52
94.42
94.79
93.80
88.54
87.10
87.64
87.96
93.38
108.14
115.14
107.97
91.51
86.65
88.78
97.53
107.31
110.76
103.66
94.10
86.99
86.25
87.28
90.06
95.99
96.53
103.60
101.97
92.45
87.37
85.77
87.39
87.56
91.71
104.45
106.03
103.57
103.73
107.43
108.88
109.17
100.25
90.02
85.85
85.19
87.43
89.87
93.55
102.04
112.82
114.64
111.43
101.73