99.11
95.85
103.81
101.44
90.66
86.84
92.67
99.24
96.37
90.69
91.19
101.73
113.91
110.78
99.82
97.27
94.25
95.20
95.15
91.97
87.23
87.82
95.05
103.48
104.46
100.30
103.40
110.79
109.02
101.81
101.13
101.55
104.95
103.51
97.03
90.78
88.59
92.29
103.15
110.33
107.30
102.37
95.76
92.30
99.40
98.08
95.49
101.89
108.96
108.45
108.52
110.06
108.52
105.35
103.43
102.87
102.66
94.69
94.40
104.95
113.05
113.48
110.42
106.53
105.00
101.13
98.88
92.47
87.54
88.18
93.46
95.08
102.04
102.14
95.23
91.84
92.84
101.27
105.00
106.21
104.02
102.52
95.80
94.58
102.75
102.50
103.97
107.02
103.08
95.21
94.11
102.49
101.75
92.83
90.86
98.84
104.42
107.29
111.53
105.07
93.86
86.17
85.61
86.37
87.99
93.14
105.60
115.66
116.72
112.27
103.56
95.50
90.58
89.83
87.77
87.76
90.22
93.83
102.01
99.36
91.05
88.56
93.49
95.15
95.41
93.76
99.49
110.75
116.13
116.69
115.96
114.86
110.89
102.70
90.18
87.86
90.16
95.87
102.70
109.12
106.35
106.30
105.76
100.63