98.48
92.96
101.40
109.55
104.77
102.92
100.85
103.49
99.69
95.17
93.66
92.99
88.65
89.60
94.28
102.69
109.52
104.56
93.42
91.50
100.44
106.23
108.32
108.14
106.57
106.13
107.64
105.98
99.16
90.37
86.93
88.65
89.99
92.27
91.33
94.11
93.08
92.45
89.97
86.93
86.16
87.09
93.83
99.45
105.77
111.44
110.75
110.01
102.32
98.04
95.73
89.04
85.89
88.20
92.82
92.80
90.84
92.45
91.40
87.82
89.12
92.73
98.08
103.03
106.07
108.50
104.97
96.46
87.69
90.54
100.41
105.32
107.60
109.13
104.73
93.43
85.31
83.96
84.73
85.12
86.60
91.80
97.93
97.31
99.66
107.38
112.64
105.07
95.20
90.48
90.10
88.26
94.57
109.25
113.83
106.23
93.41
85.19
85.42
90.30
96.54
103.55
99.35
93.12
91.76
99.32
109.19
105.87
94.56
93.08
91.78
92.33
93.49
92.63
98.15
99.63
102.01
95.99
91.60
92.42
97.09
96.43
101.45
106.40
99.47
88.47
87.98
92.86
100.71
101.03
95.20
96.45
106.52
109.04
105.28
102.86
100.68
94.42
90.29
92.85
101.15
99.47
95.62
93.09