102.68
97.49
92.41
98.42
105.41
111.39
107.41
93.05
90.69
101.74
107.90
111.69
108.70
106.50
103.33
96.76
97.05
100.83
104.13
107.16
105.92
101.29
102.31
103.51
94.95
86.61
91.51
98.98
101.49
97.30
94.89
93.66
96.16
100.87
99.12
100.29
98.86
94.60
99.92
106.53
99.97
90.99
86.04
89.51
102.29
108.01
99.28
95.46
94.21
91.85
91.62
94.48
94.20
97.74
104.48
99.18
97.36
95.30
92.14
94.09
101.41
101.90
98.81
101.50
103.66
96.90
92.28
90.72
91.47
91.19
95.67
93.78
96.17
97.91
98.48
99.78
106.11
105.70
96.83
91.57
99.05
103.33
97.85
94.61
93.53
97.71
95.55
95.04
101.58
98.66
94.22
91.76
95.04
102.31
106.67
109.29
106.10
104.89
97.69
87.51
85.23
86.68
93.72
110.07
108.40
104.26
104.51
104.78
102.22
98.22
101.71
106.37
107.51
101.49
90.24
91.25
93.97
102.40
105.33
104.36
99.42
91.38
85.67
88.68
91.37
89.21
86.79
91.67
102.79
113.96
113.24
109.54
100.92
90.10
85.22
84.87
86.50
87.33
92.99
108.18
105.43
98.12
98.51
107.66