97.09
87.48
85.89
86.76
91.83
95.50
104.36
113.15
110.81
97.99
94.79
94.93
93.11
91.32
89.35
87.55
92.25
95.66
94.39
90.61
89.06
91.20
93.05
96.18
103.87
103.34
102.81
106.42
108.22
105.59
106.35
106.19
106.48
107.05
109.56
106.69
97.03
86.47
87.69
89.81
94.22
99.98
107.28
107.91
100.49
94.42
93.07
89.70
90.45
99.13
106.86
105.26
102.72
105.90
105.46
100.80
90.87
84.92
89.01
99.53
106.06
103.56
101.14
99.57
100.01
105.48
102.13
101.69
99.58
90.78
90.12
97.68
103.87
103.92
106.61
108.01
105.65
105.04
105.77
104.94
99.23
89.12
86.21
87.06
89.10
94.98
97.54
93.51
90.77
91.46
101.02
104.45
105.63
107.92
108.32
104.28
103.50
100.12
92.71
92.13
90.55
89.92
88.12
87.18
92.42
95.89
100.81
99.89
100.58
96.04
89.09
87.44
91.41
98.27
96.13
91.53
88.29
87.40
93.28
105.70
113.21
113.42
102.72
94.58
94.72
96.58
97.95
100.60
99.30
96.18
98.78
98.32
96.37
91.47
96.63
105.45
108.25
108.82
104.72
105.43
110.28
106.52
99.67
98.13