99.07
94.79
101.87
102.10
93.21
90.22
91.93
90.89
95.08
95.43
99.56
101.92
95.52
90.03
95.80
102.37
102.08
98.61
97.82
99.70
102.26
98.08
91.61
93.60
94.18
93.68
100.96
102.57
99.35
103.64
111.23
115.08
108.82
97.85
97.77
96.98
92.28
89.64
89.32
89.12
92.36
100.54
102.63
107.26
106.80
103.62
102.23
100.09
94.57
96.84
95.78
91.73
93.90
101.47
104.97
99.48
91.04
88.83
90.72
97.72
98.33
91.89
87.04
89.07
90.71
95.46
99.92
106.65
103.13
99.14
93.46
86.97
87.73
96.16
110.64
117.17
112.55
95.69
83.21
83.32
86.08
92.64
98.25
100.17
99.12
95.91
99.47
107.39
106.63
98.52
95.94
91.80
86.15
87.68
89.32
91.14
100.25
111.16
106.36
91.97
87.79
89.02
95.08
102.47
100.75
96.30
101.03
106.18
106.25
101.28
102.59
101.36
104.33
108.92
110.17
101.05
91.73
91.77
98.30
102.12
108.36
109.81
105.89
99.53
93.26
97.66
101.15
95.70
91.79
93.19
94.47
100.62
101.17
94.11
94.40
102.00
100.05
102.48
104.21
106.99
109.92
112.93
113.76
108.43