102.43
99.84
97.01
92.06
96.59
97.88
90.95
85.90
86.02
87.64
93.52
108.97
109.62
103.08
91.65
87.58
91.10
92.10
89.95
87.45
90.85
96.04
94.74
93.72
91.44
88.40
87.18
88.69
93.51
100.80
105.17
109.64
103.23
95.37
98.25
99.95
94.77
96.90
105.45
103.28
93.82
89.88
87.69
94.20
107.22
110.82
104.74
95.61
96.68
99.39
94.71
87.00
85.70
86.25
87.93
97.09
113.09
110.04
106.37
101.98
93.28
91.76
102.54
110.60
106.03
92.08
86.50
95.20
105.25
112.40
110.31
108.16
103.44
92.57
88.78
92.37
95.75
92.26
96.26
97.09
92.01
90.89
92.62
91.18
90.89
89.20
89.27
92.19
103.79
109.88
102.53
99.61
106.44
112.05
112.24
107.78
99.42
88.39
83.81
84.57
88.14
90.23
89.81
89.05
92.47
92.41
92.92
92.19
96.28
107.60
109.24
109.53
110.36
109.01
103.27
94.59
94.43
98.37
106.39
112.70
106.89
90.72
87.21
96.42
100.04
99.28
93.26
91.61
89.81
92.85
100.85
107.60
105.33
96.05
93.27
101.26
104.16
104.32
95.91
93.80
102.85
112.67
113.47
102.68