102.36
98.48
97.12
94.30
94.18
93.34
95.59
100.93
104.65
102.67
99.83
99.31
97.17
95.97
93.02
92.29
91.77
98.85
101.64
99.77
100.24
97.59
96.66
101.92
104.19
107.17
109.85
106.81
104.15
95.29
88.86
93.12
100.48
98.83
101.94
99.94
98.08
95.51
90.98
90.26
90.77
92.91
91.92
96.05
102.19
109.88
113.55
113.41
110.01
100.08
93.66
92.68
92.03
99.66
108.73
102.89
90.14
86.57
94.48
100.21
107.23
106.33
97.87
94.30
93.56
91.26
97.89
109.95
110.40
98.93
87.96
88.72
97.88
103.98
107.25
104.45
93.77
90.18
88.19
87.00
93.40
107.26
116.10
110.62
105.07
102.77
104.04
100.57
91.56
93.14
104.60
107.01
108.81
103.25
90.56
91.09
105.25
107.61
99.42
98.99
107.29
109.16
110.38
107.04
96.51
88.76
91.80
101.39
105.39
102.88
102.59
105.51
99.34
92.47
98.19
107.12
103.95
96.33
98.96
99.94
93.43
88.97
94.67
103.26
110.61
114.01
111.39
103.78
99.35
101.17
100.33
104.25
107.29
102.15
92.02
86.69
93.10
101.74
100.66
96.18
101.49
100.54
98.55
103.02