97.23
87.62
89.57
95.98
102.70
108.48
105.73
105.23
104.86
102.89
104.76
103.17
100.66
102.04
105.40
109.84
113.41
111.92
108.41
101.43
90.92
86.30
87.16
88.16
90.25
89.63
88.45
93.22
95.99
99.28
95.87
99.20
105.49
106.77
101.67
95.64
88.57
86.78
94.95
109.72
107.43
101.35
102.59
103.11
97.72
92.31
88.67
90.62
92.37
95.31
96.16
96.57
96.55
103.31
106.62
108.48
103.98
102.94
96.70
92.84
95.94
96.91
91.63
90.39
96.86
105.03
100.64
100.62
103.60
100.97
99.09
102.27
100.01
99.77
105.20
106.14
104.49
106.62
108.01
103.05
102.96
102.07
97.28
92.37
90.41
98.41
105.30
109.83
112.75
105.31
90.20
86.41
87.84
91.10
98.35
99.00
92.66
87.05
88.53
97.05
101.16
105.46
110.25
106.91
103.73
96.98
87.84
89.54
96.82
99.67
105.41
102.96
104.35
109.28
105.53
93.87
91.03
92.32
101.10
104.95
99.81
90.34
90.84
100.28
99.43
94.40
90.39
94.21
102.09
100.65
101.62
97.36
88.66
88.13
93.80
103.80
109.97
110.21
108.56
103.39
92.25
86.20
91.09
96.07