97.82
94.35
104.73
111.08
113.41
114.07
105.88
97.26
96.60
99.34
98.94
94.77
97.56
102.10
103.61
105.13
106.31
107.00
106.76
100.25
89.46
85.31
85.29
89.17
92.75
91.84
95.72
94.24
96.49
105.36
112.56
113.81
108.34
99.70
92.93
92.07
90.99
92.97
90.68
91.45
94.42
101.47
110.37
112.81
103.83
97.93
101.37
108.63
110.69
109.65
103.28
97.16
98.69
100.47
103.74
103.02
98.05
96.90
91.85
93.07
93.57
101.27
108.57
111.13
110.23
109.80
103.68
102.12
99.89
101.72
101.40
103.82
107.60
102.37
100.15
95.55
94.21
96.11
102.75
108.70
104.83
102.59
99.75
95.32
99.62
107.56
106.57
104.27
104.77
99.14
97.48
95.98
97.50
102.10
98.22
88.80
89.34
102.32
106.47
97.43
89.57
94.47
103.98
101.03
98.49
102.01
108.75
108.02
103.24
95.61
98.65
101.81
104.52
98.26
96.39
99.61
94.36
94.94
97.65
94.96
94.83
94.44
89.27
89.56
93.02
102.65
108.83
110.61
108.64
109.01
102.23
88.86
85.60
86.68
87.47
92.70
107.47
115.02
106.93
89.88
86.25
95.59
97.90
95.86