98.93
97.40
105.53
110.30
102.55
97.30
97.89
94.73
96.85
107.19
110.99
104.00
98.09
96.01
95.05
100.93
106.40
109.09
111.93
108.16
100.81
102.26
105.04
105.15
95.86
86.62
84.13
88.06
97.34
98.12
95.81
100.87
110.59
111.64
103.91
101.65
102.38
96.65
87.33
90.79
99.40
105.67
107.82
106.72
100.32
100.68
97.79
97.42
103.12
104.67
104.04
101.15
92.33
89.34
94.43
99.10
93.50
95.30
104.34
112.17
114.01
105.37
98.29
96.76
96.55
101.15
104.40
101.13
95.77
97.00
106.75
110.16
108.10
96.85
87.27
87.83
96.24
99.27
104.70
107.31
100.47
93.95
92.15
95.39
100.80
101.17
100.08
94.34
86.88
86.36
92.90
108.47
116.08
112.03
102.21
96.89
102.27
107.82
107.13
96.98
88.43
86.70
86.82
91.41
102.85
106.81
102.88
103.59
107.93
111.39
113.90
113.71
111.25
110.08
107.86
103.91
105.33
102.19
102.71
100.95
98.70
95.11
99.41
102.27
106.35
100.35
87.74
84.95
89.25
98.45
99.91
92.68
92.90
97.37
99.30
100.92
97.48
95.11
91.17
86.56
88.33
89.39
97.61
101.51