102.78
103.57
106.38
108.30
104.47
97.89
100.81
107.40
112.56
111.95
103.18
97.27
97.91
100.11
101.47
103.62
97.02
86.58
87.80
91.28
95.89
98.89
96.86
93.15
100.01
101.46
97.86
92.43
95.66
98.89
106.35
110.86
112.80
113.48
112.92
110.79
106.65
102.75
104.25
101.00
94.53
92.57
89.76
90.48
101.19
107.19
103.75
96.42
89.36
85.71
90.27
103.21
107.80
109.16
110.17
110.87
112.34
104.90
89.08
88.50
90.62
87.87
92.80
104.93
107.43
97.97
95.36
93.22
91.59
92.43
95.85
94.04
95.97
104.43
112.82
109.88
107.06
99.34
88.77
85.44
89.03
101.24
103.49
105.25
108.77
111.44
104.61
97.80
91.82
88.72
94.16
96.07
98.47
103.89
110.57
113.63
113.65
106.79
100.74
101.47
103.55
99.23
96.42
98.55
101.43
100.30
97.80
100.82
97.07
93.09
92.45
92.65
90.01
88.68
87.47
88.83
94.61
99.11
94.70
90.52
97.19
100.92
98.17
99.64
105.41
110.67
109.07
100.49
88.79
85.13
89.10
95.65
99.85
105.43
100.83
99.06
94.73
93.72
95.06
92.40
92.72
102.83
109.22
101.43