99.45
94.51
94.66
100.80
106.15
109.04
105.15
97.36
92.09
91.63
88.73
90.06
95.64
104.10
100.00
98.39
106.53
113.63
114.77
109.12
94.96
85.56
89.76
92.65
88.97
88.57
90.40
89.49
89.70
93.11
103.38
111.81
108.76
105.98
109.17
107.47
103.53
99.07
90.32
89.83
91.35
96.56
95.67
97.24
105.26
106.09
107.99
104.26
104.26
105.67
97.23
90.22
89.54
97.32
108.71
111.07
110.79
101.58
87.50
83.19
87.19
101.33
109.52
112.49
104.96
96.80
94.42
92.49
88.86
92.61
97.62
99.00
104.44
105.59
107.32
110.07
106.86
105.05
97.18
89.37
85.79
85.28
87.77
98.99
115.37
112.03
101.40
91.52
95.34
99.47
97.30
91.93
96.37
104.26
105.71
96.91
91.96
89.21
87.38
85.93
88.69
94.41
99.29
106.25
111.14
111.80
103.19
88.56
83.63
86.48
94.41
108.48
114.48
113.45
102.55
89.89
85.73
87.04
94.34
104.78
112.28
115.38
113.89
111.57
107.39
104.82
107.73
107.61
106.43
101.19
94.30
89.97
88.19
92.39
98.86
106.91
109.53
101.05
94.43
93.54
96.77
103.63
101.74
92.14