99.29
99.44
110.39
113.05
104.51
97.91
102.83
105.96
100.81
98.90
104.01
107.71
101.38
88.21
84.61
87.08
92.51
101.86
99.47
91.31
85.82
90.02
92.37
94.65
105.43
110.34
109.39
98.94
89.41
91.03
102.65
111.77
106.01
99.83
103.54
109.93
110.46
100.97
97.13
92.60
95.29
100.46
96.79
97.25
95.86
92.63
88.63
91.38
91.71
97.37
107.38
110.36
111.89
111.26
107.64
106.97
102.22
99.61
102.89
101.29
103.61
102.84
102.14
96.10
93.24
97.91
100.79
101.09
99.82
105.31
112.09
115.16
115.64
110.54
104.88
100.46
98.29
102.52
104.73
106.59
101.94
94.68
97.08
96.08
93.48
98.54
101.30
101.89
96.09
87.48
88.86
93.53
91.78
89.61
90.10
95.50
100.97
97.58
98.23
96.80
97.68
105.38
106.00
105.72
100.96
89.99
90.80
103.87
110.16
110.19
105.17
99.80
99.03
101.97
95.72
94.39
99.18
95.42
90.18
95.73
96.10
90.06
94.26
96.27
100.56
99.17
101.36
99.07
101.14
106.59
108.09
99.52
94.14
99.11
108.58
105.98
103.93
96.65
94.34
100.95
107.36
104.87
104.16
107.09