102.27
106.51
110.61
108.07
98.79
95.98
92.03
95.75
106.78
103.10
89.87
89.02
93.26
99.09
97.93
94.74
92.15
97.97
109.48
115.61
115.60
110.47
102.39
100.82
100.22
102.05
100.02
95.08
91.16
95.99
106.34
104.43
103.58
101.78
99.40
103.69
100.50
100.40
103.53
107.18
105.28
103.70
106.65
101.22
88.96
87.68
98.36
105.55
108.88
111.53
106.69
94.20
87.05
85.17
86.55
93.68
110.48
117.69
117.77
113.77
106.23
102.29
104.40
105.34
100.58
92.31
89.38
88.96
97.08
101.24
105.94
106.75
98.85
94.82
91.68
91.28
90.45
88.35
89.64
99.62
100.34
99.54
106.11
113.19
112.86
103.41
93.67
91.05
96.93
107.48
113.41
111.58
107.20
98.94
99.19
107.64
105.07
96.31
89.41
94.38
104.53
107.41
102.03
99.98
95.34
88.61
85.05
86.22
92.49
106.89
104.52
102.88
99.15
102.74
104.05
103.75
104.32
106.40
107.08
99.26
91.32
92.44
92.28
88.54
87.48
92.20
94.69
101.22
110.82
111.06
110.89
105.38
93.81
86.43
85.87
92.07
107.85
115.28
108.49
95.87
90.95
90.42
89.54
95.30