99.88
95.42
103.70
103.78
95.69
93.38
103.14
106.94
104.61
97.14
94.49
94.28
97.75
95.42
98.00
98.89
97.52
94.14
91.50
93.83
95.07
93.48
98.21
99.02
101.83
102.02
99.98
95.30
88.77
87.89
90.76
93.00
99.69
106.36
105.94
99.17
89.09
88.22
98.54
111.20
114.46
115.24
115.30
112.25
108.92
103.31
95.30
97.22
105.14
106.68
98.71
88.07
89.17
91.07
97.80
107.84
109.02
109.53
101.36
89.34
85.88
90.34
101.26
108.07
104.25
92.61
86.25
91.80
93.57
96.39
101.42
99.83
103.49
102.48
99.76
97.74
94.65
94.39
99.98
101.53
100.54
103.58
110.47
106.79
104.16
107.35
110.35
109.10
100.97
99.63
105.07
108.77
105.13
99.24
98.58
94.03
93.40
92.56
94.69
99.29
105.73
101.15
98.61
93.33
91.16
89.37
90.38
100.18
112.45
108.72
98.81
91.43
88.59
94.84
100.92
103.67
104.43
96.97
87.93
91.13
96.01
103.67
108.48
106.61
106.97
107.70
103.62
94.29
88.34
93.72
96.17
91.66
90.11
95.91
105.31
106.57
97.35
92.09
90.91
93.04
91.49
87.28
85.68
86.11