101.43
105.15
113.95
116.00
115.44
113.50
105.78
102.33
107.95
110.46
106.79
102.91
93.92
88.14
89.44
93.54
96.88
92.46
89.18
96.75
109.86
116.31
110.35
93.60
84.10
84.74
87.01
95.26
107.58
111.90
109.74
98.75
93.11
95.20
103.16
99.05
91.47
92.84
103.58
112.64
109.13
103.06
99.59
103.30
110.14
105.77
101.54
105.31
110.58
112.39
106.51
94.40
89.60
88.86
91.17
95.17
103.74
104.32
95.90
87.78
85.55
90.99
96.40
102.56
110.08
108.22
103.77
95.22
92.57
100.54
109.50
113.17
108.23
102.85
96.50
91.27
96.42
101.23
103.67
105.25
106.84
99.16
94.22
102.25
106.78
110.19
107.29
102.85
100.33
98.53
98.85
96.11
93.62
92.96
97.29
102.69
108.08
102.88
90.01
91.31
94.08
91.98
89.67
89.59
98.27
100.88
102.20
108.85
111.15
111.08
106.91
102.31
102.63
108.33
110.67
111.53
109.80
99.60
85.74
83.25
84.84
85.27
87.05
92.98
100.97
109.70
113.79
106.56
102.06
95.95
95.65
93.52
91.00
97.75
97.52
100.08
98.36
96.12
95.97
99.28
104.84
107.80
106.41
100.19