103.31
107.55
106.58
108.36
102.16
92.80
91.67
100.78
104.29
108.54
111.81
111.94
109.79
103.94
95.18
87.58
88.42
89.03
89.07
93.42
100.65
101.18
96.28
98.52
104.07
110.63
105.80
93.99
85.99
90.14
100.27
107.63
110.26
103.40
94.07
97.82
101.18
99.46
91.06
89.62
100.75
103.53
94.59
85.96
88.24
95.01
97.73
95.18
94.61
91.45
93.39
98.04
98.89
102.52
106.78
109.28
101.51
93.07
97.01
108.63
114.14
107.42
90.48
83.37
84.76
86.98
91.11
93.08
89.93
89.35
97.20
110.65
108.85
104.99
98.04
96.90
95.45
90.32
88.81
95.41
108.81
114.61
114.79
108.77
99.56
95.13
99.19
108.49
110.77
100.58
85.88
87.05
102.60
107.21
108.89
108.38
109.70
104.29
94.46
89.17
88.51
92.29
92.21
88.31
90.58
98.29
98.72
104.17
107.28
106.04
100.27
99.31
106.50
103.21
93.52
86.01
86.36
95.88
98.78
104.59
111.31
113.12
112.45
112.28
105.37
94.88
92.72
90.74
96.60
98.18
91.65
94.80
100.09
107.24
111.21
108.42
106.35
99.47
89.45
89.17
100.64
111.79
112.28
111.73