97.31
88.38
87.37
91.60
97.62
96.81
98.16
103.24
101.30
92.02
86.59
85.55
88.91
97.60
102.47
103.43
105.78
109.16
109.80
107.10
106.29
106.21
102.52
97.17
98.62
104.73
109.43
111.06
104.60
100.97
99.92
93.43
86.62
91.49
103.93
112.94
115.41
115.41
109.50
93.44
86.26
89.68
96.39
101.57
98.13
99.87
103.58
104.10
105.68
101.84
100.95
97.09
98.25
94.65
89.36
87.98
87.09
87.87
90.86
94.02
102.13
111.32
115.13
110.06
96.89
89.33
87.15
92.04
103.28
105.46
96.99
94.91
93.78
98.40
100.95
97.43
99.08
107.84
108.24
101.79
99.95
102.03
100.98
103.04
104.28
102.73
99.63
93.67
88.79
95.03
103.72
98.25
95.37
95.06
90.39
89.06
97.64
101.77
102.70
95.18
94.57
97.84
94.60
89.16
93.61
94.11
93.42
96.40
96.84
96.49
104.42
110.27
111.71
111.21
101.64
93.65
91.89
100.58
108.88
112.09
110.80
105.36
93.74
92.78
95.34
90.82
87.85
86.78
88.09
95.17
109.41
107.09
103.35
106.64
108.41
103.43
99.68
104.43
110.60
112.20
108.05
95.72
86.49
84.29