99.90
97.60
109.17
110.69
109.05
101.06
98.91
99.35
95.96
96.97
105.12
113.01
115.42
109.85
96.39
92.16
95.07
101.14
99.32
94.38
94.64
98.67
104.74
105.74
99.57
100.62
100.46
100.40
101.63
95.51
89.35
91.80
94.30
94.84
98.56
104.01
97.96
88.64
89.91
99.92
98.97
93.19
98.43
102.67
103.51
107.33
111.85
107.20
91.60
88.71
98.33
100.94
103.11
97.56
87.86
84.36
87.90
93.30
101.45
110.12
111.41
103.85
93.91
97.42
102.08
103.97
100.72
96.95
90.98
94.76
98.26
96.31
101.78
110.87
112.09
102.79
95.36
93.03
92.56
89.59
90.30
89.36
94.76
97.00
103.02
99.84
91.66
90.09
93.40
101.82
105.59
105.45
99.39
100.41
105.23
101.54
100.61
98.40
94.95
100.46
104.41
97.30
92.28
90.95
96.98
98.26
101.81
108.69
105.59
98.45
94.57
91.19
94.44
94.53
89.01
87.19
95.34
106.51
113.18
114.92
112.31
110.06
100.36
88.32
87.26
97.67
108.40
112.25
110.87
103.25
93.39
96.41
99.92
92.47
89.10
87.98
94.92
103.60
110.47
105.85
98.65
90.04
87.78
95.03