96.64
90.65
97.58
100.32
96.96
90.94
88.56
91.31
103.53
110.04
113.22
113.63
112.10
110.50
110.22
110.69
108.17
107.33
107.40
101.34
97.92
99.84
95.10
92.90
91.62
93.68
102.23
100.82
101.81
96.71
99.35
106.01
102.89
101.93
97.37
98.13
106.82
113.28
115.52
114.05
112.08
108.33
101.02
97.00
91.10
91.82
91.77
90.34
88.04
89.00
90.40
96.16
100.94
96.90
99.19
100.10
104.85
101.69
92.64
86.14
90.12
105.49
108.38
106.06
96.74
87.45
88.66
99.13
100.79
105.07
103.35
98.88
101.42
109.29
107.31
96.69
92.72
97.57
106.94
109.45
110.36
102.03
94.66
97.00
100.69
107.16
108.67
107.93
102.76
103.00
108.40
108.72
100.04
90.59
88.53
90.22
96.80
100.37
97.89
90.62
86.41
87.50
87.58
86.35
85.62
89.31
98.33
107.51
108.14
109.92
111.88
112.74
112.37
107.44
99.91
96.59
94.72
92.23
92.06
97.62
104.09
101.29
103.61
110.33
105.36
93.77
89.20
91.55
97.01
99.06
101.84
105.99
102.49
94.90
92.49
97.73
104.60
104.25
97.60
88.57
90.03
91.20
89.92
90.41