96.80
88.03
92.22
99.38
107.89
109.81
101.98
94.86
93.37
99.75
101.03
96.56
93.59
89.42
93.66
99.48
96.33
88.85
92.99
96.28
102.26
99.16
96.98
96.18
101.80
104.05
96.11
94.98
98.62
98.09
91.04
87.83
94.24
100.46
105.38
108.24
104.98
100.76
97.54
93.02
90.51
94.55
94.75
91.35
93.54
103.70
106.17
103.79
103.95
106.31
108.04
102.03
95.42
97.32
94.30
86.97
88.07
95.56
107.09
109.98
110.93
107.49
96.32
92.68
93.15
89.25
88.99
97.20
98.54
90.96
87.70
89.71
99.75
105.25
110.52
111.26
109.44
108.66
106.56
98.91
99.41
101.48
102.39
97.59
91.39
96.20
107.80
114.15
112.01
104.85
102.61
103.52
103.25
105.11
108.34
106.93
102.34
93.72
94.18
94.42
98.51
103.35
100.94
92.49
93.25
99.03
98.02
98.11
98.24
102.43
102.19
95.22
89.58
95.96
98.07
102.43
101.42
93.35
92.75
98.67
107.19
108.04
106.95
102.05
94.46
86.88
85.05
85.50
86.72
93.15
96.23
103.76
105.32
107.39
109.70
107.10
101.23
98.48
96.80
95.89
96.19
96.27
102.78
101.77