101.31
104.21
111.40
110.84
106.52
103.83
103.68
96.67
90.21
88.33
95.63
110.28
109.69
108.94
104.30
98.81
97.95
92.55
88.14
93.69
102.06
110.69
108.06
96.67
86.83
86.27
88.38
89.06
91.69
91.29
93.13
97.50
95.30
91.32
95.52
107.99
114.03
109.84
104.15
102.10
106.77
107.98
109.36
111.42
109.24
99.25
89.75
91.95
104.12
112.22
115.40
115.63
114.04
113.01
113.38
109.70
106.24
107.83
110.38
108.15
104.52
105.06
109.22
112.51
105.01
93.97
95.91
106.94
113.82
110.46
100.64
91.18
88.43
88.92
92.13
96.99
104.19
102.27
99.36
94.27
95.23
97.51
104.53
109.96
110.42
109.15
107.23
102.98
92.30
85.33
85.00
86.74
91.54
105.46
108.99
98.75
93.54
90.17
93.07
93.94
89.28
89.69
90.45
94.79
102.18
100.71
95.77
92.87
91.75
91.22
92.81
98.18
96.75
98.35
104.00
111.40
115.45
111.86
100.31
93.31
89.40
89.80
99.30
102.15
98.74
96.08
99.68
95.50
93.83
101.46
106.97
101.39
97.66
92.72
91.30
100.11
102.61
101.83
106.26
103.17
91.14
86.01
89.90
103.36