97.16
90.56
99.24
104.41
102.88
99.76
104.91
112.86
116.31
113.20
104.39
101.60
100.53
92.55
89.92
88.89
90.42
90.81
99.15
106.75
106.99
101.99
95.08
93.24
99.42
107.75
112.83
114.61
106.61
92.77
92.39
93.12
88.86
92.13
101.95
99.08
100.78
96.60
96.11
97.02
95.86
100.27
106.00
109.84
106.45
105.14
97.47
91.64
93.74
100.79
104.38
107.96
111.36
105.52
101.40
97.83
97.73
102.36
100.84
96.30
89.89
86.72
86.47
89.18
99.15
102.83
104.15
108.27
110.95
111.00
109.62
99.31
88.07
91.06
96.16
95.01
99.10
96.69
91.41
87.28
87.45
94.64
102.59
110.37
111.97
112.09
108.55
100.45
93.21
98.63
105.30
106.29
105.39
99.27
95.52
92.88
93.97
102.22
100.52
100.35
100.47
96.44
99.68
99.65
98.66
94.42
92.01
88.80
87.71
89.41
96.55
98.54
105.54
105.08
97.54
91.65
89.41
89.34
92.84
96.28
99.68
105.11
107.27
110.64
104.37
92.03
88.32
91.31
95.82
104.74
106.78
98.02
93.14
96.42
96.94
92.33
96.71
98.30
102.33
107.59
110.71
112.95
108.63
101.11