98.28
94.48
99.06
97.28
89.07
86.26
93.30
107.82
114.90
116.65
110.80
102.88
98.95
103.00
106.79
108.10
108.63
105.99
100.70
96.02
91.35
90.11
90.52
89.49
96.78
100.82
100.79
103.77
98.69
90.87
89.43
96.68
105.63
110.08
108.15
108.21
106.28
98.46
95.02
92.06
93.32
94.80
98.93
106.62
106.38
100.39
95.32
91.00
91.64
90.20
92.35
96.35
97.49
91.64
86.29
89.80
97.00
103.25
99.05
97.33
92.87
96.88
97.58
92.88
87.01
91.49
107.58
117.13
118.41
114.85
111.45
110.10
110.74
105.72
103.07
100.77
94.49
91.62
88.21
87.31
94.25
101.47
104.19
101.52
93.66
86.42
85.16
88.22
89.77
90.81
91.76
101.08
109.46
113.12
108.17
94.64
84.70
88.40
95.65
95.68
96.55
94.99
96.57
105.00
112.82
112.55
106.07
102.48
96.36
89.35
86.53
90.00
90.20
94.25
101.19
99.86
93.83
96.27
96.89
94.74
94.32
100.48
106.78
103.24
95.18
92.17
99.59
100.69
102.25
100.09
97.91
94.17
97.71
99.29
96.76
91.12
88.12
88.88
96.36
96.02
101.08
99.81
101.53
102.80