97.55
93.33
95.09
102.04
106.56
106.58
106.47
97.73
96.63
100.94
101.37
99.77
97.90
93.37
89.30
92.09
95.04
95.52
95.92
92.14
94.16
101.13
107.51
111.46
107.38
98.62
93.11
95.98
96.45
97.91
97.90
92.74
88.19
90.17
94.37
95.51
94.87
102.42
110.12
105.83
99.82
95.53
90.29
90.19
88.62
91.71
104.25
102.89
100.55
97.80
98.45
104.82
106.69
101.79
98.99
94.99
95.04
100.62
97.60
88.66
90.39
99.83
109.42
110.65
100.06
90.22
92.97
104.51
109.96
103.67
94.01
97.23
100.90
96.80
91.52
91.30
95.32
98.40
105.09
109.61
109.55
104.79
96.70
94.95
92.21
92.41
101.81
102.71
98.67
91.23
91.05
98.41
102.96
103.02
102.58
105.00
102.52
102.12
100.05
92.66
91.19
94.91
92.25
88.64
92.23
92.64
98.21
109.52
105.42
93.25
92.50
91.69
97.27
106.43
107.41
98.56
92.78
89.45
87.22
87.60
95.76
112.21
117.32
115.62
112.09
103.15
92.40
86.25
88.57
98.21
101.82
107.29
112.17
110.06
100.46
95.63
95.74
90.59
94.43
102.03
104.46
108.62
102.66
95.53