97.82
90.00
90.33
91.54
98.89
105.41
110.99
114.81
114.81
106.18
92.11
89.63
89.71
90.68
99.59
105.32
97.52
91.49
91.12
92.80
96.63
100.58
95.88
91.75
94.98
93.83
95.12
98.65
97.53
97.34
99.25
101.33
99.54
103.58
106.64
105.26
96.18
86.74
87.73
97.56
102.87
99.30
96.37
93.35
91.36
88.05
86.62
91.43
98.03
105.08
104.50
105.08
101.49
96.01
98.42
96.54
93.30
98.76
105.02
109.50
111.84
112.50
107.52
92.59
83.18
83.49
88.00
102.92
114.29
114.22
107.62
94.19
86.53
87.70
95.57
103.11
102.69
105.32
105.51
100.12
100.08
104.67
107.04
103.50
91.85
85.93
88.67
89.24
95.32
98.19
94.99
94.80
94.18
100.35
105.67
106.49
102.63
92.09
88.30
92.85
99.02
106.94
109.86
111.20
106.43
93.85
85.23
86.38
87.62
87.82
90.20
98.70
102.96
103.57
102.40
101.83
99.57
103.82
100.96
91.15
87.05
86.72
85.96
86.97
87.51
90.18
99.75
111.22
107.43
98.66
89.18
88.97
98.22
102.41
99.12
97.47
105.18
112.45
106.68
91.12
85.12
88.05
99.36
108.42