100.06
92.95
92.87
97.46
99.58
95.46
88.83
90.65
92.28
100.02
106.54
106.09
100.75
94.78
93.72
96.06
104.76
107.78
108.51
108.97
108.62
108.29
103.51
96.02
96.97
99.33
101.29
103.87
100.29
100.68
105.65
106.10
107.43
107.73
97.98
93.39
93.85
98.32
96.72
89.01
88.49
91.20
90.90
92.88
95.08
99.41
107.05
112.24
112.47
106.70
94.79
89.05
90.99
91.42
89.12
93.03
96.74
100.30
101.90
107.90
113.64
112.72
110.03
99.26
88.46
86.90
87.21
88.36
91.16
97.70
110.19
106.35
97.34
89.09
85.36
87.20
91.94
93.13
91.62
92.45
94.63
91.22
87.28
86.67
89.10
91.10
91.79
89.15
90.46
93.08
94.66
93.67
96.94
99.32
98.24
103.15
104.18
107.82
108.94
106.29
98.32
95.88
91.55
93.92
96.83
91.51
90.28
91.16
98.39
99.04
95.67
91.48
89.20
87.89
86.56
89.57
102.54
107.62
103.40
104.06
109.68
109.64
101.47
89.69
88.35
94.59
105.04
109.48
106.89
104.52
95.66
95.66
103.15
106.92
105.80
101.84
102.14
101.85
104.54
104.08
94.42
89.29
86.92
86.37