102.96
109.47
116.37
117.63
116.11
108.91
97.49
89.43
86.70
94.13
103.35
110.81
114.45
110.91
108.60
107.24
106.08
108.44
108.08
97.28
87.99
84.95
87.01
87.56
91.60
100.86
111.29
108.29
99.78
98.37
96.48
90.24
89.86
92.67
94.33
103.14
103.58
97.54
93.62
99.05
101.06
98.10
99.46
106.51
109.22
110.28
109.80
110.55
111.88
110.74
109.91
103.18
100.94
96.06
90.85
90.48
90.72
88.72
90.85
93.50
101.11
99.67
94.53
90.65
91.92
101.90
102.63
102.81
103.39
100.94
101.56
107.01
103.04
102.03
101.22
101.02
104.68
107.80
104.75
99.89
102.64
98.17
94.89
101.36
99.91
96.77
98.82
103.37
104.82
103.85
99.65
95.61
97.83
100.33
105.71
107.85
103.47
94.85
94.17
95.22
90.47
89.07
95.17
95.40
101.44
107.45
109.40
106.78
98.08
96.58
103.74
100.21
89.56
85.28
87.29
91.90
92.98
96.72
102.28
99.11
90.89
87.82
87.16
90.25
93.24
93.31
93.97
103.19
105.37
103.44
102.47
99.80
95.58
93.94
99.41
98.82
91.52
89.57
99.36
101.09
104.07
99.66
98.58
96.26