96.85
88.61
91.76
105.68
112.42
112.69
107.56
95.40
93.52
92.29
90.30
89.43
92.06
92.49
89.00
92.84
99.06
107.07
110.17
107.62
107.93
100.66
92.67
92.28
96.39
95.06
97.13
106.05
112.58
108.87
103.12
98.10
99.76
101.82
104.17
98.87
97.95
97.39
94.01
90.16
93.34
93.47
90.85
89.04
89.44
89.54
88.99
92.58
101.09
99.11
91.16
95.20
103.31
109.10
107.42
96.61
87.90
90.38
95.24
93.53
89.51
95.47
105.23
112.83
115.07
106.88
101.28
100.09
94.86
90.09
95.11
107.11
114.30
110.28
100.46
89.31
89.37
93.52
104.15
112.76
110.35
105.42
106.43
109.35
108.13
101.84
92.37
90.72
98.34
109.90
115.09
114.23
104.67
94.36
94.01
102.39
103.29
97.71
94.52
94.12
96.39
92.58
91.68
94.38
94.88
92.19
98.37
106.62
112.39
110.26
104.85
99.43
101.69
102.97
96.82
93.71
89.61
87.65
86.63
89.95
93.53
91.37
94.72
102.65
106.41
108.19
106.42
105.28
101.23
97.61
96.13
95.15
101.58
102.86
99.94
100.46
102.21
102.86
98.08
90.41
93.34
102.83
100.42
96.05