102.55
97.72
92.82
96.23
107.04
111.07
108.97
101.47
91.94
91.94
101.19
108.21
111.28
112.11
106.22
97.77
98.72
105.16
107.69
101.02
94.57
88.31
85.24
85.50
87.47
88.93
93.35
106.73
104.66
97.76
92.59
97.58
103.36
105.62
106.14
109.01
102.27
96.71
90.86
88.11
93.39
96.88
96.47
90.63
94.21
102.26
101.22
93.94
89.68
92.76
97.63
103.50
104.85
108.46
104.92
98.31
94.58
90.97
91.19
89.40
86.62
85.54
86.85
91.98
100.92
105.90
103.66
96.80
96.38
98.62
103.71
104.60
105.84
108.23
108.72
108.24
103.73
97.85
100.49
96.62
89.28
94.33
108.36
109.34
108.25
109.56
112.02
110.29
99.44
89.81
91.19
97.43
97.89
99.95
94.86
87.63
89.45
92.95
94.65
90.56
90.14
95.61
94.65
88.65
86.97
86.50
89.57
101.50
106.99
102.87
97.36
93.50
97.72
105.88
108.40
104.57
103.76
106.61
106.36
100.05
90.37
88.01
89.86
89.54
95.95
102.87
103.27
107.14
111.22
107.45
97.48
94.27
101.68
108.00
112.16
107.95
104.52
103.10
102.72
101.50
104.77
110.14
111.08
103.05