97.96
88.82
86.62
86.58
87.99
96.44
108.95
114.64
109.81
95.97
91.79
101.10
104.03
103.85
99.96
97.39
91.74
88.10
91.29
96.82
93.80
96.38
99.81
107.56
107.87
97.23
91.35
88.53
89.12
96.82
96.92
99.28
101.46
102.76
98.45
91.39
87.82
93.33
99.60
106.79
111.35
113.16
111.16
99.16
87.89
85.63
92.05
94.96
93.15
90.62
91.96
93.58
103.32
113.92
116.29
115.36
110.14
101.47
90.99
90.30
89.89
94.80
106.72
110.40
108.78
103.62
100.25
101.60
106.36
108.78
106.00
105.95
104.30
105.89
111.02
113.18
112.47
112.31
110.86
108.49
102.07
100.17
96.26
96.38
102.46
110.26
104.90
100.49
104.80
104.76
100.16
99.33
105.21
101.80
95.71
98.57
105.69
107.73
98.52
96.33
98.67
97.92
101.00
108.68
106.10
94.93
86.97
91.19
104.30
108.48
111.17
111.61
112.60
108.93
96.30
85.99
86.64
98.32
104.86
100.10
92.11
89.55
92.01
99.29
97.60
89.80
91.94
92.23
92.03
90.37
91.10
98.12
109.80
107.95
99.83
90.94
88.22
90.96
91.58
99.69
103.87
97.08
96.76
106.30