100.24
100.25
101.16
99.54
99.40
96.57
96.07
95.84
100.95
101.42
94.84
92.52
95.02
97.30
93.38
96.70
99.66
95.51
98.00
96.88
92.85
98.85
110.58
112.29
105.12
99.19
91.60
90.69
97.83
102.18
103.85
105.63
99.76
99.82
98.74
91.25
92.06
95.61
91.95
87.17
87.61
87.71
87.31
87.20
88.67
88.76
92.70
96.32
105.13
108.36
99.43
94.11
93.40
101.75
112.48
114.08
110.19
99.24
89.76
85.64
89.42
91.60
95.19
100.89
96.66
93.95
98.72
105.63
106.85
103.61
102.58
102.54
96.83
91.76
96.23
100.73
101.55
103.73
102.19
103.42
107.02
107.31
102.15
96.78
89.33
90.86
95.09
95.18
89.53
86.56
92.04
94.99
93.73
92.98
101.16
102.47
96.77
89.22
87.36
88.42
89.63
92.01
90.81
95.81
96.45
93.34
92.11
95.19
104.24
110.00
113.05
109.92
106.29
102.82
97.81
90.97
88.33
89.15
88.13
89.01
92.85
95.52
94.78
90.16
86.58
89.92
93.69
96.41
102.29
110.00
107.78
107.39
102.82
101.84
103.34
98.29
93.17
95.74
104.31
104.38
95.57
87.18
90.92
96.02