100.27
100.70
103.70
100.61
99.19
92.95
86.31
86.06
92.97
107.25
105.37
99.98
91.30
86.60
92.17
95.28
95.76
95.88
97.10
94.14
91.13
97.96
110.89
113.69
104.74
94.41
88.79
94.74
98.87
93.15
86.92
85.31
90.92
95.60
94.19
95.30
103.96
103.77
104.42
110.17
113.78
106.44
99.53
99.73
104.89
110.74
114.04
106.96
89.40
83.92
85.47
86.85
89.19
92.84
93.44
92.26
89.52
92.00
94.88
94.60
100.91
109.68
114.53
113.66
111.03
107.40
107.22
110.31
112.54
113.05
109.25
103.06
98.23
99.59
97.81
99.07
99.89
103.12
107.35
105.07
95.13
93.65
97.28
96.56
95.38
95.14
96.99
102.01
101.57
102.69
108.18
108.41
103.67
96.13
90.65
94.66
106.08
105.58
104.67
106.00
98.59
88.83
85.35
86.98
94.01
109.24
106.74
105.51
101.49
96.20
100.35
105.17
104.87
102.92
101.01
102.59
96.18
88.79
94.57
98.38
93.10
95.63
99.91
107.28
106.24
102.47
103.59
97.47
87.60
87.78
94.94
108.47
108.22
95.91
90.17
97.28
100.52
95.15
95.35
105.53
110.55
106.82
96.16
91.21