96.58
90.52
94.95
105.35
105.76
105.99
102.99
96.98
96.74
103.63
103.69
95.78
90.20
89.77
94.31
95.81
91.59
88.81
93.04
101.32
108.03
109.30
105.60
105.25
106.40
102.32
96.59
89.06
85.31
89.18
93.73
105.19
109.32
112.09
112.12
103.34
89.80
85.60
86.83
88.45
92.64
104.60
108.90
100.54
90.61
94.40
97.18
98.63
94.26
97.95
101.75
103.45
97.10
94.18
102.68
110.19
110.94
106.42
96.16
88.97
88.31
90.90
89.33
92.08
96.25
94.40
96.11
97.29
99.90
104.70
109.17
108.90
103.03
102.50
103.99
105.28
103.42
104.47
102.10
95.33
93.86
100.29
101.03
92.30
87.37
90.37
102.78
109.92
112.86
112.15
109.58
101.25
93.47
92.33
92.53
96.62
95.11
99.51
103.38
105.98
103.76
98.94
99.71
96.60
99.85
98.97
98.17
93.50
91.19
96.55
96.35
95.23
102.25
100.87
100.79
104.71
105.18
106.74
108.69
108.78
98.91
89.09
92.99
101.64
101.98
103.59
99.26
93.02
95.23
95.78
94.69
101.11
104.41
96.56
94.78
99.27
101.22
105.51
108.54
106.31
101.25
102.56
106.47
106.73