101.79
105.18
109.81
112.40
113.11
113.68
108.08
97.45
93.75
99.42
105.65
106.74
103.08
99.87
94.97
88.01
88.70
100.81
105.47
104.95
97.92
96.24
104.10
107.92
106.63
97.87
96.61
94.41
90.73
87.94
86.47
90.09
101.18
108.40
103.03
98.86
100.35
106.42
108.33
108.08
109.64
110.45
106.86
98.80
89.20
85.75
90.60
94.32
96.48
97.15
96.71
96.93
93.76
88.44
88.25
94.70
104.16
104.27
94.16
88.85
93.30
93.16
90.78
94.16
97.69
92.99
87.63
85.59
85.77
88.22
91.40
94.19
98.76
109.44
111.16
109.05
107.30
99.01
92.32
90.86
90.25
94.10
101.27
107.04
111.67
113.74
111.48
108.98
100.16
91.54
94.59
93.70
91.12
93.32
91.95
90.07
91.29
91.65
92.66
91.12
89.10
89.40
88.09
89.30
96.56
105.51
105.78
107.47
111.24
111.86
112.14
113.24
114.23
109.01
98.48
96.38
97.45
101.87
97.62
97.09
96.65
97.20
93.35
90.23
94.68
106.78
111.86
104.19
95.47
90.70
96.95
104.87
98.75
87.78
88.88
95.65
102.41
100.52
92.70
96.08
97.02
94.78
101.68
105.49