97.32
89.18
92.45
109.35
111.49
110.89
108.03
97.95
86.57
87.23
90.19
93.99
99.72
105.09
98.65
96.59
104.33
112.44
115.92
114.68
107.64
100.43
98.51
104.84
110.92
111.33
110.42
103.12
93.28
93.39
93.88
91.26
91.93
94.81
96.83
94.15
90.71
90.78
100.57
106.81
104.09
105.15
103.94
102.87
97.54
95.15
100.25
99.20
96.32
102.37
110.84
113.51
110.63
105.72
97.23
87.75
87.08
97.70
98.50
98.52
105.76
104.77
98.66
92.36
89.03
93.67
93.23
92.28
91.86
88.77
89.33
97.27
99.71
102.98
103.16
99.56
97.50
104.52
111.33
108.41
94.38
86.18
93.04
96.55
90.72
86.79
85.62
86.64
88.10
94.22
108.91
107.26
103.66
106.38
106.13
97.96
87.30
89.58
99.75
106.40
109.32
110.59
111.29
110.26
107.38
108.29
107.33
98.52
95.12
96.20
104.21
103.77
104.19
99.38
89.69
86.88
94.60
102.46
102.92
95.12
92.61
93.20
92.80
93.16
100.23
99.99
103.81
104.56
105.08
107.68
104.65
94.17
85.64
89.33
98.31
105.74
105.36
95.87
94.15
94.16
93.30
97.97
105.18
100.96