96.98
90.18
95.37
108.20
114.15
113.39
110.19
105.73
101.88
93.34
91.73
99.35
104.71
98.54
92.67
96.15
105.65
109.66
102.12
96.77
102.03
104.37
105.31
108.73
111.08
111.27
106.03
100.37
102.89
102.98
93.40
91.20
92.68
91.62
92.88
90.48
87.04
91.12
101.72
100.87
95.80
90.20
89.22
98.15
102.81
101.56
105.55
104.11
103.43
104.87
98.03
95.95
95.34
97.53
101.52
100.33
99.84
98.30
98.64
104.19
101.19
102.22
104.01
99.55
100.76
102.31
101.88
100.13
100.83
106.61
110.07
102.49
88.80
89.70
100.32
106.67
108.09
102.79
96.38
89.50
91.91
91.66
96.73
101.35
98.41
99.51
107.05
109.92
100.76
94.87
94.65
93.85
94.00
94.19
90.78
89.67
97.46
108.85
111.70
102.20
97.34
104.16
106.15
106.67
98.69
97.25
94.94
90.74
89.31
92.16
95.21
99.36
100.90
97.53
95.81
93.24
99.68
110.12
106.27
96.36
97.43
104.96
110.75
111.86
111.55
106.93
93.31
84.63
89.63
100.19
102.10
93.86
86.84
89.40
102.08
104.54
97.07
95.94
105.19
109.64
112.29
110.16
105.52
101.42