97.39
89.77
92.28
100.25
96.89
90.66
96.25
99.93
100.06
96.53
97.04
97.41
94.66
96.05
100.29
97.38
93.45
89.65
86.76
91.88
100.12
108.49
109.03
103.42
98.42
100.42
102.83
101.35
94.46
94.71
100.50
108.35
112.16
108.25
100.23
89.20
89.05
101.78
108.50
109.42
110.64
102.87
97.82
100.72
100.99
103.90
109.77
110.42
105.77
102.50
105.24
109.50
112.34
109.67
103.25
101.24
104.55
109.70
107.72
101.97
100.79
103.42
97.73
97.65
96.47
92.22
86.89
85.27
88.73
98.85
112.30
116.12
115.98
109.98
105.00
104.41
103.07
104.52
108.55
109.19
101.74
96.41
97.85
105.24
106.26
101.74
101.86
106.15
99.95
97.77
103.63
110.35
106.23
103.01
106.67
100.96
96.24
102.56
105.94
97.85
90.76
93.17
100.74
103.77
105.76
104.46
100.57
102.22
108.24
110.38
111.99
108.20
103.54
99.59
97.88
94.87
90.34
87.84
87.76
93.10
93.70
89.87
90.21
91.86
90.94
95.46
98.90
96.66
94.05
91.80
89.75
87.91
94.11
97.86
92.42
95.10
106.90
107.10
101.97
101.17
107.34
109.47
106.35
104.34