98.75
91.87
90.77
92.74
90.46
91.29
90.19
92.12
94.47
91.54
87.16
88.68
95.84
95.96
91.57
93.16
99.09
109.22
108.37
106.46
99.30
95.77
93.37
89.36
88.93
94.71
104.70
102.84
103.73
99.02
99.88
97.11
95.26
102.74
110.09
110.50
103.51
91.34
92.77
98.64
102.09
97.55
97.97
104.94
109.80
104.03
101.56
100.19
101.02
101.43
95.23
87.65
85.48
86.91
89.06
94.59
106.31
110.53
108.74
100.77
90.30
92.86
97.79
95.61
100.86
108.49
107.88
108.53
110.57
104.14
94.64
89.88
96.51
105.90
102.28
93.44
89.69
94.01
106.82
104.23
92.38
87.69
95.85
98.05
92.29
90.30
90.06
96.37
100.87
94.67
95.44
102.35
104.69
107.44
105.18
94.00
84.77
86.04
90.37
97.31
102.86
98.37
89.92
91.96
97.47
94.36
87.58
89.68
92.19
98.68
106.42
111.42
114.13
113.16
111.83
106.28
98.60
92.85
87.10
86.96
91.17
100.55
101.51
103.70
106.34
110.18
109.36
106.44
102.78
95.51
87.47
85.68
90.10
103.15
106.90
106.21
107.75
102.33
91.79
85.08
85.13
89.16
91.92
90.66