96.93
87.92
87.59
97.25
110.03
105.04
100.69
105.40
101.66
99.52
102.84
102.07
92.91
91.52
93.30
91.29
87.51
92.37
95.51
93.86
92.42
90.45
89.00
93.01
106.30
104.14
102.42
108.23
110.69
101.91
87.40
88.80
97.34
101.97
105.50
108.87
109.19
110.61
106.13
93.86
87.14
86.82
90.62
90.20
91.12
90.65
91.69
89.55
93.89
98.02
102.05
109.98
109.38
109.57
112.53
107.39
103.31
103.79
102.00
94.01
92.56
98.02
102.75
106.01
110.08
113.25
110.53
107.82
98.07
86.39
85.79
90.86
91.92
89.80
88.46
89.86
99.69
108.30
111.10
112.11
112.28
110.28
106.10
105.87
108.01
101.30
91.56
85.93
89.86
100.04
107.25
104.92
98.35
101.42
103.88
108.20
104.92
99.31
97.10
97.48
102.76
107.13
110.98
109.89
103.66
94.92
95.62
99.88
102.98
108.72
113.29
112.53
111.24
105.20
100.47
94.02
87.04
88.18
97.36
111.17
116.17
113.03
100.95
91.31
88.97
87.68
87.53
94.65
98.59
99.87
104.72
106.74
109.75
109.97
104.75
95.40
91.61
99.20
102.92
103.50
96.98
87.49
87.99
90.91