98.89
89.95
86.83
87.55
94.09
105.88
107.02
103.97
101.49
102.64
96.87
90.04
86.58
93.13
96.08
100.55
109.98
109.66
107.37
108.29
104.98
102.85
95.39
85.86
86.82
99.51
109.13
108.35
107.94
100.99
97.54
100.23
105.88
107.64
103.50
101.05
102.54
107.38
110.10
105.08
101.63
106.11
107.85
106.55
99.29
90.86
85.84
87.72
90.09
95.12
105.86
111.40
104.83
94.26
95.13
105.76
109.20
104.11
101.97
105.60
108.06
105.96
103.10
96.00
88.37
90.79
103.01
111.75
105.29
93.48
90.85
99.65
105.80
102.87
96.02
89.13
93.73
107.60
111.45
105.07
101.45
100.41
101.40
105.74
102.00
91.39
86.95
89.10
90.86
93.28
101.41
106.64
99.70
93.48
96.84
96.19
97.80
107.13
110.16
103.07
101.52
100.77
104.24
103.20
104.31
99.92
95.17
98.50
107.28
104.74
104.03
97.70
88.59
91.81
98.91
103.73
108.74
102.32
96.64
99.06
102.69
99.05
101.00
109.37
109.25
99.23
90.66
88.29
88.34
89.56
97.52
109.06
111.12
103.78
93.61
94.57
95.29
98.81
101.28
104.76
100.81
90.25
84.90
86.78