100.85
103.39
106.40
105.32
101.98
99.29
102.62
101.78
99.63
105.25
102.07
93.83
90.44
92.27
102.06
110.82
112.49
106.94
101.13
102.39
106.43
105.91
107.65
101.22
91.35
94.05
98.34
94.41
96.00
106.07
111.24
103.91
93.05
85.88
87.00
94.10
103.14
107.73
103.02
92.88
87.79
87.36
86.71
87.75
91.39
94.56
104.84
110.27
105.14
96.89
95.14
96.37
91.14
87.01
87.97
88.76
88.53
93.64
108.40
113.48
114.77
114.98
114.55
111.50
107.23
98.44
88.37
86.10
88.64
89.30
88.73
93.59
95.94
96.22
90.92
92.68
102.03
100.72
93.31
93.38
103.76
107.73
105.09
105.70
106.72
104.07
99.45
98.42
98.93
97.44
90.15
86.96
94.19
102.56
109.43
112.74
107.87
105.70
109.05
112.96
110.87
98.94
92.31
88.57
92.07
97.94
102.28
106.90
100.92
96.40
102.47
109.98
105.42
94.95
94.16
104.52
104.34
98.78
92.35
88.80
90.09
98.82
106.50
102.22
91.36
86.89
91.49
98.98
109.60
115.68
109.84
102.42
97.40
96.23
93.01
93.63
101.36
110.73
112.32
105.34
96.04
91.74
90.34
90.94