100.98
95.44
103.20
114.67
110.52
96.12
86.90
88.01
90.66
97.12
101.52
106.15
102.59
104.15
109.73
107.60
97.47
90.41
92.23
95.61
97.04
92.00
94.45
100.00
99.75
104.77
101.02
97.56
96.11
98.55
96.68
100.74
98.73
97.74
105.12
102.86
92.91
85.67
86.27
89.34
95.29
107.92
104.22
103.89
110.32
111.22
105.74
93.55
90.62
101.17
111.59
115.40
107.74
89.48
86.69
94.21
94.95
93.47
90.23
95.36
99.95
94.49
91.66
94.23
93.16
88.67
92.00
104.96
115.10
116.31
114.86
111.02
98.39
93.06
101.01
99.07
95.15
98.91
107.07
102.21
93.03
86.92
85.85
88.92
91.59
91.26
95.57
94.19
88.39
89.60
91.49
90.47
87.48
91.62
104.33
106.32
102.04
100.50
98.29
101.18
103.63
105.27
107.74
102.24
98.50
93.68
88.21
87.54
90.24
97.77
100.29
93.72
95.53
102.12
97.95
93.68
94.87
100.51
105.99
103.43
100.74
94.89
87.89
90.41
97.27
99.48
103.23
110.67
114.17
108.81
103.65
94.98
88.47
87.34
88.80
89.61
91.56
94.65
93.07
89.21
89.03
91.34
101.98
114.65