101.96
100.31
97.69
102.97
110.95
115.03
111.51
107.73
98.76
87.14
84.94
85.68
89.57
100.72
104.44
98.81
95.57
94.66
94.67
96.20
95.13
92.23
93.88
104.45
103.95
94.00
86.24
91.28
99.12
106.66
101.81
95.57
93.04
99.80
107.68
111.66
109.88
100.30
87.03
83.30
86.94
93.44
98.59
108.35
105.68
96.27
89.14
90.10
95.01
101.06
106.24
104.48
101.15
95.33
89.88
89.92
96.77
103.13
104.34
108.46
111.87
106.80
104.51
103.73
97.23
91.57
87.58
88.90
98.10
108.27
111.28
103.58
90.32
91.74
104.60
108.37
103.94
99.42
91.25
90.02
91.56
92.50
95.69
105.89
106.11
108.04
103.78
101.76
100.68
96.96
90.87
90.31
96.60
107.30
110.74
109.87
99.64
93.48
99.75
105.18
103.13
93.92
88.54
91.19
97.22
105.90
113.15
112.12
102.11
87.58
87.12
100.19
106.14
99.79
91.39
88.55
88.43
90.74
98.44
110.70
105.93
94.56
88.42
88.36
93.99
93.90
90.11
89.61
93.63
92.95
91.87
99.75
103.40
101.29
95.72
97.58
105.43
103.86
103.82
108.97
111.82
112.53
111.89
109.73