98.24
90.99
98.47
115.11
114.01
107.11
103.03
104.20
106.94
110.65
107.20
98.92
89.39
92.55
96.45
91.81
92.20
97.16
103.80
106.71
99.58
97.77
103.04
101.76
94.61
92.32
98.34
108.07
107.59
103.72
101.59
99.62
92.69
89.71
95.46
95.68
88.97
85.08
88.68
92.03
100.01
112.42
113.72
108.41
106.03
108.21
107.69
100.85
92.35
89.31
87.73
87.74
89.08
94.28
105.95
110.83
101.92
96.03
102.31
99.47
96.45
100.52
100.86
103.20
109.07
109.33
99.65
95.06
102.55
105.63
105.57
102.66
104.27
101.91
94.03
86.40
90.38
103.34
107.81
104.58
94.17
87.25
93.37
95.73
92.67
88.45
94.24
95.22
100.51
100.13
91.93
92.08
95.07
93.97
94.55
102.52
105.55
102.29
97.60
94.01
97.24
94.89
91.52
88.41
89.93
93.18
96.74
102.78
110.75
109.74
108.61
104.13
98.54
95.43
97.26
101.66
105.65
100.62
93.67
87.38
85.29
85.91
88.54
90.74
99.52
107.29
108.29
98.86
89.88
85.90
88.54
98.39
112.86
111.79
98.25
87.39
88.87
92.40
89.62
90.37
93.80
97.36
94.45
98.16