97.82
90.65
94.22
101.15
110.08
111.53
110.97
102.52
91.53
88.79
87.90
86.30
87.01
92.64
106.30
113.35
108.83
103.91
105.30
108.29
103.66
95.91
94.39
94.14
91.47
93.42
102.45
112.58
107.41
94.49
88.03
93.68
99.34
97.46
92.42
90.57
93.93
91.96
89.72
91.26
102.30
107.29
99.41
89.13
88.57
95.05
106.92
114.09
107.25
92.73
90.27
89.84
89.51
94.25
102.72
107.67
102.52
97.45
101.28
108.25
102.53
96.23
97.80
102.72
108.50
106.83
94.66
87.62
92.09
93.22
91.76
90.03
91.25
101.16
111.22
110.84
104.62
101.37
100.86
96.52
98.73
104.46
108.22
105.12
101.11
93.07
94.30
94.33
89.82
92.50
93.38
95.71
104.95
107.43
101.79
101.76
109.31
110.05
105.38
93.03
86.99
90.64
94.67
95.94
103.50
107.05
103.10
98.46
97.85
102.36
100.41
92.25
86.28
86.07
86.41
87.62
96.66
102.01
105.07
109.72
106.52
100.49
98.25
91.99
90.78
98.82
98.29
92.22
93.04
101.21
103.72
104.63
103.79
94.85
86.21
89.99
97.75
105.31
103.00
101.01
106.51
106.62
101.15
97.57