98.16
91.55
92.03
94.13
96.32
100.11
106.73
105.44
101.69
97.96
96.67
95.59
90.65
92.00
95.03
98.32
96.22
99.88
102.58
96.26
97.01
107.20
109.77
102.96
99.94
96.28
98.86
103.55
106.71
104.55
94.27
88.62
95.40
96.07
93.03
100.18
98.98
101.28
106.27
109.75
112.17
111.13
109.37
100.17
89.38
90.91
92.27
94.16
95.09
99.22
95.59
94.94
102.20
110.44
110.27
103.54
90.76
90.96
102.03
102.88
99.44
100.36
104.86
102.86
102.92
107.60
111.45
112.44
103.96
89.66
89.55
103.27
113.16
111.33
104.85
97.02
92.98
90.56
87.17
91.11
103.42
114.11
114.11
112.80
112.37
113.16
111.54
100.67
88.01
84.56
90.97
100.39
109.57
114.20
108.33
103.38
106.56
106.69
106.18
107.58
101.20
94.92
97.69
105.61
110.93
107.59
97.84
90.32
93.34
106.36
110.08
107.17
98.75
93.10
90.48
96.62
100.66
96.90
95.58
101.23
100.58
99.28
102.14
107.84
113.06
109.10
97.10
88.59
90.72
98.20
105.77
109.72
108.54
100.09
92.67
87.15
85.05
86.73
91.32
100.57
107.76
112.89
114.77
106.15