97.72
93.22
98.13
106.56
103.13
103.61
102.88
104.40
105.53
104.72
104.96
101.25
102.15
104.89
106.82
104.95
96.76
89.40
87.56
92.07
99.26
95.70
89.67
94.71
98.82
104.76
104.23
103.70
107.49
108.18
98.12
88.79
90.31
100.32
110.30
105.87
92.85
90.19
89.93
92.53
93.63
91.23
94.16
104.89
104.23
102.23
98.39
98.16
104.29
105.86
106.36
103.20
92.63
85.50
84.34
89.28
99.13
100.11
95.11
93.21
94.23
94.87
100.81
97.47
99.35
103.24
107.75
102.17
96.37
95.26
100.42
103.43
106.09
105.80
106.36
105.83
101.50
91.76
88.49
88.91
92.31
92.19
97.13
96.96
91.09
87.65
91.78
101.03
111.75
111.45
101.52
88.47
83.79
86.30
91.34
102.57
102.51
105.04
110.91
113.96
109.92
100.87
98.21
93.59
92.84
99.29
102.43
95.96
87.07
89.60
95.45
95.55
90.00
88.98
96.08
98.59
95.97
92.60
93.36
91.22
87.51
87.54
91.16
101.61
109.64
111.14
107.24
104.44
103.08
106.58
106.57
97.03
86.14
84.78
89.06
91.97
91.85
95.78
106.78
112.22
108.86
108.31
103.73
91.10