99.04
93.32
91.25
89.33
86.97
86.00
87.24
91.66
93.78
93.82
90.76
94.76
96.55
101.38
99.62
98.99
95.22
92.44
97.42
97.15
94.71
99.16
107.41
104.47
93.95
95.15
96.26
101.68
108.67
111.08
103.12
99.31
105.01
107.27
103.64
95.83
89.69
93.62
97.39
102.97
100.41
91.28
87.91
96.35
106.51
113.43
115.36
115.13
114.07
104.07
86.95
86.38
95.83
101.02
107.51
111.34
111.02
103.77
94.99
89.62
86.40
86.23
89.84
90.63
90.10
94.83
106.92
111.36
102.04
92.40
89.26
88.78
87.64
90.50
92.71
94.33
98.21
100.61
98.23
100.36
98.31
90.06
86.41
90.84
103.96
115.10
117.57
113.02
97.59
84.65
85.01
95.22
99.06
100.17
98.15
96.91
100.88
100.81
102.59
103.33
96.89
98.74
107.98
106.79
99.75
100.80
106.23
100.58
92.33
87.60
87.47
94.51
108.84
113.33
113.35
109.44
98.42
90.12
93.07
92.31
95.18
97.92
92.51
94.41
101.26
103.92
95.58
88.02
93.53
95.75
93.05
91.68
91.71
99.27
104.50
103.84
98.48
99.16
103.43
109.07
108.42
97.37
90.18
88.71