98.90
97.90
102.20
96.88
94.82
100.48
100.51
103.64
107.45
101.00
93.06
88.21
88.78
96.86
106.00
109.49
109.44
103.47
93.32
93.47
92.91
90.76
87.98
87.00
87.01
90.86
99.54
98.30
100.38
108.29
108.34
97.62
91.40
88.47
93.71
102.82
110.21
104.63
101.59
106.80
102.32
99.71
96.16
97.08
103.66
110.84
107.24
101.82
105.30
106.16
102.51
104.52
103.42
96.63
90.27
95.92
107.24
110.08
107.81
106.55
103.37
96.09
87.55
86.99
92.37
104.36
107.97
99.26
98.54
103.46
100.61
97.19
97.34
103.06
110.92
113.46
105.47
99.45
96.86
93.87
97.01
96.83
96.58
91.77
86.26
86.90
94.68
109.93
115.91
114.80
111.89
106.66
101.91
100.97
104.31
104.18
103.33
103.14
95.33
88.84
92.70
92.60
97.47
98.61
99.87
94.66
98.27
108.34
109.51
100.74
94.34
101.46
109.66
112.66
112.52
109.33
104.09
97.27
94.35
90.48
88.53
88.58
89.28
88.02
89.67
99.01
106.98
108.13
98.79
97.38
100.13
102.68
99.01
95.64
97.68
102.19
107.81
105.41
95.45
87.87
93.35
107.00
107.60
104.18