98.65
89.56
89.50
101.37
115.36
118.44
115.45
107.45
93.00
92.16
94.28
96.73
102.13
108.19
111.07
112.82
112.46
112.44
112.47
110.17
109.55
107.93
97.45
90.78
96.58
100.88
101.20
95.93
89.31
85.43
89.71
100.09
103.59
103.61
106.46
110.16
107.87
107.61
109.86
105.88
103.15
106.27
109.87
103.41
98.68
99.47
104.30
100.47
96.86
100.88
107.73
108.50
101.08
88.90
84.47
84.76
86.97
95.49
108.51
114.32
111.36
104.19
98.89
98.35
92.52
86.71
90.78
92.28
89.90
87.32
89.29
94.37
100.66
100.96
106.05
103.78
94.83
96.45
103.75
109.72
111.73
109.52
103.23
99.95
98.56
93.51
97.24
96.10
95.65
91.88
89.37
94.84
102.10
98.23
88.99
90.23
90.78
92.74
92.02
93.46
99.37
104.50
110.86
114.35
113.84
103.19
93.56
92.46
91.37
91.65
93.35
100.08
103.18
104.90
101.69
93.22
85.94
89.58
101.96
111.07
115.13
110.15
99.38
92.30
89.37
86.86
90.65
104.10
110.08
106.51
94.17
89.62
93.10
93.19
98.21
107.59
111.00
106.03
104.83
109.60
105.52
101.76
102.08
101.51