100.16
97.06
99.31
100.86
104.62
105.41
96.65
87.93
90.42
92.22
88.99
90.51
100.49
109.52
110.23
103.29
98.90
103.62
106.65
106.96
108.34
106.26
102.54
92.76
93.70
101.34
98.86
91.63
86.78
90.09
90.82
93.90
103.31
104.27
100.47
103.10
104.89
107.84
110.47
111.92
104.14
98.08
91.93
92.18
99.57
101.70
105.90
105.05
105.56
109.19
109.71
107.96
108.93
108.07
105.23
102.01
101.24
96.28
93.03
90.27
96.71
101.58
104.59
104.29
98.18
97.77
96.65
96.41
103.71
105.02
99.00
94.86
95.36
101.25
97.90
99.07
103.88
105.26
100.13
99.61
96.58
89.33
84.90
87.15
89.34
89.05
90.08
90.62
91.86
91.09
98.87
98.56
96.24
99.98
105.43
110.45
114.14
115.69
107.86
97.79
96.99
93.94
93.59
91.13
89.46
89.34
92.77
102.55
99.88
96.85
96.17
96.43
94.68
91.81
94.44
99.39
99.00
93.45
90.20
87.54
90.99
99.74
99.79
104.01
110.66
105.14
90.59
90.57
91.64
93.56
99.96
103.38
107.92
108.63
100.31
97.99
105.02
103.39
97.23
94.39
91.16
94.86
95.35
89.48