96.42
90.09
95.97
99.97
103.86
106.69
102.65
91.94
89.50
98.63
103.21
103.76
107.45
104.64
94.45
89.42
88.83
89.03
90.19
95.63
97.27
95.31
91.42
97.36
105.12
102.30
103.80
110.26
110.04
109.01
103.86
101.59
100.20
94.70
87.41
90.26
102.81
107.47
105.21
95.26
86.96
84.63
85.18
90.16
98.73
109.57
113.93
115.34
115.43
109.08
100.55
97.48
96.15
99.89
98.68
96.56
102.21
108.80
105.07
98.69
98.72
106.35
103.95
94.00
88.76
88.02
87.63
91.19
93.09
95.61
103.78
113.07
115.60
113.07
104.96
96.35
98.64
108.15
105.50
102.01
95.16
92.10
97.84
105.80
100.29
88.90
85.22
91.58
96.82
93.92
87.84
88.28
92.89
101.35
109.29
110.69
108.46
107.29
102.45
92.09
86.34
92.90
103.35
109.55
104.94
92.47
89.06
90.05
89.50
89.08
95.59
105.58
104.30
106.31
106.07
106.95
102.24
92.66
93.00
95.77
94.43
94.92
92.55
88.12
85.59
87.68
98.96
104.09
98.21
95.58
92.03
88.83
89.55
94.57
106.35
108.97
107.74
97.73
91.96
92.15
94.33
94.77
90.96
93.51