100.15
98.50
105.56
101.97
95.71
88.75
88.51
94.48
105.83
112.60
115.45
113.49
109.38
104.71
106.18
104.90
99.30
95.61
93.52
95.66
96.45
102.24
111.15
108.91
106.70
103.81
94.17
85.05
85.14
88.71
96.07
107.61
103.58
92.42
91.61
95.70
99.08
98.48
92.24
91.18
91.92
96.00
102.67
99.31
92.00
87.18
85.71
86.20
87.60
87.66
92.76
107.07
115.68
111.01
99.32
88.64
89.64
92.72
91.72
88.30
86.85
90.63
99.29
108.06
110.90
111.39
102.99
93.02
89.26
94.34
102.69
110.16
106.51
102.93
102.89
98.20
94.93
98.11
102.62
108.67
110.43
100.76
91.06
92.41
99.36
99.49
94.79
90.32
93.20
95.17
98.20
103.36
98.19
90.50
95.79
108.87
106.41
105.42
110.28
113.95
107.18
92.04
83.64
83.60
85.22
85.53
85.87
88.82
95.92
109.50
113.78
110.17
105.29
95.55
86.47
84.16
88.25
96.08
101.19
99.09
102.29
101.55
95.53
97.30
98.61
96.04
97.54
94.88
94.97
99.92
100.89
93.06
91.68
95.82
103.31
106.54
99.96
90.90
91.57
102.43
107.26
107.18
99.66
88.77