102.96
98.27
95.09
91.01
93.54
98.98
105.99
102.35
101.33
97.04
96.56
104.60
106.34
98.97
97.30
101.04
98.11
92.00
96.53
109.43
106.89
102.55
100.24
100.34
106.65
109.95
111.87
107.24
100.74
99.95
103.90
98.59
88.04
84.03
88.72
98.25
101.20
93.68
95.92
95.98
97.13
96.15
98.66
107.65
106.14
106.45
109.20
111.09
111.79
106.62
102.04
98.57
103.00
107.75
111.16
109.50
100.11
89.19
87.30
94.11
95.48
94.99
97.18
93.46
90.98
92.50
96.98
95.72
91.08
87.51
85.79
86.74
87.56
87.64
94.31
112.42
118.47
115.54
105.64
98.43
102.37
107.12
107.84
108.89
105.06
93.04
92.42
105.26
109.45
108.44
97.95
85.57
84.37
90.72
99.21
104.57
102.29
97.40
102.45
111.98
113.47
112.09
105.76
92.03
83.88
83.57
84.66
87.27
94.36
102.70
107.56
109.02
104.94
93.06
84.49
84.01
88.69
91.68
92.41
92.19
96.39
98.44
95.22
95.78
102.73
100.30
100.94
108.75
114.08
109.82
97.60
86.52
87.62
90.85
91.31
90.00
89.84
91.28
95.25
102.33
98.81
98.28
95.71
89.59