96.92
91.34
97.84
110.12
112.88
107.13
101.52
104.93
110.86
111.68
112.00
112.68
112.32
109.88
100.16
96.18
104.80
103.45
98.86
94.46
93.02
99.14
96.81
96.81
102.79
101.18
103.11
101.91
104.33
100.83
97.90
95.91
101.47
103.45
102.08
104.09
101.93
102.62
102.73
103.19
105.06
101.27
90.19
85.83
89.78
102.62
114.24
112.97
109.69
110.59
107.09
103.57
99.18
90.24
92.43
105.63
104.76
102.36
97.34
100.50
98.95
93.25
90.59
89.62
92.79
91.96
95.09
104.49
111.73
113.79
114.57
113.36
103.03
90.52
92.76
103.15
107.14
102.37
91.41
90.90
98.38
103.18
107.02
109.42
101.93
90.21
86.27
91.10
92.14
89.33
88.72
95.14
110.29
111.85
101.27
98.29
103.54
101.96
100.30
103.87
110.56
112.07
111.10
108.64
105.84
103.30
99.09
90.67
87.37
95.03
108.47
114.91
116.71
113.45
102.87
94.94
100.97
106.82
108.84
100.43
94.56
92.57
88.00
89.56
90.34
90.80
89.52
90.82
100.36
104.96
98.09
89.43
86.64
85.92
89.50
102.58
116.49
111.47
94.57
84.09
87.53
91.59
95.57
92.78