97.06
87.54
88.51
92.28
94.85
102.03
106.45
104.19
94.85
93.32
96.08
103.96
106.33
109.68
107.60
107.64
102.67
98.54
102.79
109.87
113.85
113.19
111.28
110.47
109.55
110.28
103.40
91.98
89.65
91.05
97.59
98.87
94.35
99.16
103.57
97.73
90.30
85.93
85.13
86.35
92.30
110.54
114.63
114.47
113.49
108.54
97.35
88.67
85.43
87.79
96.81
104.16
103.42
107.20
106.91
105.62
97.68
98.06
102.32
96.90
92.46
88.97
94.73
100.14
102.61
108.38
113.13
114.23
110.77
98.95
85.73
86.72
96.88
97.29
101.22
98.90
99.59
100.80
101.72
99.64
101.29
98.26
90.09
86.71
89.29
95.93
104.95
102.05
100.05
106.29
108.49
109.64
104.93
96.83
95.18
102.02
106.65
105.05
97.25
92.28
92.75
98.81
101.84
96.49
90.67
92.91
95.73
100.62
107.18
102.69
99.99
104.68
111.29
109.30
102.32
99.49
102.65
97.62
89.38
89.62
98.36
110.39
111.07
100.48
96.60
100.22
102.56
106.97
107.59
104.35
94.38
85.66
88.12
96.14
105.38
105.26
102.70
94.00
92.49
100.10
107.17
101.64
94.30
98.54