101.89
103.42
112.79
116.53
115.27
105.22
94.24
98.15
105.47
104.05
102.60
104.61
104.38
96.08
90.63
96.70
97.99
99.48
101.98
101.43
105.73
105.00
99.07
90.17
85.34
85.79
91.82
102.83
106.24
104.41
104.29
99.10
94.82
93.26
101.40
109.11
111.66
105.14
102.65
98.42
90.21
92.36
105.90
114.70
116.02
114.30
104.73
89.78
87.04
89.57
90.75
98.88
101.34
102.24
103.45
108.54
106.85
104.58
97.79
95.20
99.47
108.22
113.92
109.08
101.72
100.79
94.94
88.59
90.02
90.91
96.02
106.29
107.84
103.78
94.69
93.89
92.06
96.17
100.15
98.35
94.09
90.30
88.65
91.03
90.03
89.18
88.51
89.06
91.72
98.61
106.12
108.92
112.27
113.85
108.69
94.15
85.25
88.51
95.03
103.64
106.70
106.67
105.79
99.91
95.56
96.53
105.47
104.89
104.89
106.08
97.58
89.50
86.04
92.32
105.16
111.74
106.94
105.31
103.77
101.89
101.36
96.31
88.24
85.10
85.08
85.13
87.77
91.93
101.05
110.32
111.46
112.29
108.31
97.19
95.20
103.98
106.08
101.41
93.62
89.28
94.94
107.30
105.45
102.16