96.45
91.00
98.13
108.53
109.98
101.41
97.97
94.91
93.77
101.10
111.35
114.61
105.94
88.90
87.19
90.38
90.62
88.17
88.86
88.19
94.34
95.49
102.78
104.10
108.09
105.34
99.40
90.58
85.86
90.06
93.83
100.71
97.45
90.83
88.55
92.35
103.28
105.69
108.92
108.76
109.76
105.71
92.38
85.92
89.98
99.55
104.32
101.52
91.77
86.33
89.61
93.98
96.38
92.68
87.83
89.51
95.71
95.95
90.20
86.74
91.97
98.87
109.05
108.52
109.06
112.08
110.23
103.61
90.67
86.56
87.50
87.76
88.36
87.86
93.76
95.21
91.19
90.72
101.13
108.08
102.81
96.20
96.58
94.60
92.21
98.63
102.33
94.93
89.30
94.53
98.75
92.90
94.99
100.64
100.16
100.34
105.43
109.64
105.32
98.29
92.91
95.40
105.09
111.27
107.83
106.26
100.51
90.84
86.67
88.81
92.96
92.79
88.79
86.11
91.00
104.63
115.25
116.77
113.56
102.16
86.88
84.61
86.82
89.74
90.35
93.47
93.65
92.54
92.77
91.17
89.67
87.67
88.33
88.43
94.36
102.09
102.67
103.61
109.43
109.71
103.96
94.66
93.56
92.81