102.78
103.78
107.98
104.29
100.77
100.24
96.62
95.50
100.47
106.31
111.32
113.91
108.46
101.04
101.61
100.45
96.57
93.94
100.41
108.93
111.71
110.20
103.17
98.85
94.46
95.59
96.07
93.29
96.16
94.40
88.45
88.09
91.10
89.92
93.23
105.40
109.15
109.56
110.22
108.41
108.97
111.53
110.03
104.58
100.55
98.23
90.57
84.52
86.27
91.27
92.54
89.36
92.21
103.92
106.15
96.46
89.41
87.26
91.31
102.77
108.50
111.48
109.99
99.75
90.09
85.68
90.19
103.20
109.44
111.20
113.14
112.47
107.92
103.96
97.65
95.15
100.72
104.14
100.75
91.58
87.73
87.34
92.90
99.70
101.77
98.12
95.84
96.88
92.98
92.94
100.45
109.38
111.81
106.33
101.74
103.12
106.19
106.82
106.83
105.33
97.52
93.69
96.30
101.07
104.68
106.76
99.89
98.12
97.06
98.47
96.26
88.77
87.79
91.74
102.72
102.68
93.40
90.22
97.66
101.52
102.96
103.51
96.48
89.51
91.45
99.40
106.87
107.07
100.55
93.25
90.62
90.34
89.60
87.56
87.93
95.53
97.15
92.08
87.52
86.09
89.11
93.74
96.29
95.23