102.57
101.16
96.02
90.45
92.34
102.23
109.79
107.10
105.17
98.58
96.14
101.36
109.36
106.11
97.67
89.68
86.78
88.66
99.36
103.04
98.94
90.07
85.29
85.39
91.16
95.36
92.62
89.65
87.64
88.37
96.22
97.15
101.77
106.96
106.85
107.91
103.02
98.15
96.77
91.76
87.98
95.33
97.17
94.65
90.95
92.00
100.98
108.27
103.81
91.82
88.20
87.86
88.02
87.83
89.72
101.05
104.54
98.19
95.37
101.14
101.18
94.76
95.15
94.59
89.32
87.48
93.91
98.89
103.59
98.21
90.77
89.68
91.21
90.03
91.01
98.67
97.51
92.73
91.49
93.10
90.25
94.66
102.11
109.08
104.21
94.47
90.77
98.77
105.40
110.95
107.45
106.28
108.94
104.52
98.84
98.49
92.93
90.66
100.34
110.94
112.58
108.40
98.94
97.55
102.25
97.07
96.31
95.27
89.28
91.46
105.11
111.14
106.43
94.31
87.50
86.54
91.12
93.59
100.17
103.21
95.72
90.16
97.47
98.32
96.10
93.57
91.65
91.98
91.45
96.87
103.55
106.18
98.25
86.92
88.57
92.07
96.75
97.40
91.76
90.88
88.95
94.16
108.81
113.76