101.38
99.44
95.68
90.53
90.99
90.39
92.79
104.87
112.96
107.36
98.03
88.48
89.04
101.78
108.01
109.12
104.99
101.32
95.83
97.67
103.53
98.09
90.71
90.52
91.51
91.30
91.91
89.62
92.25
92.61
96.71
96.30
98.09
94.34
90.43
89.86
98.26
102.55
104.31
102.85
95.54
97.74
106.35
101.36
89.34
91.65
99.59
100.44
102.79
106.10
98.68
92.62
94.40
93.67
90.48
88.85
88.67
90.20
96.10
104.33
107.38
104.25
100.28
91.74
85.83
88.66
91.84
92.35
100.85
108.50
111.15
109.18
105.09
105.81
99.30
91.79
88.48
90.12
89.77
87.23
90.19
93.11
94.23
97.11
101.54
104.84
108.45
109.95
108.11
97.20
92.51
98.43
108.48
103.78
100.29
94.21
88.01
86.91
93.45
99.90
101.71
105.83
102.12
91.74
86.51
90.58
104.98
110.64
105.00
103.75
101.05
102.87
101.01
93.41
88.34
85.87
87.66
97.63
110.68
114.61
107.36
103.22
104.34
108.79
104.02
96.73
99.56
109.45
107.84
106.36
99.72
97.28
105.28
111.26
113.20
112.65
102.96
95.30
101.34
99.85
96.83
95.30
93.30
100.06