98.12
93.05
95.83
106.96
108.39
110.07
113.34
110.89
97.28
85.13
87.27
101.94
111.49
111.19
109.06
106.17
99.12
88.12
89.28
95.95
94.08
88.04
85.91
89.99
97.87
104.02
98.70
89.50
87.61
89.70
95.66
97.04
102.59
109.58
111.95
111.04
110.38
108.11
100.61
88.39
85.07
90.80
103.59
113.75
112.81
111.88
107.94
104.14
98.66
98.51
98.38
100.49
97.19
98.97
103.90
109.20
113.03
114.52
111.56
106.33
105.55
103.13
96.50
90.03
89.53
94.70
93.34
98.94
105.80
104.72
98.20
100.98
99.09
98.41
94.11
95.36
93.26
97.61
103.24
103.13
97.36
89.60
85.12
86.05
87.92
95.44
107.43
105.73
100.00
97.08
95.33
92.69
94.78
97.17
96.38
99.28
98.41
94.33
94.48
95.08
96.17
101.19
109.80
106.69
102.97
97.45
91.34
91.73
97.08
101.33
105.23
111.11
105.24
89.65
87.31
94.63
98.61
96.51
94.75
98.92
96.15
95.20
95.84
95.52
100.35
108.94
107.08
96.49
94.37
99.88
106.36
105.52
94.25
85.86
87.10
94.71
102.79
100.15
102.71
99.92
96.37
97.84
97.63
103.53