101.35
94.79
90.97
88.26
88.71
92.88
92.56
94.32
94.83
101.84
99.42
91.57
86.77
86.28
91.10
94.49
100.84
101.24
101.39
103.43
98.63
92.30
92.51
90.63
92.67
103.05
113.01
115.14
114.84
111.99
106.76
100.90
98.47
101.90
103.60
106.73
103.93
97.90
100.72
103.47
98.12
92.74
93.19
94.93
103.28
103.49
103.68
103.80
105.73
101.24
95.85
100.30
105.60
109.13
110.84
111.41
108.28
100.86
97.34
100.09
97.16
95.84
102.20
102.78
101.21
104.66
99.44
95.52
91.38
91.68
93.36
99.53
106.68
111.59
106.31
100.47
98.32
101.10
105.95
102.20
92.42
88.44
87.81
89.38
91.59
93.73
97.70
103.26
109.98
113.78
111.76
102.85
93.82
95.70
98.16
95.83
101.38
100.92
93.45
89.57
91.32
100.44
103.57
94.97
94.89
105.88
111.03
113.39
107.47
98.25
90.47
93.96
95.44
92.04
91.99
92.08
95.01
93.30
95.29
98.49
99.68
93.35
94.17
105.35
108.83
103.45
94.19
89.85
97.94
102.42
100.52
102.64
103.70
100.14
101.44
97.33
99.47
102.56
105.51
104.52
96.94
94.42
90.45
93.43