98.01
95.03
109.78
118.57
117.95
114.70
108.60
100.15
97.90
100.54
96.69
93.34
92.73
97.57
97.64
101.16
106.69
110.68
111.81
109.40
102.44
91.26
85.30
90.92
107.18
108.94
104.67
103.35
105.99
108.59
109.29
105.52
95.08
94.53
92.76
97.01
99.98
98.34
99.60
98.29
101.07
105.60
110.12
112.70
112.53
104.26
97.45
99.30
102.43
106.01
110.97
113.33
114.00
105.27
95.27
89.53
90.84
90.57
95.08
96.61
103.86
102.96
93.01
88.36
97.01
98.50
99.77
104.54
99.14
88.57
87.38
87.71
91.54
99.64
106.84
110.22
104.43
95.94
93.31
98.47
103.35
108.95
111.59
104.70
90.88
88.38
99.76
109.37
109.80
104.60
104.11
102.51
100.66
102.95
107.09
111.17
113.54
109.72
102.17
102.47
107.79
107.40
98.72
86.86
88.33
101.62
109.68
103.55
99.92
101.80
107.45
103.51
102.95
101.90
101.91
101.02
93.91
86.59
87.73
94.30
105.31
106.28
106.79
102.45
100.47
93.55
94.69
98.91
97.34
99.33
94.66
93.78
103.52
112.91
109.42
106.66
104.58
102.12
94.60
89.59
91.22
89.64
87.81
92.29