97.34
92.75
100.60
100.15
99.41
95.02
93.17
94.38
90.70
86.83
86.99
86.88
86.86
87.80
89.16
92.36
99.60
108.11
103.42
100.32
102.97
105.91
101.50
100.19
102.15
107.73
103.05
98.08
100.69
100.98
95.96
98.90
101.41
104.70
104.41
96.99
91.93
89.46
90.21
93.44
96.44
98.24
98.96
96.64
99.48
100.62
95.91
96.66
98.23
100.32
106.26
102.92
92.99
87.92
91.45
103.76
104.32
97.94
93.63
96.81
104.90
105.42
99.22
90.18
86.93
88.89
92.63
94.53
101.30
109.68
104.39
95.51
87.49
88.74
96.73
97.54
96.75
94.01
96.96
101.50
108.12
107.00
97.23
87.06
84.85
85.80
91.36
98.02
97.90
91.47
92.72
95.33
103.65
110.52
107.20
93.56
90.13
92.14
90.93
88.14
93.98
109.33
113.21
105.16
96.54
89.87
85.93
85.78
87.22
95.59
104.86
99.47
93.30
93.14
98.20
98.67
98.18
96.75
101.35
110.20
107.11
96.47
96.65
105.48
112.71
111.99
107.73
106.47
104.00
104.25
106.78
106.94
104.46
99.08
90.94
93.86
105.17
102.90
102.05
108.35
113.13
113.29
108.97
96.21