100.23
95.91
92.85
94.16
102.81
108.11
110.56
106.94
99.95
91.20
86.01
85.05
86.12
90.59
100.64
110.48
113.14
109.76
104.15
101.96
105.90
111.31
112.72
110.57
106.29
95.03
93.07
95.80
102.08
108.95
103.92
96.55
94.58
93.00
98.59
99.51
101.91
97.91
88.59
85.62
88.96
98.59
109.81
111.29
112.28
107.54
98.15
94.88
95.78
103.20
99.89
89.65
89.89
93.33
92.94
93.63
102.04
110.64
109.03
97.33
86.30
88.25
95.41
95.41
101.40
98.22
91.12
92.20
94.17
95.33
102.23
111.13
110.04
103.30
102.70
102.07
93.58
87.07
86.09
90.30
100.48
105.60
109.03
110.28
106.11
101.32
102.71
100.02
90.62
86.86
92.74
94.23
94.39
97.18
96.91
94.10
96.00
97.50
96.28
93.19
98.36
105.45
100.58
91.52
91.99
94.19
95.76
100.71
102.47
104.08
106.18
110.58
109.81
101.62
96.81
97.97
96.78
91.77
91.11
97.30
101.20
97.60
97.76
101.05
104.18
100.40
100.99
99.66
97.72
101.66
102.05
103.80
105.07
107.80
111.73
106.82
95.81
92.72
89.73
89.75
93.82
105.53
103.27
94.66