96.85
91.70
95.32
105.20
106.11
100.24
99.39
95.34
89.42
86.11
89.46
98.96
99.94
92.46
93.11
99.43
109.11
113.75
112.07
101.67
88.79
90.83
101.03
97.52
88.14
87.37
89.61
96.09
105.10
102.66
100.68
104.02
107.69
108.21
107.60
100.59
91.55
93.63
103.16
109.76
103.25
96.76
94.60
89.96
93.43
101.51
107.83
106.18
101.31
101.02
99.68
94.91
94.34
100.85
98.35
91.20
88.10
90.44
97.99
106.31
113.22
109.87
106.87
108.05
110.44
103.24
88.43
84.50
91.93
100.65
102.83
103.75
98.47
94.58
92.76
90.09
87.42
90.77
92.55
93.48
102.76
111.61
105.54
98.32
96.29
95.21
96.15
99.37
104.82
105.93
100.01
101.47
105.91
109.13
111.65
113.08
105.50
97.72
101.87
99.19
99.06
94.24
94.36
98.95
97.86
100.81
97.61
91.53
89.49
88.59
88.36
94.07
99.38
106.99
110.44
106.72
106.65
105.49
99.76
100.08
100.80
95.42
95.56
95.05
95.21
99.46
97.57
89.63
85.90
90.41
101.12
109.61
108.78
97.23
94.96
97.51
102.88
104.27
105.10
102.53
95.22
92.31
93.28
101.65