99.10
94.84
99.01
102.42
96.68
94.19
91.28
88.62
87.88
92.28
105.90
112.49
108.02
103.94
104.82
98.27
92.64
99.74
110.52
108.46
103.09
101.41
105.29
105.26
99.09
100.38
106.25
100.91
89.16
86.93
91.99
94.94
93.82
94.70
93.47
93.32
102.60
108.29
110.93
113.41
111.78
110.51
109.85
100.13
88.05
84.10
88.10
102.05
103.18
102.80
106.24
110.72
114.13
107.64
91.38
84.92
89.94
100.81
112.29
109.98
101.51
90.55
90.72
102.33
108.16
105.34
105.69
107.76
103.13
90.83
83.98
84.46
89.11
104.00
107.91
103.51
104.80
106.98
108.26
105.23
96.50
91.39
97.07
100.94
105.92
107.80
103.77
102.41
106.26
101.92
95.10
95.80
104.17
111.15
107.76
104.38
101.73
102.33
98.84
99.31
103.55
99.14
94.31
92.36
96.74
97.64
94.56
92.24
95.09
104.03
112.91
108.74
95.67
94.79
102.88
102.41
91.70
90.61
91.56
90.64
92.62
97.37
94.64
94.98
94.06
98.36
105.43
112.32
113.03
111.70
106.63
105.80
101.63
91.23
84.61
84.35
87.40
91.38
97.00
106.23
111.12
104.92
95.12
89.38