99.36
96.86
96.80
95.20
89.54
91.35
97.46
102.44
98.69
100.88
107.84
113.34
112.19
100.57
91.30
93.98
102.24
110.87
112.67
102.57
94.92
90.99
93.39
102.46
111.78
110.26
103.99
99.47
102.07
101.82
104.72
99.23
88.50
87.60
91.35
93.08
89.52
87.38
87.02
92.18
103.59
102.62
93.59
87.58
86.24
85.77
86.47
90.60
94.58
96.42
92.25
91.51
96.79
98.71
94.93
91.15
93.89
94.67
101.05
105.59
106.58
108.78
112.55
111.24
99.27
94.39
103.64
104.05
98.72
96.02
96.34
96.69
92.08
94.58
98.37
97.27
100.63
100.86
100.07
106.17
104.54
101.88
99.18
98.00
93.60
91.20
95.03
94.95
99.85
96.95
96.48
99.79
104.62
109.83
109.17
105.35
104.47
107.51
103.74
98.62
95.55
92.73
97.18
101.41
98.25
101.02
109.39
104.91
101.02
99.05
97.43
93.60
88.81
89.60
92.42
98.95
101.87
102.78
99.73
96.28
100.08
98.15
100.96
104.05
109.35
113.42
108.04
98.54
96.99
94.25
89.96
92.37
93.31
88.86
90.23
96.73
104.29
111.42
115.49
116.22
108.04
97.08
95.18
91.52