99.15
93.44
102.78
113.60
109.74
95.80
87.56
92.17
102.46
109.74
111.82
104.56
90.72
83.81
83.94
84.91
85.40
85.85
86.75
87.57
88.48
92.31
105.47
105.22
107.47
111.04
111.48
111.70
110.36
99.10
86.19
88.57
102.50
110.86
112.98
112.75
105.95
103.10
101.30
98.84
92.29
86.76
86.83
88.57
88.07
87.45
87.70
87.06
89.15
89.68
95.40
101.62
108.38
104.85
95.89
95.15
99.86
102.71
107.32
107.55
108.99
102.68
97.50
94.64
92.10
94.90
96.18
94.38
89.47
94.73
108.71
111.89
106.87
98.22
89.79
88.97
96.77
108.27
111.27
107.14
104.46
106.54
104.35
97.75
98.42
101.60
101.40
103.75
99.82
101.43
108.76
104.90
93.45
87.34
86.73
87.75
89.62
89.83
93.17
105.19
111.28
107.65
107.33
107.57
109.52
110.51
105.17
103.14
100.03
93.84
92.76
99.74
105.93
105.92
100.10
92.37
92.47
94.30
91.68
87.26
85.24
89.97
98.95
98.89
97.72
102.58
103.29
101.63
99.64
101.99
101.76
103.68
98.23
94.51
99.64
101.09
96.14
98.28
102.08
102.32
98.65
102.41
99.88
97.04