102.55
104.41
101.16
102.88
105.78
109.33
102.85
100.49
104.65
100.09
96.76
92.02
87.18
85.57
85.41
88.52
98.73
101.29
101.45
102.36
103.18
102.83
107.45
102.25
91.18
91.75
92.10
89.65
88.88
96.98
107.15
104.68
93.81
85.82
84.67
86.49
86.93
87.82
88.40
89.16
88.51
90.26
90.47
94.53
96.53
96.52
101.15
106.92
103.88
101.45
97.42
98.73
100.94
99.22
101.16
108.72
112.22
103.48
95.73
97.90
106.75
110.80
111.73
111.69
103.64
95.29
91.47
89.00
94.92
95.00
100.85
99.87
103.75
103.12
105.19
106.94
101.74
99.02
99.87
102.75
108.82
113.83
114.13
113.55
109.29
95.72
87.29
85.47
85.06
87.01
91.24
104.06
106.97
109.74
107.78
100.24
93.36
93.75
96.65
103.64
111.08
109.83
107.26
99.73
91.00
91.52
90.34
91.01
93.58
99.65
109.11
111.39
111.29
107.89
99.26
95.06
101.86
110.70
115.03
109.62
96.70
93.58
97.00
94.66
96.03
92.62
96.51
106.44
109.15
99.57
96.01
95.11
97.52
94.32
89.17
94.17
96.65
98.21
100.10
98.82
92.14
92.99
96.71
96.51