97.82
88.63
86.13
88.31
95.96
102.29
106.56
101.41
97.98
96.59
99.10
103.27
109.93
107.91
102.61
103.93
106.56
100.71
93.86
99.43
103.89
102.95
95.20
92.48
97.17
94.11
90.48
89.53
89.58
94.55
102.87
111.33
107.29
97.64
93.62
95.61
100.68
107.41
105.43
95.28
92.21
95.71
104.45
111.34
104.71
99.09
103.01
110.40
107.30
103.32
98.31
94.69
94.70
99.10
96.83
92.67
91.75
94.91
98.84
96.38
94.93
98.77
104.34
104.75
106.49
107.82
105.05
104.85
102.53
93.27
94.35
101.69
108.75
111.44
105.34
92.63
91.75
100.50
100.81
102.82
98.06
89.51
88.58
92.11
98.53
95.39
98.35
96.53
91.73
97.57
96.95
92.56
92.32
95.96
97.78
95.87
96.93
93.48
87.71
85.09
89.69
101.37
109.32
108.41
107.33
110.05
112.87
110.20
108.22
110.61
111.47
108.89
99.28
95.18
100.63
106.05
110.48
109.74
102.95
95.42
93.53
100.31
108.93
107.20
104.74
107.15
110.12
105.39
102.03
103.02
97.58
90.91
92.81
95.83
91.65
87.90
90.58
91.75
94.48
101.39
98.80
94.55
96.77
104.48