100.66
95.34
95.57
95.01
101.38
100.76
98.99
105.00
105.33
98.87
97.41
103.49
101.65
98.74
97.80
97.73
97.01
98.10
98.90
95.23
91.05
88.48
93.73
100.92
106.57
105.68
105.78
103.79
102.64
102.18
96.61
92.81
96.65
98.83
98.63
95.38
95.16
95.79
90.81
86.56
88.41
96.08
99.83
104.61
110.33
113.59
115.06
112.79
109.34
103.16
96.53
91.72
88.49
93.74
101.99
98.24
95.77
90.63
89.08
89.11
95.89
97.63
93.98
96.75
103.71
100.09
100.62
104.47
98.58
91.17
86.62
92.55
94.25
98.10
104.32
106.79
102.73
100.83
93.97
95.36
105.50
102.45
95.01
89.05
85.79
88.11
89.63
89.55
88.61
95.44
99.77
101.00
99.80
93.56
88.71
89.72
95.74
99.83
96.09
100.09
103.83
96.80
88.63
85.15
88.75
101.85
113.63
117.13
115.65
110.05
105.74
107.46
105.64
101.98
99.89
93.07
92.86
99.78
100.35
92.26
86.92
90.84
101.20
102.07
99.15
97.51
95.97
91.99
90.10
96.59
102.38
108.72
105.98
98.86
98.17
105.08
102.55
96.07
93.07
100.57
110.52
108.62
95.64
87.79