100.47
94.42
91.21
94.33
102.01
100.92
94.86
94.24
98.70
105.40
105.90
96.00
93.12
91.25
96.75
102.19
106.42
107.44
109.17
107.15
102.63
92.98
87.61
91.17
96.00
103.10
111.56
114.21
106.87
94.15
88.01
90.25
96.71
104.70
100.31
92.76
92.57
103.74
110.56
103.41
100.84
101.94
106.60
108.51
108.45
99.21
94.92
91.59
88.18
86.18
90.38
94.40
91.86
91.23
91.51
99.03
105.21
103.51
98.76
98.94
100.24
103.97
106.76
107.27
105.21
98.26
92.06
95.29
104.75
107.95
99.92
94.21
96.05
99.79
101.50
104.92
103.04
96.82
95.39
101.99
107.81
109.58
105.91
104.76
104.42
105.51
103.26
93.63
87.71
92.97
94.57
100.16
97.44
99.69
107.41
106.66
105.33
108.40
110.84
108.61
106.94
107.17
99.87
92.98
87.39
85.47
85.42
87.71
91.37
95.69
101.22
96.39
88.32
86.38
87.29
91.99
102.64
110.63
106.99
95.65
91.15
99.21
104.90
97.56
91.64
95.19
100.70
108.22
105.87
104.43
99.60
92.83
88.75
92.30
101.08
101.18
102.69
105.03
108.69
106.87
104.54
106.85
101.08
87.97