96.85
91.26
94.02
103.42
112.01
110.34
99.82
96.17
96.46
97.55
98.51
93.10
96.69
103.38
108.38
106.36
103.77
99.23
90.03
87.89
92.28
99.38
108.67
114.57
111.95
99.65
86.05
84.07
86.58
93.93
110.13
115.84
116.07
109.29
98.06
90.81
93.64
97.77
99.60
105.45
112.17
106.55
94.17
86.67
87.53
92.59
92.56
94.42
101.63
98.02
100.78
97.83
96.49
103.65
100.11
100.05
98.38
96.00
93.27
95.96
94.77
96.37
93.98
94.06
100.81
103.11
95.43
90.09
97.76
102.98
104.91
102.84
105.15
108.69
106.97
98.70
92.39
92.54
99.90
110.02
107.31
93.05
85.38
88.09
89.23
89.82
91.98
91.94
95.73
93.87
96.03
99.51
101.57
102.41
100.80
102.07
107.17
109.23
107.73
97.99
86.77
84.85
86.29
86.21
86.71
88.31
92.01
103.36
104.60
100.80
92.04
92.95
99.67
103.72
105.57
106.80
99.69
87.66
87.17
98.17
102.93
104.89
98.70
92.15
87.12
87.13
87.16
87.16
87.11
89.25
93.74
94.12
99.27
109.34
112.57
103.99
92.08
90.93
94.61
96.17
90.84
92.00
100.56
104.42