97.06
91.60
100.18
109.83
111.25
106.84
106.29
109.25
106.83
99.71
98.12
92.88
89.97
87.95
86.52
87.09
88.80
95.57
101.94
105.70
110.00
105.88
94.27
86.29
85.33
87.39
93.35
94.76
92.19
94.85
103.25
111.99
114.19
112.52
106.80
100.10
101.13
100.46
95.02
98.25
101.75
107.42
111.13
113.41
108.72
99.21
94.59
97.67
96.15
90.41
93.65
94.37
94.86
101.49
110.52
110.82
109.36
106.49
104.29
107.55
106.38
102.66
93.39
91.03
99.46
100.34
92.77
87.32
90.66
97.96
106.58
102.90
98.76
96.11
95.83
93.25
87.65
90.02
100.86
105.18
108.71
110.25
108.30
105.81
101.16
91.78
87.22
90.17
93.29
93.18
97.60
103.01
99.99
103.08
104.58
102.65
103.98
101.65
95.19
87.89
90.90
103.05
102.95
101.23
96.37
92.74
92.14
91.14
90.91
99.15
105.42
101.68
94.03
96.62
97.44
100.76
101.21
101.75
107.15
101.97
98.37
99.21
96.57
96.04
97.86
94.46
88.10
90.50
90.79
87.65
90.18
95.61
108.14
115.54
111.17
97.27
94.32
94.85
96.76
102.41
104.90
105.76
99.01
99.48