100.93
104.91
114.71
113.23
110.87
106.41
101.13
102.47
107.37
104.92
96.11
95.71
101.36
108.86
112.93
108.87
105.00
103.18
105.32
102.18
93.41
95.91
98.06
91.93
87.84
91.02
96.68
97.12
91.45
90.64
91.92
96.84
104.74
100.89
99.78
98.82
101.29
108.33
112.74
112.81
106.07
100.87
104.04
102.92
92.70
92.54
97.78
105.05
107.77
109.20
106.21
99.35
96.91
92.93
95.04
93.09
95.93
101.60
98.48
89.97
91.20
92.85
95.28
105.11
105.15
97.31
88.74
87.65
95.20
98.43
101.99
109.95
109.11
104.74
98.84
98.89
103.19
100.55
96.06
101.54
99.17
93.68
88.60
85.71
88.97
95.66
99.09
94.89
88.20
90.08
97.20
108.58
115.09
113.01
106.53
98.04
97.46
100.58
103.53
104.91
100.21
99.15
106.45
111.89
104.61
97.18
93.92
99.90
104.76
98.83
97.60
93.91
91.98
100.64
104.51
98.97
89.92
89.88
90.09
97.38
109.06
114.33
110.83
103.84
98.98
93.05
86.41
84.59
85.02
88.13
91.64
94.21
104.47
112.22
111.61
108.46
103.62
93.47
94.63
99.19
98.46
101.12
97.26
88.26