100.26
94.64
95.11
104.03
106.21
109.48
105.81
99.90
98.67
94.48
89.58
91.18
90.46
91.06
99.80
108.69
105.62
99.62
97.19
92.87
91.00
89.69
91.30
100.31
103.48
103.00
106.50
110.36
111.57
108.54
99.93
99.69
102.15
100.62
102.56
107.63
106.31
107.02
104.34
100.21
99.86
106.47
106.27
103.67
101.81
98.89
98.47
93.24
86.20
84.08
84.43
84.82
86.13
91.06
95.06
94.95
91.83
92.74
93.34
95.17
104.27
102.64
104.19
107.12
108.21
100.96
98.72
95.13
89.13
89.04
88.57
87.30
90.37
102.13
111.18
114.36
114.47
111.13
103.11
97.13
100.23
97.83
90.60
90.76
93.31
95.49
97.91
99.66
93.34
86.58
88.60
91.05
89.62
93.13
92.79
93.85
91.60
90.22
96.21
103.46
103.28
105.57
108.22
109.45
104.12
94.70
87.25
85.64
92.13
96.26
104.11
106.90
106.60
100.09
99.85
96.34
95.14
94.84
94.36
90.63
90.38
92.34
93.47
93.96
92.52
90.42
94.80
106.89
104.06
91.25
87.74
90.11
99.60
101.87
94.52
95.27
100.97
99.59
93.28
95.73
102.04
99.58
99.14
106.75