101.96
95.85
94.15
96.50
94.55
89.89
87.62
86.88
91.47
105.94
111.53
106.48
96.16
90.29
94.88
95.39
90.80
96.02
109.91
106.39
104.18
106.47
101.53
95.54
97.92
96.20
95.29
94.40
93.23
91.79
95.04
97.86
100.39
97.02
97.73
100.18
97.02
100.60
105.91
109.51
107.39
106.06
107.43
107.99
99.95
91.71
96.91
104.09
101.50
100.44
97.77
92.28
87.79
86.52
87.18
88.07
95.56
99.42
98.63
100.13
99.93
95.05
94.42
101.16
103.98
102.65
100.26
104.69
107.75
107.44
107.82
105.35
100.36
97.66
94.32
93.05
100.26
98.23
91.42
89.53
91.05
93.12
93.07
99.02
101.14
101.28
96.65
94.97
96.04
96.35
93.52
93.46
98.38
107.90
108.43
106.66
106.17
102.86
97.80
90.97
94.15
98.64
97.69
100.78
102.13
97.38
91.70
93.80
105.56
102.86
91.06
85.86
89.53
94.28
92.79
97.21
105.97
108.75
108.33
103.64
98.68
93.63
95.75
106.58
104.28
101.55
103.07
100.47
92.69
89.75
90.27
97.75
102.85
105.70
99.26
98.59
95.51
94.05
101.98
101.74
92.12
92.67
101.69
101.39