100.18
92.41
92.64
93.73
89.89
91.70
103.97
108.23
106.33
103.93
103.12
97.43
96.10
97.18
94.48
98.66
105.38
106.10
107.11
106.71
99.86
99.52
99.84
102.44
109.20
113.94
111.59
107.22
106.17
98.82
86.66
83.55
85.66
87.14
87.53
92.62
106.87
114.28
116.41
108.17
89.44
88.04
94.27
96.90
101.51
103.87
102.04
102.25
103.72
98.74
99.98
104.89
99.22
96.49
93.74
88.53
86.16
90.13
102.71
111.10
114.01
109.84
102.57
90.86
85.64
87.54
90.96
91.59
91.37
89.62
88.20
87.44
88.19
88.30
95.12
100.05
108.67
104.40
97.23
96.25
93.33
92.38
93.92
93.94
91.92
94.36
103.96
102.19
103.03
105.18
105.68
109.01
113.24
112.92
101.73
87.01
84.52
86.08
87.69
91.49
95.14
99.73
109.11
114.21
115.42
114.59
107.59
91.47
84.41
84.90
85.78
86.15
86.00
89.38
96.86
100.02
96.49
91.00
88.05
89.33
89.69
88.50
88.33
91.15
90.64
94.58
98.87
108.25
115.33
115.46
109.89
103.98
96.78
89.07
92.53
97.62
105.15
101.90
101.74
99.99
95.03
95.45
93.48
95.46