102.14
96.37
93.82
91.70
93.28
92.74
96.27
101.10
106.64
101.85
95.65
99.50
97.31
88.22
87.21
90.85
100.28
106.98
111.36
111.34
106.53
101.04
92.03
94.34
95.16
94.91
103.42
106.40
101.46
91.88
87.33
90.39
101.41
107.18
110.35
109.04
107.95
109.48
108.56
106.30
105.97
102.94
101.54
99.26
94.23
92.15
100.80
106.10
102.21
100.54
105.37
111.69
111.43
103.72
95.47
95.80
99.21
98.45
103.28
106.46
107.84
100.18
88.50
85.06
91.64
103.27
113.17
116.37
114.86
108.16
102.44
105.73
108.86
105.20
99.30
90.95
86.21
87.27
87.53
89.74
89.48
95.01
95.24
95.52
99.35
100.20
101.91
98.62
90.71
91.36
98.88
107.75
108.11
99.54
90.55
85.95
90.75
102.44
112.41
114.14
104.98
98.13
98.12
99.49
96.55
98.41
103.36
107.75
105.15
94.36
89.95
90.10
94.65
104.94
107.57
105.86
96.17
86.27
88.49
93.37
95.48
96.45
95.42
96.19
100.76
104.80
104.45
103.52
99.37
94.64
91.13
88.30
86.22
88.53
98.64
102.98
104.98
98.81
97.75
93.72
96.20
106.54
112.19
113.04