97.14
87.84
85.75
86.40
90.35
99.47
109.77
115.26
108.95
97.50
91.52
90.92
92.93
93.35
98.85
105.09
106.70
101.97
93.81
88.54
90.80
101.66
108.63
102.12
99.87
105.68
106.15
98.43
91.00
93.39
102.37
111.19
106.19
96.09
90.87
88.65
87.35
92.95
96.96
95.84
91.50
90.35
92.02
97.36
97.04
91.74
93.45
104.46
112.63
113.57
113.03
111.91
104.19
88.97
83.14
83.92
86.36
91.22
104.03
102.84
99.16
93.54
89.89
89.68
98.59
100.08
94.03
89.23
91.87
97.56
95.95
89.69
87.17
94.13
98.00
100.60
99.29
98.39
100.67
98.77
97.46
104.71
108.28
99.98
96.76
104.85
111.70
114.74
110.28
102.45
93.07
85.43
84.40
84.92
85.70
87.35
89.95
101.24
113.51
111.91
106.29
104.36
103.39
96.79
90.41
96.69
106.29
102.24
96.59
98.18
94.51
96.23
100.47
107.75
110.73
110.96
104.79
99.20
102.98
106.86
101.78
101.42
96.87
95.36
91.13
92.98
100.18
102.36
106.07
110.33
111.18
112.15
105.57
92.76
86.60
90.92
95.36
100.11
97.66
98.56
104.17
103.78
103.25
102.43