100.92
98.80
105.38
107.31
109.21
104.35
91.68
85.61
85.36
87.64
92.16
98.44
95.94
92.98
88.83
88.50
92.38
103.96
114.47
109.18
102.45
93.81
91.20
90.71
98.84
110.29
115.84
113.17
103.02
98.17
100.94
106.50
110.46
104.50
92.23
88.05
90.04
100.72
104.01
107.62
112.67
113.16
111.01
109.09
100.27
87.16
88.12
99.41
100.96
99.98
100.20
105.22
105.99
96.13
85.65
85.42
89.60
99.80
113.04
114.94
104.94
93.95
96.18
105.79
107.61
101.77
94.59
98.94
108.29
105.21
102.88
100.06
98.22
92.76
89.89
90.83
95.42
105.40
106.86
107.65
100.95
89.20
85.76
91.74
105.00
114.19
114.55
113.07
109.89
98.52
90.80
95.21
97.01
95.64
92.47
88.42
89.22
99.25
100.49
101.92
104.43
98.92
98.24
99.45
99.68
98.78
103.93
109.79
111.51
109.29
108.78
101.20
97.09
93.99
97.69
107.30
110.28
104.12
95.76
94.60
103.94
101.16
101.46
107.18
111.99
104.81
92.51
94.47
100.52
95.22
95.27
103.13
106.66
109.09
107.26
106.72
105.81
104.98
105.73
101.48
96.90
93.53
95.68
95.92