98.17
92.23
99.34
100.37
91.40
90.84
99.16
109.94
107.72
102.01
93.38
89.46
89.01
92.78
93.08
89.56
86.60
91.22
92.97
95.43
102.76
100.49
95.34
88.57
92.37
105.60
106.26
97.74
93.63
89.36
87.54
95.35
109.69
114.91
115.83
108.79
98.15
92.28
87.87
86.43
89.47
89.51
95.29
96.06
91.71
90.81
91.11
92.91
95.65
105.58
110.78
107.37
104.33
98.98
90.51
90.96
90.78
89.78
87.85
86.59
86.08
86.53
91.51
107.93
113.49
113.89
113.76
111.87
106.29
103.43
104.03
107.79
109.50
101.21
95.07
100.15
105.32
107.66
103.07
98.59
96.39
94.49
94.81
100.63
99.94
101.98
101.30
97.88
98.45
95.33
97.53
103.67
109.24
107.20
107.16
110.67
109.83
103.54
96.17
88.76
86.52
86.79
92.10
97.25
103.64
107.42
102.17
98.32
101.59
109.79
112.59
111.00
104.21
93.10
87.28
89.66
95.81
97.14
97.28
100.87
105.00
105.94
107.08
104.83
100.69
102.29
98.65
89.54
89.23
92.01
90.28
91.62
103.14
106.34
97.29
93.24
100.91
105.10
104.92
97.78
94.77
103.58
102.10
98.41