97.61
94.13
106.62
109.32
97.62
88.04
89.21
89.99
88.07
91.75
94.54
91.15
90.10
95.21
96.10
103.29
110.10
110.35
110.67
103.49
100.11
97.61
96.99
99.81
101.01
100.68
97.89
101.05
98.37
90.60
87.58
88.18
87.54
88.96
90.78
91.92
99.30
105.11
110.14
113.95
109.30
96.93
89.63
86.67
86.67
89.29
97.98
105.68
109.96
109.72
105.47
99.85
101.67
103.54
96.92
91.68
89.75
93.54
98.53
103.23
103.14
101.15
101.05
94.83
92.33
98.78
103.71
107.21
104.67
101.15
92.29
85.47
85.80
90.58
104.04
110.26
110.72
109.42
103.05
95.84
94.42
90.27
87.04
87.89
92.35
100.73
98.77
99.91
103.85
109.53
110.69
102.19
94.96
92.22
89.03
87.16
89.57
94.95
105.61
102.75
95.64
91.84
94.05
101.08
107.89
102.50
90.72
89.01
101.08
109.46
111.49
107.17
102.66
98.70
98.99
104.28
103.12
97.76
97.22
103.56
106.82
102.49
102.84
104.09
100.27
95.59
89.67
88.69
96.21
107.90
104.92
93.14
85.03
84.71
88.19
89.36
96.28
97.32
101.97
108.74
111.35
112.63
109.35
104.00