99.47
98.73
110.33
116.06
115.35
107.36
91.77
84.09
88.73
102.26
104.64
98.73
92.46
98.30
110.72
110.39
97.40
88.86
91.10
93.92
93.52
90.55
93.39
97.21
102.62
107.71
106.49
95.55
86.47
89.04
96.28
103.64
109.09
112.42
114.13
108.88
102.93
104.65
107.88
107.70
104.54
95.82
88.70
89.29
89.49
89.61
92.91
102.39
107.73
110.85
112.61
105.63
100.06
99.87
103.65
105.92
109.49
111.31
107.39
94.63
88.09
95.82
96.62
93.27
100.13
106.12
99.86
88.87
89.90
100.23
100.30
100.56
96.43
89.12
93.08
97.46
103.78
103.95
95.09
91.18
95.15
94.15
89.17
88.38
90.57
90.07
95.84
108.60
115.07
107.90
92.23
84.58
86.26
92.23
106.24
115.92
114.64
106.42
103.28
106.89
108.31
104.28
91.95
85.14
85.90
90.44
96.80
95.52
94.97
96.08
103.11
110.38
112.78
109.22
104.96
103.64
101.02
102.97
105.35
109.16
108.02
96.88
87.07
84.77
87.73
95.14
101.32
104.05
107.23
111.03
104.21
91.45
92.33
105.50
114.34
116.17
114.14
105.13
97.87
92.91
90.54
96.60
96.02
99.42