100.26
98.95
104.94
110.21
103.22
99.87
102.66
103.29
103.25
95.88
93.97
96.67
102.85
98.05
99.42
107.04
101.98
92.38
87.18
85.46
87.04
87.20
90.78
98.55
106.83
105.85
106.54
108.87
102.60
93.37
91.23
95.54
92.76
92.07
93.60
97.55
100.80
107.40
107.56
100.27
93.05
94.82
101.15
101.94
96.75
99.22
102.50
108.29
110.52
103.82
99.13
104.94
105.46
94.11
90.71
92.18
89.76
88.47
90.56
96.46
100.18
98.29
96.70
93.48
92.91
91.76
89.14
88.37
93.36
105.28
102.22
100.03
104.93
100.76
96.14
94.22
93.98
90.95
88.30
88.79
95.59
101.51
98.63
97.26
102.00
106.84
111.36
107.71
98.16
87.50
88.78
98.44
97.27
90.64
95.43
102.55
98.37
88.56
86.72
89.18
99.97
103.40
100.22
97.35
94.13
98.32
99.98
100.22
98.87
102.02
100.07
94.40
93.01
94.35
99.82
98.53
92.19
90.23
88.70
88.11
88.41
96.40
103.23
100.30
93.49
91.17
94.73
94.25
91.79
88.46
87.18
91.64
96.95
100.03
103.35
98.58
93.85
89.44
93.26
105.91
111.55
110.59
100.73
87.99