99.32
99.25
107.28
105.62
98.63
92.70
89.13
87.08
90.29
100.72
102.48
106.56
110.69
108.95
105.68
98.80
91.70
96.51
97.02
100.83
102.52
100.56
93.08
96.06
108.88
114.37
115.54
115.04
107.78
91.09
86.59
92.53
95.25
96.69
93.85
96.08
96.17
91.56
88.26
94.50
101.82
107.30
108.81
109.09
111.48
112.88
111.91
111.45
102.70
88.43
88.59
96.45
97.73
94.44
90.72
92.24
99.08
104.85
104.94
104.32
107.29
106.63
106.58
110.27
105.98
92.02
83.60
86.20
92.05
93.77
100.40
100.75
104.89
108.94
101.83
91.39
92.60
92.40
93.03
101.19
105.47
101.91
96.54
101.19
110.38
107.27
104.34
105.59
102.28
102.66
106.51
110.72
106.46
103.38
104.86
100.44
100.92
101.07
93.26
88.53
91.19
92.57
89.79
86.62
91.20
105.35
108.17
102.43
94.52
91.76
96.82
95.65
93.16
95.60
102.84
107.33
111.59
109.63
107.74
99.99
88.38
86.98
89.71
94.29
99.60
105.56
100.75
100.01
98.29
99.26
105.26
105.34
96.23
92.14
97.83
107.10
103.78
99.00
103.23
102.50
99.24
95.67
96.76
95.61