98.09
90.56
93.78
107.32
111.97
112.71
108.17
103.94
104.94
110.15
113.65
108.85
97.17
91.04
88.28
88.70
98.14
112.76
112.13
102.72
98.86
95.44
95.72
104.22
102.27
99.77
98.62
100.87
108.13
108.21
98.45
92.89
91.82
95.37
92.92
92.91
91.67
94.84
97.09
99.65
96.67
95.56
91.84
87.67
87.54
88.60
88.22
94.44
95.76
102.89
107.87
101.20
91.15
94.18
106.96
112.57
112.39
106.02
96.96
95.28
99.21
96.68
89.33
85.59
85.72
88.79
91.44
102.22
107.89
103.00
103.06
109.19
113.12
108.28
104.47
98.16
91.06
91.08
98.80
109.42
107.78
105.26
108.66
104.24
101.37
97.75
90.97
95.31
97.77
92.04
93.44
98.44
102.31
98.00
96.72
104.21
104.34
100.47
101.49
103.70
100.90
102.22
108.17
111.92
108.86
102.74
97.58
90.24
88.61
95.82
107.90
112.82
112.65
105.12
100.49
103.13
108.67
110.07
110.81
104.83
94.41
96.07
103.83
108.85
104.08
102.50
101.47
99.39
95.30
100.41
109.80
107.01
104.88
103.96
106.37
108.89
111.71
108.52
94.96
85.29
84.61
86.78
91.29
97.01