96.71
90.98
93.08
93.71
98.89
105.88
112.45
114.60
111.83
101.61
88.59
86.02
86.19
89.02
89.32
89.29
91.58
94.99
100.84
98.97
97.76
104.95
112.57
113.09
105.43
90.87
87.66
90.01
96.89
98.42
103.70
106.87
103.35
104.15
103.56
105.31
104.65
95.34
88.68
90.73
99.97
103.07
102.71
96.07
96.18
101.98
108.72
113.59
111.00
104.09
92.58
84.69
84.52
85.65
88.28
89.43
90.64
94.49
105.20
103.12
105.12
109.73
112.76
109.06
102.04
101.14
95.55
95.67
101.65
99.94
99.85
106.55
111.79
108.57
99.80
94.90
99.41
102.31
105.58
100.05
92.21
96.56
105.08
111.18
112.66
109.23
104.77
104.31
103.49
105.05
109.83
109.80
109.15
111.23
110.58
102.06
94.01
97.83
105.14
105.64
104.72
101.35
91.40
89.71
100.98
109.81
109.38
102.22
98.87
101.36
107.59
108.32
99.32
95.78
97.88
105.68
102.38
101.09
103.95
99.24
88.52
88.41
92.10
90.02
91.39
100.39
112.26
116.71
115.77
112.05
103.65
93.18
86.79
86.92
89.57
96.88
100.82
102.80
97.55
95.87
92.41
89.11
87.83
92.96