97.32
92.47
95.76
100.24
98.59
96.55
97.65
94.79
94.74
91.34
92.39
102.73
104.42
98.89
99.85
101.60
94.50
89.52
97.43
105.35
111.41
110.34
108.28
109.89
106.75
102.89
98.62
91.11
86.95
90.40
95.23
103.16
107.62
110.95
112.18
105.37
93.62
94.33
105.64
112.65
111.96
111.31
110.36
105.74
95.86
87.47
85.03
85.93
86.58
86.54
87.16
87.36
93.45
102.81
105.90
107.96
105.47
104.89
99.72
88.77
84.68
85.96
88.33
94.39
110.01
116.35
116.22
108.75
93.04
83.79
84.21
86.48
93.21
111.82
115.94
112.11
99.40
91.45
99.48
109.46
113.47
112.63
112.20
106.72
104.13
107.27
107.24
104.85
94.96
86.50
90.62
99.22
107.77
108.34
110.07
113.18
108.55
97.69
87.92
84.26
86.89
88.77
96.56
103.29
97.46
89.92
89.98
99.34
104.15
100.48
95.60
98.88
97.57
99.54
103.38
100.52
97.70
104.10
109.05
101.43
90.76
86.11
87.26
87.36
87.02
92.28
103.03
102.50
96.38
99.24
98.07
92.52
92.55
90.40
90.11
99.81
103.15
102.37
106.12
105.25
106.46
103.01
93.70
85.81