100.92
99.39
96.67
95.58
91.68
90.46
98.47
110.08
104.83
94.46
86.35
84.85
90.29
94.03
102.33
99.96
94.34
98.40
109.80
107.35
104.99
107.67
102.57
89.92
86.66
88.51
89.93
93.10
100.02
103.85
108.91
107.02
94.87
84.52
85.07
88.67
92.63
97.32
102.13
99.85
95.48
97.79
95.57
97.19
97.83
96.43
95.91
95.41
97.04
97.82
94.95
88.66
88.20
88.83
87.50
89.03
94.34
102.16
106.99
107.36
106.78
101.06
101.46
107.80
111.10
112.38
109.02
107.21
102.03
96.80
92.59
90.46
90.47
97.31
110.22
112.59
111.05
109.88
109.15
110.30
110.33
110.60
103.82
94.12
92.48
93.85
95.14
92.16
94.69
97.01
101.01
102.38
99.19
100.50
104.74
102.85
92.66
85.55
89.18
99.75
111.39
111.05
107.30
96.73
92.99
94.31
99.14
100.38
102.70
102.14
100.89
98.53
97.71
93.22
94.28
98.26
95.27
91.69
93.36
96.95
94.42
96.68
105.08
113.14
113.01
104.14
97.36
90.83
87.31
85.98
86.10
89.13
97.29
103.52
102.14
97.78
100.05
97.72
95.35
101.51
108.55
112.49
106.98
98.30