98.26
90.84
91.22
97.11
98.53
102.82
101.74
102.75
103.39
107.66
102.18
98.12
98.27
95.01
97.52
102.66
105.38
105.54
97.28
90.18
90.59
90.99
93.52
94.71
102.25
108.87
106.22
96.42
94.39
96.10
103.75
110.52
112.60
110.20
108.87
110.58
107.14
96.42
93.97
91.60
86.54
87.88
99.80
102.60
103.78
103.25
106.70
111.26
109.46
105.32
106.82
106.45
96.82
94.70
98.25
103.06
101.57
95.66
91.89
89.22
88.94
90.76
92.55
92.59
96.31
101.56
104.08
99.15
92.97
90.43
96.69
103.72
98.56
98.44
98.32
95.55
94.39
98.20
102.12
104.16
106.78
101.16
93.31
91.80
92.61
100.45
105.71
102.62
103.71
104.93
108.76
109.13
99.63
91.49
95.00
97.20
95.79
94.86
91.58
90.68
96.79
106.91
104.84
101.37
102.65
103.25
105.44
110.05
111.36
108.52
102.99
103.17
108.14
108.31
97.92
91.06
96.67
105.63
100.68
94.61
89.13
91.39
90.81
87.67
91.35
100.21
105.53
105.09
97.32
95.35
100.13
106.45
103.00
100.23
95.30
94.80
93.83
96.57
98.54
92.19
86.94
89.55
99.80
100.86