98.04
95.26
106.19
115.72
115.86
107.96
101.52
101.38
97.12
98.90
107.65
103.51
96.47
92.05
95.14
100.31
94.79
91.12
91.07
95.15
106.19
109.73
109.79
111.83
107.84
95.78
86.10
89.00
93.04
95.69
104.38
110.92
113.83
110.00
97.98
87.30
90.65
99.24
103.42
104.12
102.64
104.12
108.86
107.91
104.93
106.44
104.71
96.76
88.68
90.70
93.22
97.27
99.92
106.70
109.32
105.63
104.78
105.35
104.54
105.43
101.74
103.04
103.79
96.40
88.11
91.91
92.83
90.14
91.51
100.31
111.00
106.98
97.24
87.51
84.14
87.77
93.31
105.77
106.72
98.04
89.52
91.65
97.86
95.44
99.39
99.48
92.44
95.85
100.20
100.64
94.27
91.42
90.01
87.17
86.20
89.10
93.23
100.97
111.71
116.48
115.19
113.48
112.44
110.49
107.71
101.45
97.54
101.68
99.82
102.33
108.39
109.88
106.29
102.15
97.66
96.12
95.48
97.48
96.20
91.82
90.47
94.39
99.22
99.97
95.58
88.41
88.24
88.11
88.86
89.11
90.49
94.40
103.91
106.18
106.99
103.79
94.00
86.42
84.71
86.94
90.70
98.47
111.57
112.28