98.86
90.04
91.98
105.70
115.89
116.98
113.25
103.93
95.94
97.08
102.34
101.90
97.79
94.30
97.32
104.35
109.02
105.42
98.84
96.21
101.66
102.93
103.64
97.41
90.69
96.45
106.16
110.30
112.37
106.76
98.96
94.03
96.37
94.89
92.27
93.01
102.54
111.02
114.44
110.43
102.69
96.91
101.65
99.50
95.23
91.11
93.68
98.83
106.55
101.83
90.00
85.41
91.09
99.27
100.34
93.33
87.79
88.48
88.99
94.84
101.10
97.76
98.77
106.26
109.20
101.77
88.49
86.42
97.60
107.85
108.29
104.65
95.04
88.63
94.73
98.07
94.58
95.24
92.66
90.99
93.84
95.11
101.16
106.91
108.31
107.24
103.18
100.96
98.68
94.29
92.50
93.83
98.07
95.38
91.47
88.72
90.94
90.41
94.62
99.71
105.05
107.28
99.55
88.01
89.44
94.34
103.87
111.28
107.89
99.70
100.32
108.23
103.47
94.33
92.44
98.41
102.21
103.84
108.65
107.05
105.56
101.40
98.43
96.44
99.47
102.17
97.28
91.97
87.65
91.30
92.16
92.34
89.98
91.95
95.44
101.58
108.34
113.72
116.08
108.86
98.84
93.24
93.89
101.74