96.85
90.36
96.90
106.61
106.64
101.88
99.90
103.13
107.08
110.35
109.98
99.96
88.87
85.06
85.68
88.22
99.21
115.92
117.94
115.28
109.74
106.26
97.61
86.91
84.30
88.24
98.33
107.04
103.67
103.46
99.77
90.60
85.48
87.12
90.45
90.04
87.77
88.17
93.05
96.32
105.58
102.79
95.71
91.18
96.29
109.07
106.93
103.23
97.69
94.41
97.83
94.20
88.29
86.45
87.02
86.84
89.36
96.11
108.66
106.24
98.22
97.82
94.03
92.94
100.99
111.71
110.64
107.91
104.21
103.24
98.73
93.31
95.07
105.61
113.16
112.52
108.64
96.78
85.17
83.92
88.35
96.45
96.80
99.47
107.79
108.13
98.35
90.75
87.22
87.52
94.33
105.98
108.99
100.27
90.74
87.53
90.90
100.73
105.45
102.13
96.09
96.92
97.35
100.78
107.34
112.56
109.93
106.92
102.46
101.27
94.95
94.27
98.93
97.05
89.51
90.56
94.38
98.44
99.36
95.00
98.69
105.29
109.30
107.61
106.54
109.38
106.91
104.66
108.03
111.94
107.36
103.06
104.80
109.76
106.33
92.48
89.87
102.13
108.32
103.29
96.69
94.81
93.66
98.82