96.59
90.73
102.76
108.16
104.41
94.47
90.83
99.19
107.25
110.87
111.24
102.87
94.25
93.08
96.16
94.11
96.84
97.37
90.52
89.18
93.48
99.78
98.81
101.55
106.54
107.10
97.54
91.41
87.60
88.69
92.77
92.17
97.77
104.89
101.58
99.24
100.63
104.83
108.73
109.63
110.08
106.38
102.79
94.85
91.08
88.97
90.65
99.95
109.55
113.36
114.89
109.27
99.72
91.21
89.84
93.41
94.17
90.35
90.21
89.34
89.77
88.62
88.73
89.03
88.21
93.47
94.53
98.82
103.45
107.95
104.11
93.70
85.90
87.96
99.79
101.70
99.38
95.88
92.05
97.95
104.38
110.81
114.16
108.14
104.14
102.55
101.94
96.99
95.33
92.59
98.64
108.82
109.18
103.76
95.92
88.62
93.19
101.40
107.86
111.18
107.76
103.42
102.35
98.87
90.71
87.87
88.01
90.55
99.03
103.56
97.03
87.59
85.46
87.93
98.02
100.90
100.00
92.92
89.94
94.32
106.17
109.73
102.92
100.20
104.02
110.29
110.26
106.70
99.65
96.95
93.39
89.42
92.25
101.97
100.05
92.99
90.78
100.26
100.94
94.95
92.62
94.81
100.20
104.23