100.62
97.35
95.12
90.95
94.56
95.79
94.70
102.57
106.92
101.28
97.23
103.65
107.82
106.90
97.89
87.24
85.93
95.06
109.71
116.11
116.36
108.20
92.30
89.32
89.81
87.22
86.09
91.19
95.87
97.88
95.26
90.75
88.86
90.87
94.14
98.57
100.14
93.25
95.81
96.62
95.35
90.85
96.00
98.61
98.73
103.23
100.88
93.55
92.82
94.63
101.81
107.13
109.05
110.78
109.66
108.51
104.84
98.47
98.47
106.84
105.28
97.06
93.30
93.78
99.61
106.11
107.68
100.45
88.99
85.88
86.13
92.37
99.95
101.54
103.19
96.47
87.18
86.99
93.36
102.42
100.59
94.22
89.44
94.29
105.12
101.36
89.73
85.23
86.67
92.28
97.39
98.49
101.67
105.57
99.18
93.47
90.60
90.47
92.10
91.43
94.23
98.02
93.70
97.47
108.64
110.11
107.28
104.75
105.90
99.45
88.02
85.75
94.86
103.99
100.17
89.72
91.30
92.56
88.85
90.50
96.10
107.02
103.88
92.03
92.33
102.69
104.62
106.44
106.94
104.61
106.72
110.38
111.42
103.69
94.32
94.33
104.01
108.97
107.57
97.57
91.10
95.60
97.94
94.01