96.47
87.03
89.57
103.99
105.63
94.29
85.69
85.19
88.30
95.37
110.95
112.91
106.91
96.27
97.54
105.97
111.23
112.14
110.18
102.43
92.08
86.82
85.22
85.16
86.44
94.13
102.98
111.30
115.87
115.40
107.53
92.71
85.56
87.64
91.74
97.63
95.88
88.95
92.65
98.05
96.28
89.40
86.23
90.82
100.55
110.38
106.83
106.24
104.74
97.68
88.67
86.62
88.01
90.90
90.29
90.29
91.94
94.00
99.47
96.83
89.39
92.04
92.44
89.59
90.69
100.08
106.44
101.26
96.92
100.63
97.97
88.98
88.28
92.84
97.30
97.10
93.67
89.88
88.89
93.10
104.77
112.04
105.19
96.57
90.50
88.69
95.63
99.27
103.85
109.85
112.43
109.59
107.44
108.43
110.95
110.67
105.15
97.11
95.49
97.14
95.54
90.23
89.89
97.05
99.77
98.76
94.65
95.71
94.12
93.70
92.49
90.69
93.08
92.68
96.01
100.73
104.88
100.58
100.77
105.84
109.93
107.55
101.12
96.92
90.77
89.27
97.79
105.87
106.52
107.51
99.86
90.83
91.30
102.80
104.61
101.70
103.43
104.47
98.02
96.45
104.64
105.89
103.74
106.26