97.22
89.72
89.00
89.25
96.16
101.90
100.03
95.24
89.24
93.36
102.53
107.75
108.54
100.68
88.47
86.96
91.33
93.34
91.38
95.06
99.93
105.16
100.46
100.90
106.71
108.66
108.60
101.47
89.36
89.72
92.65
91.52
88.53
87.79
93.51
103.10
105.42
102.40
101.15
99.92
99.23
102.13
104.71
99.63
90.18
91.11
95.19
95.14
100.63
107.78
103.51
93.32
89.23
96.05
107.44
110.05
104.88
94.74
94.14
93.57
95.13
99.33
105.95
108.50
110.43
111.17
106.62
95.92
95.70
95.80
93.35
99.73
103.16
96.92
88.96
90.37
98.05
101.79
107.83
112.51
107.13
102.31
97.63
92.50
89.06
88.31
95.48
98.85
102.59
104.89
103.43
97.97
88.96
91.51
94.22
90.78
87.99
89.79
98.25
108.30
111.00
106.08
98.56
89.94
92.63
102.09
103.75
102.04
93.49
95.34
106.80
113.83
107.31
100.08
95.78
90.46
86.45
87.47
92.83
105.78
114.73
108.36
103.36
98.03
88.62
84.26
87.03
90.53
95.62
98.22
102.82
100.47
102.07
99.01
93.10
89.85
90.20
92.91
101.25
103.95
95.94
86.61
85.02
86.78