101.19
94.14
96.55
106.89
110.92
107.05
95.32
87.96
86.17
85.52
87.18
90.28
92.42
91.34
89.01
93.59
103.10
102.31
95.04
94.25
96.24
98.37
105.04
107.18
103.53
104.43
109.37
107.27
104.39
99.60
100.90
99.47
98.25
98.67
104.27
106.14
101.97
93.19
87.98
88.09
89.27
94.78
100.90
109.43
110.39
104.37
97.06
90.13
88.53
93.30
104.60
114.07
116.50
114.13
111.24
102.84
91.93
85.96
89.93
91.72
95.57
101.17
99.56
97.53
103.56
109.28
109.40
109.39
104.34
103.11
96.62
90.26
92.13
95.07
104.06
109.34
106.45
105.78
99.78
95.27
96.82
101.73
109.46
104.71
89.94
84.95
92.17
99.77
106.32
101.65
102.09
106.65
105.07
97.85
99.68
108.43
103.88
97.94
94.20
97.31
98.02
91.47
89.52
88.34
86.52
88.81
100.61
112.51
114.22
111.09
108.79
102.98
98.14
93.77
97.07
96.15
90.29
89.38
91.05
95.27
106.93
106.55
105.90
105.74
101.87
102.79
106.23
99.74
88.70
84.60
86.07
87.50
88.78
96.39
98.62
99.38
98.40
93.68
91.04
92.58
99.50
103.55
96.10
96.62