97.34
88.03
88.20
98.66
112.83
116.79
109.86
99.71
88.87
84.92
88.12
91.35
91.36
91.26
99.13
110.03
114.54
115.66
109.58
100.85
100.26
96.85
90.32
90.26
95.66
100.03
103.39
103.63
99.25
96.52
92.01
86.75
91.17
102.91
106.48
107.81
107.94
108.29
110.86
104.40
89.96
84.09
85.80
88.55
91.67
97.20
98.26
103.50
111.80
112.64
108.00
96.21
87.51
87.71
93.82
98.53
101.20
106.79
106.94
109.08
103.30
89.51
89.52
101.49
107.80
111.74
111.60
110.96
102.58
90.56
85.68
85.33
87.32
92.60
97.66
97.30
93.03
91.28
88.79
90.09
93.60
93.44
99.44
105.47
104.01
105.21
106.07
98.21
97.71
103.78
98.65
92.05
88.09
86.24
89.96
91.48
88.94
93.24
93.85
101.34
101.24
95.71
91.17
91.90
93.67
95.81
91.89
88.12
89.60
99.73
101.55
106.03
105.04
103.83
104.01
107.07
102.39
94.79
89.22
90.94
97.49
108.64
108.89
100.66
93.56
90.08
96.57
109.33
111.21
102.57
96.69
102.92
103.43
96.63
98.32
103.90
107.91
101.07
91.53
93.95
93.80
97.86
97.52
91.04