98.13
91.14
94.52
101.52
106.07
106.23
105.55
100.47
91.40
85.50
86.94
94.27
97.62
93.90
97.92
109.58
108.64
100.12
99.63
99.80
104.13
99.98
90.92
85.65
86.68
91.36
97.04
102.66
108.56
109.89
108.63
108.04
106.19
106.02
109.26
103.09
88.46
83.78
85.79
87.43
88.29
88.42
88.54
89.31
98.69
103.09
102.26
101.78
105.61
107.67
110.25
107.97
95.54
84.38
86.67
92.34
97.13
96.83
98.54
94.15
96.42
97.85
102.25
99.03
97.30
93.82
93.13
90.83
89.39
97.18
111.34
110.51
102.47
97.01
101.91
105.44
98.96
90.25
88.44
87.75
89.47
91.53
91.72
89.19
94.50
109.13
112.05
102.36
95.66
95.65
96.02
91.04
92.41
91.63
94.37
101.35
103.76
101.89
98.35
93.37
98.11
103.66
101.31
93.30
92.54
91.92
90.03
88.21
95.37
104.70
99.92
97.68
101.70
102.39
105.62
106.71
109.29
104.14
89.79
84.07
88.25
98.79
112.73
113.69
102.53
97.90
96.43
89.80
85.97
86.75
87.48
87.13
87.16
92.70
96.61
102.14
105.79
101.33
90.54
85.19
90.12
93.14
98.60
109.19