102.13
108.28
114.83
115.66
111.97
103.71
90.77
84.65
86.43
94.62
102.76
98.75
95.61
97.24
105.99
108.20
101.38
94.37
99.89
103.00
100.19
103.01
106.92
101.06
91.29
88.10
91.64
99.00
103.70
109.32
110.81
105.07
91.97
86.17
91.11
105.35
103.26
94.46
87.95
92.56
97.80
98.02
103.02
104.64
99.58
89.44
88.50
92.77
99.99
106.32
105.31
103.78
106.03
104.39
99.04
91.41
90.97
98.09
107.37
111.59
112.52
111.97
112.38
110.34
100.24
92.99
96.83
97.52
90.16
89.01
88.82
90.34
92.21
94.30
95.06
102.61
111.23
109.07
101.33
99.52
96.15
100.24
108.74
111.35
107.82
95.57
85.38
85.49
94.58
99.65
100.05
94.95
99.51
109.37
111.01
109.84
110.51
112.41
112.63
105.92
95.26
89.10
93.66
105.10
103.49
103.56
105.41
104.32
95.57
93.19
95.86
94.38
95.31
104.66
107.28
109.50
112.80
112.41
102.71
88.70
87.40
92.49
95.61
100.80
96.91
91.92
93.09
95.61
96.38
95.76
93.46
91.70
90.93
96.78
98.61
99.76
106.35
105.73
107.23
111.73
112.57
108.28
100.69
89.55