99.52
92.62
91.55
94.84
96.43
92.12
91.38
95.06
104.17
113.00
112.78
109.77
98.66
94.58
97.31
94.41
88.34
85.97
86.31
86.41
86.26
89.16
90.61
92.22
98.02
97.31
95.95
99.06
106.51
104.93
96.63
89.36
87.37
95.30
96.49
102.54
100.88
95.47
95.04
99.79
100.16
99.58
98.25
93.77
91.65
88.66
86.03
85.14
85.46
85.57
87.29
90.25
95.75
99.67
101.68
97.61
92.18
98.15
100.04
99.48
100.55
102.10
96.81
90.80
88.61
88.01
91.67
96.06
104.75
103.43
97.53
91.94
94.74
99.92
101.83
99.41
92.78
93.97
98.11
99.15
98.50
97.36
99.19
97.32
94.94
91.02
89.75
90.94
97.43
107.12
107.06
96.77
95.37
94.85
97.07
92.85
94.31
100.41
109.11
106.69
104.97
101.25
102.63
98.10
89.93
85.57
89.13
97.65
102.74
98.86
96.64
95.05
96.22
103.13
103.17
97.41
99.73
102.85
96.99
87.17
86.08
94.97
101.01
108.62
106.89
107.29
106.91
101.35
100.74
101.56
95.54
87.51
91.75
104.05
113.44
114.66
108.21
94.40
86.40
90.90
94.59
93.53
89.42
92.19