97.23
89.80
88.85
88.53
92.31
104.58
106.59
98.25
96.12
102.03
104.61
103.26
97.46
90.91
88.03
91.68
97.56
104.37
109.24
106.13
102.39
102.55
107.77
102.68
89.61
84.27
84.83
85.48
87.77
89.27
90.56
99.77
104.76
103.86
94.99
89.92
94.31
107.18
105.96
106.09
99.68
95.10
95.21
101.09
103.51
98.24
100.54
102.28
103.91
101.35
101.46
103.07
100.76
95.44
89.81
88.63
90.05
88.76
89.36
89.92
95.43
107.00
106.50
107.66
111.34
112.16
109.55
104.60
104.52
103.15
100.49
103.32
98.89
92.26
91.29
96.30
106.61
106.94
98.62
88.32
88.22
97.62
102.79
102.62
100.99
95.88
99.78
104.30
97.48
88.93
89.02
93.38
100.60
97.78
97.56
93.82
90.75
91.89
94.25
99.65
97.78
100.70
106.06
103.27
104.64
109.19
106.12
104.94
108.07
101.47
87.66
88.15
96.85
99.19
100.61
103.57
105.55
109.47
105.12
101.50
102.01
96.17
86.82
89.57
101.09
109.60
103.47
92.61
93.81
105.06
113.13
108.02
93.38
85.16
88.94
95.69
101.70
102.13
104.66
109.51
106.43
101.24
97.46
92.61