101.57
99.19
104.29
103.52
94.74
95.33
97.66
92.74
93.39
99.34
99.28
101.44
102.73
103.58
101.30
101.65
96.35
96.98
93.93
88.00
86.50
88.24
97.96
102.75
99.32
93.53
95.91
100.15
96.89
97.06
106.32
112.92
109.30
98.12
92.59
100.77
100.49
96.42
93.47
88.75
93.89
107.14
104.48
103.66
105.07
97.74
88.41
89.75
99.49
105.55
101.26
98.36
104.50
107.80
107.14
105.43
104.76
107.11
104.39
103.02
107.45
104.26
93.19
89.00
89.34
91.34
99.67
97.86
91.52
96.86
96.99
92.89
98.87
103.37
107.47
110.28
102.28
94.86
91.39
94.16
94.09
97.35
96.82
92.63
94.69
96.39
101.95
104.36
102.88
95.70
91.82
97.32
97.38
92.06
90.84
99.84
100.56
101.34
105.25
99.99
96.28
102.02
101.45
103.32
103.72
104.57
105.26
102.84
95.02
95.26
97.30
96.94
100.70
99.87
96.60
96.44
91.93
89.18
90.69
96.88
94.63
96.64
98.17
92.84
90.67
94.21
94.39
98.20
104.01
103.09
101.91
101.58
98.75
97.59
99.98
98.03
90.37
86.21
85.43
86.80
91.45
94.45
94.02
90.85