101.23
98.63
105.14
106.90
100.77
93.06
95.23
96.41
100.40
107.32
102.57
92.50
88.43
87.64
90.12
95.77
101.14
105.70
99.88
92.47
96.96
107.20
105.91
104.69
107.94
107.02
96.61
86.71
89.74
99.28
106.58
101.32
89.93
89.51
91.26
90.70
92.57
102.51
112.14
115.11
106.98
91.62
85.98
87.08
87.45
87.92
92.92
101.24
101.04
100.58
103.01
98.56
97.22
93.20
94.83
103.72
109.46
111.64
113.13
109.07
107.00
107.75
100.81
95.79
102.78
109.32
108.29
108.78
107.54
105.71
96.41
89.93
90.62
100.64
109.38
109.90
108.80
103.81
100.74
95.59
92.71
88.76
92.02
97.75
100.48
94.17
90.53
94.13
96.99
102.19
105.92
105.35
107.38
107.65
98.88
90.35
86.24
86.61
94.51
101.85
100.89
100.06
106.26
110.86
107.45
98.55
99.05
98.76
96.42
90.96
95.65
101.22
103.32
99.18
101.34
108.02
103.46
94.13
96.82
97.24
100.27
96.27
96.76
99.70
96.40
90.99
86.74
89.79
99.37
104.16
107.89
112.69
107.93
93.54
86.34
88.28
93.77
104.09
107.28
103.15
95.98
93.04
100.08
103.71