98.42
92.34
102.56
115.92
117.62
113.77
103.55
90.57
89.76
101.10
109.31
111.15
101.74
88.37
83.71
86.02
95.50
109.08
105.72
99.19
97.67
98.67
93.47
90.35
94.41
104.93
104.17
103.91
108.72
108.00
108.32
111.17
104.97
92.00
84.74
90.10
101.03
106.98
105.97
106.09
103.37
95.98
90.88
89.11
97.35
98.42
102.59
110.92
114.11
113.11
109.76
109.44
112.03
107.71
94.45
93.19
101.48
99.45
94.18
96.87
96.23
93.67
99.73
103.69
104.37
108.10
109.16
109.97
107.91
100.29
93.45
96.71
102.33
107.09
107.07
102.09
93.27
87.46
86.60
90.58
93.04
90.41
95.14
104.29
106.19
109.33
108.68
105.97
99.25
91.92
86.63
89.72
99.55
101.97
103.13
104.31
105.92
99.34
89.65
86.44
92.18
102.89
108.75
112.68
113.79
109.04
101.31
91.26
90.00
91.56
100.57
99.71
96.19
91.38
93.31
93.83
97.15
99.95
96.49
88.94
87.41
94.28
98.92
107.12
110.14
112.15
110.97
102.59
96.05
93.87
98.37
108.06
111.94
113.17
109.59
107.55
106.55
106.43
109.00
104.64
99.65
96.29
98.39
107.07