101.19
102.77
107.00
105.48
98.49
91.11
86.84
90.45
91.39
91.43
88.98
88.05
86.89
86.40
87.65
91.68
98.45
103.19
107.75
103.20
91.06
90.00
96.10
105.85
106.61
100.95
98.42
104.27
108.64
104.19
98.45
94.19
94.59
99.06
105.54
108.12
103.98
100.23
95.33
98.79
106.92
110.14
104.57
90.59
85.66
87.52
88.56
90.65
91.85
101.10
113.19
108.16
101.70
99.99
101.29
97.34
96.86
98.85
101.64
102.69
98.05
88.76
87.05
90.75
95.00
97.33
96.66
97.03
99.58
100.05
100.52
107.23
107.98
107.99
100.77
89.93
93.27
96.01
95.86
102.97
112.02
111.46
108.12
101.29
91.26
86.18
85.34
86.58
92.52
101.97
110.40
107.75
105.21
96.24
88.39
92.63
93.23
92.48
94.54
105.18
106.53
106.72
107.25
108.45
103.97
96.95
98.15
103.93
109.37
108.14
105.85
101.96
96.18
98.37
99.92
93.16
90.29
92.96
93.44
90.64
88.59
88.57
90.76
90.82
91.37
99.97
107.57
105.90
102.66
99.94
104.34
101.38
91.02
88.19
95.20
96.15
93.50
92.99
92.01
93.39
99.78
109.22
106.50
92.96