102.51
101.39
107.67
104.33
92.72
86.10
85.68
86.61
92.36
99.10
105.34
110.64
106.57
95.60
86.95
90.55
93.31
94.28
93.99
91.92
96.47
106.45
113.71
110.94
107.45
100.11
89.38
85.77
85.77
86.77
88.00
94.08
101.71
107.09
111.68
108.44
102.37
100.38
97.83
90.45
88.78
93.73
95.20
92.92
99.91
108.30
110.67
111.31
106.06
93.98
93.96
105.18
112.51
107.61
102.23
99.18
94.94
95.34
98.72
94.76
97.63
102.56
97.36
97.55
96.21
97.64
95.56
94.93
98.43
100.04
105.29
107.70
101.42
92.89
94.47
100.94
99.88
98.49
93.23
88.59
91.19
95.98
101.75
104.39
107.66
102.27
97.64
103.08
108.56
112.45
113.45
105.93
93.99
95.43
99.12
105.52
109.38
101.17
96.19
102.74
109.54
110.71
108.45
104.38
94.14
93.80
98.56
95.52
93.13
98.33
100.28
103.60
99.37
99.97
103.59
99.08
94.59
91.77
93.67
95.00
93.85
90.79
91.36
93.54
95.47
92.56
92.73
90.34
91.76
95.50
104.79
104.46
98.63
92.85
90.71
98.65
111.41
114.43
109.34
104.75
102.63
96.29
89.05
85.68