102.54
96.88
101.62
99.72
99.09
101.48
102.18
99.27
99.74
96.59
95.57
101.65
97.81
93.54
90.81
88.01
91.81
93.24
90.42
93.52
106.30
111.01
104.29
97.43
100.95
106.38
102.26
92.94
92.67
92.42
89.33
92.09
104.46
113.14
112.30
110.74
110.15
109.96
108.31
99.66
95.80
95.39
92.45
97.26
108.67
107.49
104.21
106.97
103.69
96.68
90.90
90.18
96.93
96.76
89.52
85.10
87.49
91.13
97.90
100.11
103.72
100.87
103.43
108.88
113.31
112.76
110.72
101.61
92.60
91.13
91.75
93.74
99.39
98.91
91.48
94.44
107.52
110.84
110.47
106.26
100.20
92.49
92.01
103.10
113.06
109.03
94.84
84.77
86.13
95.92
99.80
94.48
88.15
86.19
86.09
87.56
90.01
95.45
99.81
100.43
93.94
90.27
87.93
90.39
101.69
109.98
110.13
99.54
88.81
90.49
102.22
101.04
101.22
104.41
103.11
105.85
108.82
103.65
96.96
96.03
94.69
92.87
89.95
88.82
91.83
92.87
101.44
106.53
106.69
109.23
103.82
96.11
96.68
94.53
87.94
87.78
89.00
88.33
87.02
88.59
91.44
98.28
107.24
111.75