100.31
92.56
90.75
91.39
95.87
101.02
99.59
99.79
104.64
108.15
103.26
93.48
95.90
96.59
96.35
94.17
95.10
97.34
97.44
94.79
99.90
107.96
109.30
102.49
89.60
86.43
91.61
95.33
104.77
104.88
105.52
108.42
108.24
107.91
100.23
91.12
94.27
100.88
108.87
111.10
110.61
101.35
90.58
91.83
98.68
95.75
88.97
86.12
88.31
91.01
95.67
96.38
102.64
103.78
100.65
101.75
97.53
100.10
97.52
89.67
90.80
95.34
98.28
102.84
104.29
103.37
103.01
102.54
105.38
108.24
108.77
108.15
99.35
90.17
88.85
96.91
105.93
99.95
94.61
96.54
101.66
103.65
97.86
90.08
89.25
91.34
89.69
90.69
96.85
96.82
100.59
96.50
99.51
99.19
96.89
91.26
94.23
99.49
94.74
89.91
91.20
96.60
95.03
89.00
86.99
90.63
99.26
100.34
99.13
105.47
102.23
98.36
91.79
94.27
103.02
109.31
102.46
96.54
97.85
102.09
104.55
106.23
104.21
102.39
96.97
93.99
101.88
105.87
102.09
97.33
90.14
92.55
103.28
102.26
96.98
98.49
107.06
107.98
99.91
90.87
91.59
97.72
98.50
95.79