96.49
88.41
92.34
106.57
111.93
104.11
94.38
91.75
93.79
99.26
96.10
96.48
95.95
97.27
97.50
95.42
102.12
107.12
105.04
93.72
86.07
85.11
89.54
93.34
102.28
100.19
92.86
93.18
92.69
95.99
107.05
114.08
115.08
107.81
103.08
96.79
90.19
87.12
89.10
98.22
102.78
104.65
105.45
105.15
102.43
95.27
95.35
95.70
90.57
86.12
89.01
90.65
97.17
106.72
113.88
110.53
105.88
106.62
104.66
101.31
95.30
89.53
85.77
88.49
89.48
87.92
89.07
95.67
96.72
101.01
105.84
102.70
96.03
95.39
93.64
93.54
99.47
100.62
99.87
97.19
95.44
99.61
107.57
110.47
108.93
109.63
109.49
108.01
99.99
87.73
86.16
94.76
96.32
98.96
108.01
107.16
100.23
89.42
84.77
87.35
94.33
103.14
110.69
115.07
110.29
103.72
100.81
95.97
88.11
87.84
88.16
90.97
90.23
94.44
103.82
102.55
94.68
92.21
102.04
109.65
113.19
112.00
106.85
104.69
100.77
91.78
86.84
86.10
86.44
92.24
95.71
98.76
95.43
96.25
102.78
106.70
101.79
102.98
105.40
106.46
100.16
98.76
94.56
89.58