97.12
93.15
99.70
108.66
103.82
95.26
95.62
100.54
97.51
98.58
95.99
92.18
92.36
102.56
107.87
111.11
112.33
104.03
94.12
96.09
103.57
100.42
89.30
85.54
92.74
105.88
105.55
94.74
88.56
88.41
88.36
95.56
96.48
93.61
92.46
95.86
97.96
95.05
92.02
98.10
96.71
90.99
86.35
90.30
103.95
112.98
106.53
95.05
89.65
88.56
88.08
87.75
87.83
91.48
101.85
102.65
106.09
104.34
100.55
94.47
88.93
90.61
99.13
103.57
107.84
104.04
103.34
99.31
94.09
88.49
88.09
88.48
90.23
95.77
101.50
98.90
90.65
87.63
86.94
90.83
105.15
107.28
96.05
88.49
88.54
93.13
102.56
104.35
105.93
108.82
110.38
108.19
96.63
88.11
88.76
91.33
94.90
93.77
95.10
103.85
102.38
93.79
94.68
101.41
100.04
97.01
93.39
95.63
101.66
104.51
105.69
97.73
97.19
103.06
105.16
99.21
98.10
101.12
104.28
105.24
107.40
105.61
96.10
86.58
86.48
96.44
108.46
107.44
102.88
94.22
86.95
84.82
87.22
90.29
93.78
93.59
99.47
101.28
93.48
87.07
87.06
93.55
96.45
93.68