98.88
98.69
101.13
101.31
102.29
102.47
105.37
106.86
102.28
95.52
89.60
86.43
87.52
97.39
108.21
112.45
105.72
101.95
102.41
104.56
101.15
93.37
90.60
90.23
97.46
102.63
100.68
92.73
94.92
97.84
103.86
102.80
101.33
101.09
101.30
104.91
105.72
98.84
90.03
94.15
99.83
105.68
110.33
104.59
101.88
102.75
98.14
88.30
88.02
91.75
91.37
98.62
111.29
113.08
107.27
99.78
98.71
101.19
100.82
102.18
100.15
91.68
92.37
100.71
101.92
105.57
103.72
96.37
94.94
97.49
93.70
89.38
94.57
101.54
102.43
103.54
105.85
110.11
109.60
109.15
109.25
100.68
90.49
90.86
91.27
90.11
97.29
101.72
107.47
105.11
98.51
93.31
92.82
90.52
90.16
89.70
91.94
94.30
104.34
109.94
103.33
96.64
102.04
104.06
94.96
85.82
89.85
102.43
105.62
95.91
92.38
97.06
105.11
106.81
102.78
101.12
100.20
96.37
94.82
97.77
95.80
99.43
105.86
105.58
97.90
99.12
108.48
110.32
111.04
107.70
94.73
92.45
104.46
112.17
109.36
98.45
91.58
96.79
99.61
98.46
99.88
103.71
107.14
108.64