102.41
104.33
101.18
98.85
94.79
91.20
87.26
88.62
89.51
92.53
100.41
107.67
109.33
111.92
110.95
101.95
96.91
95.66
90.55
87.51
91.33
96.17
98.85
101.88
107.68
103.07
91.40
84.82
88.34
97.65
107.94
108.30
104.74
106.42
100.37
96.37
102.53
109.46
111.21
110.33
103.26
96.95
101.39
108.91
110.26
102.93
100.90
104.84
108.81
106.20
99.64
93.06
96.29
101.00
99.58
101.98
103.80
95.83
95.80
102.62
105.56
99.80
97.69
102.94
105.61
100.03
94.80
91.23
95.37
97.01
98.88
104.79
102.17
102.27
100.06
91.04
90.51
92.35
92.14
99.04
103.66
102.82
106.17
108.26
109.99
108.48
100.53
89.64
85.82
92.46
101.84
108.29
106.08
104.53
99.74
92.84
94.49
102.01
107.74
110.04
106.43
104.55
104.79
98.24
89.37
91.33
96.91
105.66
109.45
101.08
95.89
100.47
97.12
93.52
91.30
93.97
99.46
97.27
90.23
86.51
85.75
88.41
92.16
93.31
92.70
89.39
93.54
101.58
101.17
98.64
100.02
96.93
88.94
89.30
95.37
103.05
98.30
90.08
88.83
88.37
86.86
86.01
86.28
90.24