99.82
101.84
111.93
109.16
95.41
87.88
89.38
98.76
100.93
104.11
104.12
98.94
98.97
105.88
102.60
93.36
86.55
87.17
91.11
100.98
106.54
100.31
92.70
94.31
95.94
103.72
110.20
109.59
108.14
99.53
92.21
87.98
85.45
86.22
92.13
108.97
112.53
113.19
112.30
111.20
109.40
104.84
97.22
87.49
87.82
94.49
107.32
109.33
99.32
89.13
92.13
106.72
109.26
109.22
106.65
107.44
104.50
97.61
98.63
96.17
88.15
89.66
95.62
104.77
110.20
110.47
100.52
95.55
102.24
103.50
100.02
100.31
105.31
100.59
89.97
87.82
87.78
86.65
88.42
90.20
99.97
111.48
106.17
96.82
95.98
96.55
92.78
88.47
88.48
91.27
93.28
100.24
97.88
99.27
106.29
109.54
107.87
102.42
99.49
101.97
105.87
110.10
113.38
113.00
103.01
92.51
90.37
88.32
85.70
89.06
95.01
103.71
110.19
106.98
99.04
101.17
104.54
106.39
99.91
96.57
91.15
87.40
90.23
99.20
98.09
97.88
103.09
106.26
102.16
100.38
97.73
100.34
108.71
109.17
107.78
98.83
96.75
103.18
105.12
107.21
102.86
102.41
97.57
94.82