98.98
94.36
104.05
114.84
113.96
106.40
97.92
99.22
105.07
103.18
92.05
88.25
89.20
92.10
92.97
96.08
98.01
102.45
101.93
93.51
88.14
93.59
102.28
101.95
95.99
88.88
85.42
87.33
95.55
112.11
112.85
100.49
94.05
93.31
96.94
99.31
95.55
99.34
106.96
107.94
99.89
88.49
89.46
91.67
89.18
88.77
93.97
102.47
105.41
103.71
106.26
105.22
102.65
105.04
102.42
101.30
105.63
110.41
111.53
109.89
109.22
106.85
100.70
93.50
96.94
107.00
107.60
101.31
95.88
91.75
95.17
100.82
97.35
95.19
94.89
93.81
92.29
91.47
96.77
100.13
97.63
98.44
104.81
102.87
96.57
92.16
88.50
90.81
92.10
89.35
90.61
91.58
91.27
98.94
107.03
110.37
104.77
99.84
98.95
96.94
94.40
98.28
99.23
97.26
97.29
93.23
86.91
89.83
91.03
88.63
91.91
100.53
99.21
97.82
98.73
103.17
109.65
109.59
104.61
97.11
93.07
97.47
101.03
107.25
102.15
90.79
88.04
92.54
97.20
96.58
90.64
90.16
98.18
111.14
115.53
115.89
106.69
90.36
83.31
83.72
84.51
86.31
93.12
110.41