97.56
90.97
93.88
100.24
105.58
109.86
108.75
101.21
96.20
97.61
100.89
100.67
101.08
97.03
89.69
85.71
86.70
93.91
102.36
109.50
103.31
90.43
84.63
84.39
86.72
88.56
89.33
93.65
99.76
103.04
102.46
97.24
90.72
94.51
95.76
100.34
99.92
92.91
90.05
96.83
105.97
101.31
96.38
91.09
96.19
99.90
95.69
92.47
89.33
87.28
88.26
93.66
100.34
105.53
99.91
91.84
95.98
96.51
99.69
100.83
98.92
98.25
101.55
107.59
104.97
103.53
106.88
107.33
98.09
94.97
92.44
94.69
105.17
112.06
108.30
105.66
99.88
91.54
94.28
99.96
96.46
88.47
89.29
94.23
96.29
104.46
104.66
99.26
97.63
99.02
94.98
92.26
91.07
93.91
103.00
111.55
111.59
104.08
102.47
108.41
111.94
111.35
106.54
104.80
108.31
102.46
90.79
90.77
97.24
103.96
102.08
92.04
88.49
89.10
90.89
99.91
108.53
111.72
110.47
110.18
111.55
111.82
105.27
91.61
88.96
92.08
93.83
102.45
107.89
99.76
94.76
94.31
102.36
105.80
98.55
88.84
86.49
93.18
108.35
107.77
97.70
94.61
100.26
96.86