100.71
101.20
109.20
109.42
100.53
93.17
95.42
102.80
107.11
108.08
104.81
93.78
88.37
92.03
101.49
103.77
106.50
110.52
105.46
98.67
95.14
89.81
89.42
88.89
93.74
102.43
99.73
99.84
107.56
105.63
96.59
88.56
93.65
101.27
100.69
96.86
101.61
100.08
91.89
93.38
101.95
110.29
104.54
95.78
97.97
95.39
87.66
87.78
96.97
111.74
114.50
110.40
107.84
109.69
105.72
98.40
94.14
97.07
100.29
106.77
109.75
111.80
109.33
106.62
98.34
92.45
97.15
97.85
92.32
93.88
95.74
92.96
97.71
107.73
113.68
110.53
106.26
104.72
101.45
96.64
101.16
108.89
112.31
113.60
108.71
104.93
106.83
104.49
93.68
90.66
100.60
110.91
112.37
103.02
88.00
86.04
87.02
88.27
89.55
96.12
108.74
108.89
104.20
105.45
107.11
102.71
99.91
97.34
96.20
97.53
94.03
91.86
96.18
106.64
105.20
103.37
101.59
103.00
107.64
111.80
113.40
106.01
89.09
84.70
86.20
88.60
92.00
95.26
105.20
110.45
105.63
102.49
107.04
105.02
102.90
96.18
87.15
89.25
91.98
99.98
105.51
104.46
102.10
105.94