98.11
94.91
104.81
110.59
108.36
100.17
93.12
97.65
101.88
97.93
100.17
99.13
100.43
103.88
108.03
102.65
89.46
86.15
86.61
87.56
95.85
102.82
107.50
109.12
106.89
104.86
104.29
97.10
89.50
92.95
99.65
97.33
97.34
93.42
87.04
90.60
105.23
108.53
101.96
96.25
91.43
91.73
97.63
105.22
105.11
104.72
107.59
109.24
109.23
106.40
107.02
110.01
102.86
92.70
92.70
97.06
101.69
98.91
91.34
95.44
96.09
101.43
110.18
105.89
99.31
98.30
102.76
105.47
107.92
110.02
105.63
101.81
97.47
94.80
101.16
100.93
96.69
95.90
94.15
98.49
98.14
90.51
86.43
92.41
97.12
105.69
106.16
101.17
100.55
104.94
99.17
97.92
101.86
108.03
103.86
101.49
106.43
110.53
103.24
87.86
82.91
83.90
84.67
86.17
89.78
93.23
94.50
101.72
106.37
111.40
112.20
111.38
104.87
91.84
87.31
89.77
93.67
95.23
95.27
91.07
91.20
93.34
90.68
90.22
91.64
95.38
105.58
113.75
111.64
99.71
88.91
85.64
90.39
95.07
95.41
102.53
99.38
90.02
88.27
89.38
98.75
107.64
106.51
106.66