97.95
92.80
97.88
110.51
108.73
100.47
90.10
91.73
99.75
99.75
92.00
94.55
105.87
110.01
108.40
103.73
103.37
101.00
102.79
108.06
102.14
89.86
85.54
92.22
108.76
115.52
112.55
110.51
110.58
111.46
108.73
104.35
98.45
92.84
87.02
88.62
91.98
100.10
111.97
114.55
108.97
105.86
109.56
107.04
95.37
88.64
93.52
96.18
90.27
85.36
85.92
86.68
90.24
93.51
92.06
98.21
106.65
111.38
108.55
97.09
90.89
96.41
101.40
105.55
101.97
93.30
96.39
102.06
102.08
105.74
101.73
99.83
101.98
95.69
93.76
102.33
106.51
105.77
97.54
96.05
105.58
105.34
93.01
84.37
84.65
87.84
92.89
103.29
107.22
110.47
110.83
112.20
110.60
104.04
91.11
83.98
85.72
88.78
90.37
97.16
106.82
112.64
112.93
112.96
112.28
112.42
106.98
103.96
101.71
98.43
100.32
99.04
99.26
96.01
89.67
85.33
88.21
94.38
95.43
90.28
86.13
90.00
100.92
102.82
94.52
93.53
91.13
86.88
87.66
91.70
91.47
95.71
107.87
104.60
98.48
97.52
99.81
103.60
109.99
110.43
108.02
98.91
86.79
85.18