100.71
99.10
99.92
103.87
100.97
97.83
96.58
95.44
90.08
86.27
87.53
89.77
93.79
106.05
109.17
109.68
101.61
93.58
94.21
99.69
108.70
107.02
106.72
107.18
100.55
93.94
89.64
88.30
91.04
100.72
105.47
107.85
105.65
95.76
86.23
84.02
86.59
95.86
107.81
109.09
108.60
100.12
95.14
103.04
112.10
115.32
112.71
106.79
100.37
91.04
85.61
84.91
86.08
86.27
90.25
104.41
109.93
100.60
92.34
87.86
88.65
92.24
103.80
105.02
96.54
94.80
99.51
103.01
99.12
89.39
87.16
96.90
105.76
101.19
98.36
97.96
94.44
88.25
89.65
95.28
98.36
105.53
104.28
102.90
107.91
103.37
96.44
94.97
95.60
99.10
105.07
101.70
101.33
100.56
100.02
100.22
93.62
86.75
88.55
95.18
97.21
97.64
102.14
108.51
113.05
108.05
95.92
87.25
91.61
106.42
112.25
108.65
104.73
106.75
110.82
112.37
110.33
103.23
96.55
91.70
91.03
96.63
102.90
109.09
113.33
112.67
102.97
94.06
92.35
100.49
109.20
106.57
102.68
95.99
90.82
97.03
105.83
112.14
114.01
111.36
105.32
105.06
110.42
110.16