98.81
91.28
92.38
96.79
103.79
109.49
107.01
100.58
101.21
99.82
92.43
93.99
94.51
100.63
103.07
102.82
95.32
86.28
83.84
88.28
104.14
117.90
112.13
105.83
103.26
105.54
108.26
107.07
102.68
103.80
101.36
98.19
98.50
93.22
86.91
85.15
86.07
86.12
86.13
86.07
85.95
86.23
89.13
101.57
117.06
118.39
111.70
107.32
98.32
95.23
96.63
100.99
101.79
99.66
91.52
92.29
99.86
107.75
104.60
100.70
101.17
100.31
92.52
94.76
97.14
101.36
100.03
98.04
100.13
100.44
101.65
107.10
103.81
103.57
107.05
100.64
87.73
86.27
92.54
101.24
99.23
98.24
97.40
103.57
105.58
98.26
89.71
91.71
104.14
114.13
116.38
116.00
109.13
103.14
106.39
107.49
102.34
98.40
104.18
105.00
95.91
93.72
102.77
110.76
105.21
98.71
94.60
100.44
103.47
98.26
93.99
100.75
105.79
100.87
97.99
101.08
98.84
91.80
92.23
96.87
105.38
109.88
109.98
109.40
106.80
99.23
97.27
105.00
108.70
105.57
95.85
88.90
92.66
92.42
88.70
88.47
91.34
94.82
99.15
100.03
100.95
101.07
99.45
101.81