100.62
99.09
105.58
103.85
101.06
102.07
106.50
105.04
102.98
98.17
96.68
97.69
100.03
105.56
109.00
106.40
100.37
90.91
85.07
86.46
89.30
96.20
96.31
93.25
96.39
102.73
99.02
99.05
104.44
110.68
112.18
104.39
96.61
89.91
88.55
89.26
89.80
97.15
101.97
97.43
91.45
90.28
92.93
101.51
105.18
107.97
106.41
103.05
98.64
101.03
103.48
102.99
100.48
98.56
99.66
102.67
98.55
90.95
94.03
100.38
96.69
91.68
91.05
91.53
94.59
93.75
97.55
107.71
104.70
96.54
93.78
101.43
106.52
110.27
103.21
90.49
89.57
95.80
99.46
96.89
96.56
98.92
107.02
102.83
101.27
101.65
104.60
106.86
105.68
102.75
94.15
91.02
88.56
85.81
89.44
101.68
110.52
112.24
112.07
112.14
106.59
91.91
85.43
92.75
95.57
96.48
95.25
90.16
92.68
93.86
90.36
87.96
89.41
99.20
107.47
113.37
114.96
106.71
99.49
102.28
108.00
102.79
100.14
105.97
107.35
105.13
96.07
89.55
89.00
94.20
96.88
96.26
95.18
90.25
85.98
88.78
92.53
92.14
92.21
99.87
107.91
111.50
103.63
88.60