98.28
91.71
92.02
102.16
113.59
115.24
114.12
109.66
98.90
89.59
89.38
88.57
88.88
90.48
100.30
105.44
102.13
101.30
106.12
108.30
104.65
97.95
90.92
87.18
93.90
98.00
98.11
99.53
94.13
93.90
103.32
110.21
103.60
90.06
86.62
88.49
96.47
100.97
103.23
101.20
104.39
100.72
93.11
92.46
97.54
94.12
90.52
97.46
103.90
98.23
87.78
85.89
87.95
97.56
107.00
109.14
101.67
89.36
90.29
98.00
104.67
109.80
110.18
110.97
111.63
111.95
105.74
99.64
98.98
94.91
92.71
95.12
97.74
101.91
109.52
104.40
100.48
100.15
105.58
102.40
91.96
87.47
94.40
108.38
112.92
105.11
90.54
86.36
94.78
104.41
104.95
96.42
93.98
97.80
102.56
106.43
102.85
96.26
93.33
92.16
92.49
95.17
100.21
109.22
114.71
109.72
96.75
86.30
87.80
88.86
95.18
96.81
100.26
102.13
99.44
96.83
93.21
92.25
95.55
103.72
106.06
104.26
104.35
103.55
98.74
93.35
89.16
94.29
108.36
115.80
113.74
103.94
94.92
94.78
92.13
90.41
90.50
96.39
99.88
93.34
86.23
87.76
95.77
106.33