97.33
88.19
88.42
90.46
97.55
110.64
113.56
108.26
102.25
101.12
103.47
104.32
96.73
87.32
86.13
92.73
108.44
111.46
108.87
98.73
92.67
95.45
97.35
103.59
109.42
108.53
101.75
90.49
85.51
91.94
99.51
105.94
105.29
103.58
105.95
108.38
110.36
104.39
97.96
91.67
88.71
94.10
99.72
108.32
108.40
99.79
96.48
101.10
107.65
106.56
102.01
94.66
88.05
85.02
89.54
92.05
92.78
100.47
99.77
95.13
99.78
103.33
96.28
86.77
89.28
95.18
101.70
103.16
98.91
92.00
89.31
90.59
92.15
92.41
95.13
92.22
97.79
103.44
108.71
109.67
109.28
109.29
110.03
111.10
112.41
112.17
109.34
106.97
101.62
98.11
93.07
94.45
99.75
98.67
93.22
87.13
88.45
89.51
93.50
97.63
106.67
114.06
113.86
110.11
101.83
96.74
102.83
100.73
97.19
95.32
96.94
96.38
96.83
105.08
112.24
111.57
101.50
97.47
95.70
94.69
90.88
87.88
85.91
87.14
87.65
87.96
89.22
97.00
108.87
105.19
103.39
99.05
96.33
101.81
102.04
92.27
88.45
88.19
88.34
88.50
96.48
110.39
114.16
110.23