100.50
102.55
105.19
101.69
93.73
91.67
95.37
97.52
94.67
93.39
91.36
89.48
89.36
97.80
105.26
104.72
101.93
97.83
93.87
89.40
90.51
99.35
105.56
99.51
95.42
92.24
92.20
100.01
104.99
100.14
95.17
99.98
98.95
94.31
97.19
104.85
102.10
97.76
95.34
90.13
89.33
99.52
106.48
104.00
104.41
98.52
87.62
85.25
87.98
89.33
87.94
90.17
91.81
100.04
100.53
102.01
103.62
99.99
94.63
89.88
92.72
102.44
109.21
110.74
102.25
96.76
92.18
89.31
96.79
98.36
90.65
90.00
90.91
91.96
91.32
96.95
100.74
95.05
96.73
94.39
98.50
97.03
98.49
104.31
110.55
104.24
91.13
88.24
92.06
96.13
101.25
101.15
95.08
97.90
104.58
104.50
105.77
110.58
107.81
94.50
85.15
85.34
90.68
92.79
93.07
98.48
105.80
106.46
104.49
96.74
92.42
91.35
93.04
96.16
95.82
91.15
87.86
90.99
98.47
99.14
94.51
90.30
92.41
93.57
93.35
98.97
106.71
108.24
104.24
96.42
95.07
98.20
104.70
99.94
96.49
93.06
90.36
96.54
98.00
92.07
92.20
95.87
106.28
108.85