100.49
96.87
106.58
113.74
115.35
110.56
101.36
91.15
92.77
97.97
97.74
100.99
96.85
88.50
88.39
89.27
90.42
98.86
107.77
103.06
99.28
95.96
93.96
94.94
102.38
98.93
99.65
101.29
95.18
89.79
86.51
92.20
99.53
105.63
103.15
103.11
96.83
95.21
92.57
95.03
101.32
103.43
106.83
101.58
90.41
84.76
89.58
95.81
93.33
91.46
96.63
97.48
100.94
103.36
101.15
94.77
88.37
86.37
89.36
93.22
95.49
93.12
97.45
99.16
92.60
87.98
94.72
109.90
109.05
100.61
90.29
88.55
89.18
93.32
102.20
111.56
114.54
115.13
109.97
97.74
96.04
98.22
99.05
104.76
103.83
103.46
103.79
97.89
89.66
89.04
93.29
99.41
104.59
110.13
104.90
102.77
107.82
104.05
100.93
100.89
104.12
106.13
107.93
105.25
100.13
101.86
96.89
97.17
102.50
108.74
112.30
110.68
104.84
101.75
100.27
103.19
100.10
95.69
101.19
100.87
96.25
94.99
90.90
94.85
101.60
100.73
93.09
90.86
91.06
90.75
96.26
103.74
107.64
111.88
107.08
93.88
90.63
90.00
91.28
93.00
93.83
98.01
97.18
100.24