100.28
94.18
101.40
108.09
101.71
91.19
86.14
90.69
96.15
106.62
109.20
105.82
94.26
87.85
93.67
106.36
114.05
116.17
112.73
102.79
90.83
87.24
92.04
100.00
108.44
113.30
106.82
100.98
93.05
91.56
90.14
89.33
96.61
109.90
111.27
103.31
90.89
87.08
88.13
87.14
89.70
90.31
91.06
97.51
104.64
108.29
112.37
110.42
104.23
97.13
98.68
106.45
110.12
109.78
105.22
103.35
99.88
95.45
91.51
93.10
94.49
93.00
94.77
96.23
104.10
101.62
96.21
95.88
98.21
102.34
100.28
101.77
107.39
108.88
108.39
105.73
104.42
97.98
89.21
84.71
84.86
88.72
92.66
98.26
102.78
107.00
108.18
110.29
112.58
111.91
107.97
95.30
89.40
94.47
106.20
112.27
109.90
105.53
95.36
93.96
91.94
93.76
99.27
108.59
108.70
104.75
98.65
95.32
90.55
90.15
99.95
101.85
105.52
106.81
107.17
107.14
98.43
95.41
91.78
95.82
95.63
100.18
109.45
105.19
93.65
90.63
99.35
100.59
93.82
89.69
89.89
98.44
99.30
97.34
94.58
100.11
98.34
97.49
95.62
92.90
88.91
87.74
88.78
89.08