98.53
97.66
105.05
108.86
105.53
100.32
99.14
104.81
109.49
111.77
110.36
107.91
102.76
92.79
94.13
93.66
96.58
100.60
96.51
90.32
94.93
107.81
112.19
112.42
108.84
104.35
98.75
100.59
106.18
111.54
112.88
107.88
97.09
94.49
94.00
93.74
94.62
103.63
110.94
111.10
103.33
92.87
93.82
97.34
93.72
96.46
98.43
104.88
109.72
113.04
113.73
108.92
102.78
96.69
89.09
85.88
86.82
93.26
101.57
104.98
104.39
98.72
90.03
86.56
87.15
93.95
96.81
98.76
99.36
100.21
97.99
91.37
92.38
92.68
99.97
103.43
105.85
110.70
109.59
103.71
99.64
102.94
109.63
105.54
97.19
98.83
105.78
107.79
109.82
112.86
111.78
110.95
104.46
100.52
102.91
109.10
111.99
112.05
105.30
100.00
104.00
106.57
104.02
96.22
88.88
90.43
92.17
98.89
98.57
92.09
88.47
88.86
97.30
98.86
100.64
108.05
113.31
110.23
98.30
96.09
94.80
92.97
99.03
98.29
99.13
106.02
108.09
109.96
112.73
105.56
100.23
93.34
86.37
85.10
91.59
100.74
108.37
110.49
106.65
107.09
109.22
103.76
89.82
83.81