99.49
93.13
92.62
100.93
110.74
106.20
100.65
98.50
100.47
105.77
106.38
107.44
106.46
107.19
111.05
111.23
103.94
92.65
86.49
90.43
94.99
102.10
107.73
108.55
110.55
104.43
92.08
91.45
101.13
105.05
102.41
97.95
102.06
100.65
102.57
102.60
99.70
95.88
101.32
107.68
112.00
114.63
115.50
111.98
105.32
100.72
97.80
99.98
95.75
97.65
106.33
108.03
100.10
91.72
96.38
106.98
111.40
109.68
109.02
101.24
90.71
87.73
86.91
92.45
106.82
106.24
104.40
107.43
105.77
104.09
103.50
96.21
97.05
98.52
97.46
94.45
95.21
103.28
106.84
104.41
98.60
91.48
87.76
90.12
98.06
108.76
114.92
112.94
100.79
91.92
95.18
94.68
91.18
88.29
92.44
96.78
100.04
101.20
100.95
94.34
90.25
94.74
104.31
110.90
108.92
105.46
105.38
101.44
102.95
100.09
98.49
97.56
103.85
102.00
102.96
101.41
100.77
97.96
99.63
104.49
98.41
94.38
102.65
106.96
98.82
95.70
103.82
111.65
109.88
100.70
87.83
85.24
89.13
95.32
96.76
103.26
107.23
108.58
110.39
111.88
108.17
97.29
89.61
86.52