96.41
88.07
92.01
104.82
101.75
98.33
102.98
104.95
100.28
101.81
104.94
103.15
95.21
94.86
97.31
92.90
87.73
93.67
101.46
107.47
100.87
94.46
95.13
100.05
108.37
111.79
108.68
105.67
99.59
96.25
93.89
92.59
97.44
105.95
107.51
97.22
87.08
84.83
85.73
90.91
96.38
98.62
106.00
105.11
96.14
94.31
103.07
103.11
96.36
94.43
95.99
92.33
95.42
98.28
101.79
107.15
104.64
92.77
87.85
93.22
96.72
98.46
102.87
101.96
95.28
96.59
103.61
106.12
104.61
98.38
92.79
87.30
85.33
85.21
85.31
86.89
89.30
96.02
109.13
104.98
101.10
101.23
104.92
99.61
99.98
107.78
111.89
111.21
101.50
95.27
99.22
96.95
95.73
101.62
105.55
107.70
103.72
98.94
100.34
105.00
107.68
102.72
93.85
89.60
96.68
108.14
105.07
100.77
99.79
105.58
102.13
93.46
88.16
91.90
95.74
93.83
89.40
89.27
98.95
102.28
103.14
108.73
108.86
102.64
91.97
85.95
84.85
88.10
97.16
108.22
103.27
98.77
93.19
89.31
91.63
95.48
100.95
101.90
98.19
100.02
103.16
96.41
90.10
88.58