102.14
96.27
97.27
103.83
104.62
99.03
92.42
93.30
101.40
111.52
115.89
113.83
101.59
86.46
83.28
85.77
90.71
103.57
113.21
113.36
102.32
92.70
94.22
104.94
111.83
110.97
108.47
102.79
101.35
96.74
91.16
90.35
88.24
91.07
91.95
94.01
91.29
96.60
104.07
104.38
94.67
91.78
102.50
104.66
104.13
97.74
89.86
85.89
85.26
86.42
88.56
88.86
88.77
90.99
97.26
100.16
95.38
91.42
98.09
105.14
100.38
101.39
108.19
108.66
97.54
91.57
99.63
109.71
104.60
101.50
105.15
99.91
92.54
91.94
96.28
99.31
98.73
93.04
86.77
86.72
96.01
111.93
114.11
104.75
95.31
89.12
91.64
93.24
91.01
92.09
90.73
88.85
95.75
106.40
110.08
112.81
111.84
103.18
97.33
90.75
85.14
85.00
88.51
91.55
94.53
94.62
89.91
89.85
95.12
99.42
95.62
88.29
89.36
89.76
95.95
110.34
110.57
103.38
91.32
86.51
89.75
94.34
101.13
102.93
96.56
93.20
95.33
96.16
103.43
104.22
99.11
102.12
98.44
89.49
93.08
108.11
112.82
111.95
108.76
103.56
93.52
88.81
93.48
92.55