99.20
90.62
94.56
109.88
110.76
109.97
111.37
110.91
102.70
100.14
100.23
93.99
88.91
92.75
104.67
110.60
107.43
100.30
101.87
101.11
98.31
103.55
100.70
99.40
100.15
101.77
104.57
107.09
108.24
107.90
107.22
109.37
111.72
113.32
107.94
102.44
97.94
95.48
92.59
88.38
89.20
94.12
99.59
101.42
98.65
92.27
90.37
95.82
106.88
111.74
111.32
103.06
95.90
95.76
96.02
97.13
94.41
89.07
94.34
106.66
107.47
101.70
94.68
87.63
86.14
88.38
96.75
105.39
112.86
106.78
100.03
100.51
97.72
96.07
96.46
96.22
103.37
110.24
112.66
105.67
101.34
97.94
101.63
108.75
112.44
110.82
101.58
90.62
88.94
91.85
101.54
110.05
103.78
99.62
104.45
102.71
104.08
104.35
104.76
103.97
99.48
96.29
96.23
97.83
94.60
93.57
98.78
98.05
99.92
100.44
103.01
104.71
100.60
96.03
94.43
96.22
96.37
96.31
102.31
109.35
108.84
109.55
109.01
100.84
92.22
87.01
86.35
90.65
95.61
101.81
109.51
110.95
109.02
106.81
108.03
110.90
110.67
107.65
106.83
100.25
88.90
84.38
87.34
95.88