96.87
87.42
85.52
87.88
91.40
92.05
97.08
98.44
96.88
93.58
93.17
97.43
105.31
111.76
110.85
104.15
97.94
90.76
89.75
95.10
104.54
101.86
94.22
93.60
93.57
97.12
93.73
88.75
94.85
98.03
99.94
100.33
94.14
87.20
85.52
86.82
94.49
99.78
105.54
108.26
109.41
108.60
105.22
102.73
97.86
100.64
102.85
104.71
99.49
96.03
101.65
110.81
106.38
101.88
93.71
88.16
91.39
99.31
102.34
98.75
96.33
102.51
107.88
105.60
100.17
99.05
103.58
109.22
104.77
93.37
92.14
92.59
97.41
98.70
101.36
98.21
97.12
94.26
93.66
91.92
98.11
106.93
103.63
91.17
84.57
85.46
89.59
93.37
93.27
92.67
91.43
98.68
108.79
111.17
108.33
106.24
107.10
110.91
109.09
103.88
105.31
105.20
105.97
103.12
96.06
91.69
92.92
90.24
92.62
97.44
105.30
110.21
111.44
108.08
101.20
101.24
107.00
104.34
99.54
95.32
98.64
104.96
107.00
107.68
105.51
105.71
108.05
104.96
104.70
108.38
106.39
102.13
92.99
85.49
84.19
86.56
91.28
92.42
92.94
92.37
90.58
87.86
89.24
91.53