99.28
92.46
92.95
93.33
99.52
102.37
100.44
99.41
95.83
89.62
92.47
105.27
113.11
111.21
108.17
108.76
107.15
97.63
92.45
100.45
111.69
107.35
102.08
105.17
108.71
105.52
98.95
101.32
99.93
96.39
93.36
89.02
90.20
91.26
98.36
111.22
107.46
98.81
100.90
101.75
102.39
105.86
105.11
96.33
91.61
93.03
98.31
105.51
108.43
102.88
95.72
89.99
93.37
95.74
102.12
110.83
112.41
103.88
89.46
83.51
87.52
91.49
102.36
111.40
104.98
97.37
98.96
95.70
90.65
91.74
99.31
102.11
107.00
111.87
109.09
106.30
107.02
102.29
91.04
88.03
97.42
109.09
113.05
114.27
111.84
103.95
100.44
97.60
90.50
90.52
92.61
100.98
108.07
102.27
89.48
87.02
92.94
95.88
100.12
103.03
105.17
109.12
105.23
104.19
109.65
111.12
111.70
104.49
98.20
101.75
109.96
113.16
105.16
88.62
88.40
103.73
107.81
108.34
109.16
106.89
98.79
88.13
86.95
89.49
92.21
90.12
93.64
100.77
99.73
92.49
86.77
86.70
89.26
97.29
99.56
100.43
107.23
108.46
104.06
98.33
100.86
106.86
107.02
97.69