98.06
89.87
91.64
104.93
108.95
111.80
109.12
99.63
89.31
85.49
88.12
89.85
89.43
89.69
92.94
100.61
102.89
95.58
86.96
85.94
93.67
107.10
112.73
109.33
99.76
91.46
93.72
101.65
99.61
95.11
98.08
100.01
94.72
93.55
91.69
89.90
95.71
101.31
96.29
91.98
94.44
105.30
112.47
114.85
114.83
106.41
94.55
86.39
85.30
90.22
92.66
101.34
112.93
108.36
97.03
95.02
105.14
109.41
107.88
106.97
109.03
104.62
90.73
84.14
89.94
102.81
113.35
111.12
109.12
101.60
93.92
98.19
101.26
96.88
96.00
100.40
97.90
97.13
98.19
100.62
100.69
93.85
86.87
86.63
89.44
97.43
103.62
109.67
107.81
95.81
89.51
93.33
103.14
101.32
97.07
94.10
91.92
88.02
88.99
96.10
103.04
103.44
95.36
87.58
89.68
102.88
104.60
95.66
94.90
98.07
94.53
93.26
92.78
95.56
104.32
100.72
95.50
90.78
86.65
90.60
104.06
107.97
106.69
104.97
108.48
106.23
100.97
100.54
105.12
110.11
111.03
102.12
94.84
100.88
106.29
101.24
96.76
95.56
97.31
105.21
112.73
112.55
110.92
103.61