96.46
91.13
104.89
108.57
97.67
91.71
88.76
88.36
91.33
98.32
101.39
107.37
103.67
91.98
84.72
84.78
85.73
90.40
107.50
115.66
113.20
101.79
91.52
88.57
90.57
100.84
105.90
108.37
111.17
111.57
108.27
101.07
100.46
97.91
98.48
93.84
87.57
87.63
96.39
109.83
114.94
112.81
108.88
108.42
102.83
101.33
107.83
111.36
112.93
104.91
94.25
87.30
92.91
106.69
112.11
111.44
107.74
104.74
101.76
100.34
102.58
103.30
99.49
91.01
88.80
95.24
103.47
100.25
91.20
86.33
91.60
106.31
106.92
107.00
106.96
104.28
102.00
97.09
89.83
90.61
97.74
97.10
92.23
90.97
92.30
98.81
107.71
108.34
109.88
104.08
95.12
86.90
88.07
99.26
110.40
114.89
111.12
106.18
97.11
94.67
96.50
101.19
105.76
99.52
95.24
89.90
85.59
84.69
85.68
86.64
89.87
91.07
93.89
98.92
109.48
116.22
112.23
102.22
98.56
94.56
88.39
92.61
93.78
94.88
100.87
109.06
106.22
105.98
109.54
108.88
97.31
87.69
86.29
93.27
107.96
112.57
110.03
99.59
94.85
91.19
86.60
89.82
100.71
101.67