96.49
87.62
91.52
96.71
97.51
95.17
96.19
97.06
95.71
100.61
98.88
94.42
98.00
107.85
112.59
114.54
111.85
109.51
110.14
104.57
95.65
92.04
99.82
108.30
108.20
108.58
106.79
99.56
96.72
97.60
96.60
93.65
91.81
97.67
105.93
104.30
98.50
102.22
104.41
108.07
110.63
111.42
105.30
93.46
85.63
84.10
84.83
86.80
91.09
103.71
108.50
111.50
106.92
99.37
93.15
87.75
91.84
93.98
97.80
100.73
101.87
107.14
107.22
106.51
108.57
103.03
89.09
83.31
85.61
88.69
94.53
95.03
90.58
87.60
87.39
89.62
93.46
105.56
104.33
104.67
100.61
101.53
106.95
112.17
110.20
104.55
96.60
92.06
93.56
96.98
92.69
86.79
91.15
105.83
110.44
108.17
108.72
104.77
103.59
100.51
90.31
85.37
92.17
98.59
105.83
111.90
113.04
104.13
91.62
90.69
90.94
98.17
104.13
107.25
107.71
105.33
105.73
101.07
93.58
89.67
92.03
90.53
87.67
91.61
93.33
91.89
89.14
92.88
103.66
105.92
103.34
99.28
98.72
93.60
94.52
96.88
102.21
104.18
105.10
102.49
102.55
103.22
98.75
95.10