99.96
97.90
96.56
90.25
87.56
87.49
95.09
110.83
116.56
114.94
108.74
95.01
87.33
87.84
90.40
95.38
96.70
93.59
97.86
99.90
96.83
89.50
88.46
96.00
109.03
105.50
95.38
96.25
105.47
108.83
100.02
89.25
92.91
105.05
106.25
103.42
98.63
96.51
101.28
107.90
104.24
102.44
107.58
106.63
94.61
84.69
84.02
88.83
97.57
97.90
96.24
97.14
100.79
104.91
108.63
102.94
101.14
103.04
100.57
103.10
105.05
102.79
92.86
86.77
90.32
101.47
108.36
107.82
109.10
110.20
107.04
101.61
94.55
91.71
94.83
101.36
109.13
103.90
94.59
87.40
87.98
93.46
98.06
106.31
107.66
107.00
103.08
93.22
93.24
92.51
93.55
101.33
99.32
92.38
88.22
92.05
94.12
96.70
100.83
108.02
112.34
114.48
110.42
98.10
89.53
87.48
89.59
94.08
105.70
103.39
102.74
99.04
92.40
88.18
90.45
95.56
101.96
104.56
104.21
104.78
98.06
88.04
85.13
90.52
104.82
114.39
107.85
94.50
85.55
84.91
85.81
87.03
90.72
105.36
117.86
117.78
109.51
99.35
93.91
88.68
85.28
89.87
96.91
94.68