102.20
106.58
113.73
116.12
108.54
99.82
93.83
93.46
93.65
90.58
95.98
98.70
97.18
100.39
107.60
102.84
102.14
108.09
111.50
103.76
95.18
96.52
105.06
105.40
101.88
93.40
86.74
90.71
92.07
95.81
100.78
103.83
109.74
104.40
100.35
103.85
105.76
96.81
90.03
94.92
101.18
107.10
112.59
114.10
111.45
109.97
105.99
100.60
94.11
92.56
98.60
100.46
105.36
101.37
94.31
92.54
101.39
112.29
113.30
110.04
99.07
93.62
100.68
101.20
98.72
94.99
96.67
95.46
90.85
87.13
93.02
97.62
94.81
93.62
92.34
100.14
100.17
103.19
101.40
97.36
91.40
95.78
100.07
100.73
98.83
97.95
99.54
103.81
104.87
105.03
97.97
91.92
97.07
101.05
107.00
112.59
114.22
108.87
104.61
102.73
102.27
101.37
97.22
98.62
104.57
106.28
103.22
100.11
98.82
92.07
90.18
88.37
86.51
89.04
89.57
90.66
91.43
90.69
94.50
100.46
98.11
98.08
98.52
92.42
87.44
89.03
91.16
94.83
106.34
110.83
102.82
100.35
97.19
92.86
89.31
95.34
98.63
97.08
91.18
92.24
101.82
108.67
110.90
112.42