97.79
88.40
86.21
88.05
88.84
88.54
87.34
92.16
95.54
94.61
101.41
107.40
112.71
115.48
113.73
109.71
109.26
111.32
103.74
90.53
84.35
84.97
86.24
91.35
98.50
97.38
99.98
98.03
100.17
96.60
94.36
90.22
95.32
97.33
100.65
95.59
96.13
100.56
105.25
100.96
99.67
97.86
91.42
91.78
93.31
95.05
100.88
107.16
109.07
106.20
99.03
91.94
96.77
103.59
108.66
108.29
102.78
92.36
90.91
101.69
108.80
106.29
98.82
99.35
99.45
101.10
97.72
94.11
93.42
97.31
100.41
102.18
104.09
100.11
90.73
88.91
96.05
100.55
107.09
112.39
108.68
101.00
99.92
99.99
93.83
87.36
85.27
85.15
88.07
100.35
116.32
119.29
115.82
111.86
110.46
107.01
106.49
99.04
95.42
96.99
93.99
98.42
103.65
103.96
104.54
98.13
94.58
92.14
94.15
100.67
106.80
100.57
92.74
87.31
90.41
91.85
94.66
93.72
99.65
100.77
101.25
102.72
97.79
99.86
107.34
104.60
91.43
85.22
88.00
95.75
95.34
89.37
85.87
88.60
90.31
98.43
98.66
92.90
95.63
95.60
89.93
87.23
90.77
91.87