101.05
93.85
97.14
97.26
90.70
92.80
93.54
100.01
110.66
111.72
106.90
105.93
105.42
98.60
96.98
103.63
106.68
97.92
93.41
91.10
93.95
104.52
109.06
108.01
108.08
101.55
94.56
93.39
100.43
101.57
95.63
91.58
88.85
87.31
92.34
96.82
97.82
94.43
93.85
94.20
96.70
94.21
89.30
89.33
95.12
104.27
111.22
111.78
107.52
106.29
105.51
96.90
95.96
94.95
100.32
103.96
104.97
96.83
94.98
94.14
94.65
94.92
101.42
111.08
113.90
111.82
102.82
91.05
88.47
95.49
103.51
108.54
110.77
103.50
93.92
88.76
91.00
100.42
105.50
101.46
94.90
91.83
89.42
89.47
89.62
95.19
103.20
99.89
92.03
91.13
100.91
110.62
108.55
100.76
90.00
92.34
102.42
106.22
101.14
101.00
101.00
97.28
100.85
98.48
99.70
107.68
110.79
107.46
97.29
87.52
87.03
93.24
99.31
105.36
103.41
97.27
93.15
94.73
92.42
96.49
105.12
112.07
110.21
97.35
92.35
97.58
106.56
101.84
93.37
91.61
101.03
105.54
108.27
109.21
106.66
105.19
107.60
102.02
94.83
90.28
93.96
100.13
101.58
102.51