97.44
91.31
93.81
104.22
103.76
105.36
109.23
112.17
114.19
115.08
110.18
94.27
83.48
83.83
88.90
98.67
102.81
107.65
111.69
109.69
101.20
94.07
95.73
98.89
101.46
103.27
103.26
101.79
97.13
97.62
97.41
98.65
104.08
102.37
97.66
97.37
94.85
96.76
103.80
99.30
88.93
85.56
88.60
91.16
94.09
92.39
94.24
100.90
97.47
91.27
96.26
106.00
106.75
101.65
97.98
99.55
101.27
94.36
86.34
84.72
85.16
87.67
95.47
110.15
109.46
105.53
106.10
99.93
98.62
105.29
103.61
99.99
104.02
100.49
93.12
91.51
93.00
94.88
103.30
109.69
113.32
111.68
102.63
89.74
89.56
91.75
89.45
88.14
95.30
105.11
108.63
105.77
100.79
104.24
109.73
108.79
102.39
95.20
97.87
97.37
94.62
92.67
93.17
96.80
94.03
97.50
97.82
93.11
95.75
98.37
94.29
92.13
88.88
86.29
91.15
102.00
105.22
98.67
93.29
90.75
92.48
102.75
111.59
106.95
99.01
96.89
104.79
104.23
96.26
95.97
101.05
103.36
96.11
90.44
90.28
99.25
102.73
101.28
99.13
104.08
107.23
103.21
95.77
89.69