101.17
100.58
104.78
100.26
94.68
92.99
99.67
104.11
98.91
92.34
96.32
107.67
109.14
110.33
103.26
95.19
91.03
87.71
85.96
88.95
93.53
101.82
110.60
107.93
104.00
104.93
98.13
92.84
92.31
98.73
104.13
105.17
103.06
95.63
89.64
86.04
89.33
99.28
103.56
102.35
97.33
92.15
93.57
93.47
89.54
91.07
101.84
113.07
116.94
117.08
113.67
105.20
92.75
90.00
91.13
94.93
105.23
112.44
111.41
106.79
104.65
96.18
86.26
84.31
84.91
84.97
85.02
86.79
91.29
102.89
107.65
109.35
107.58
108.94
107.30
103.92
101.14
96.80
91.44
94.29
101.12
108.57
103.54
94.20
87.87
91.92
105.98
109.05
110.96
112.42
103.80
98.35
98.87
100.84
94.01
86.20
89.06
103.73
111.14
111.83
111.25
110.27
105.46
99.55
90.06
90.63
101.86
107.93
109.73
106.69
99.89
95.50
96.98
95.92
95.36
96.17
93.62
92.56
95.72
103.41
102.41
97.84
94.54
99.62
97.63
89.06
91.70
104.54
112.14
110.10
108.00
101.70
94.67
94.06
94.21
92.67
95.47
105.26
109.50
108.75
104.55
105.16
103.80
103.47