96.91
89.26
91.49
102.37
112.48
109.64
108.16
104.27
92.86
88.93
88.16
86.21
89.32
93.56
96.99
99.81
97.33
100.50
108.51
109.40
99.18
95.58
96.30
94.34
96.46
99.58
95.47
94.60
92.38
91.49
99.05
102.17
101.68
100.85
100.24
93.52
94.73
98.35
102.95
109.33
113.29
111.05
108.40
109.27
106.73
102.09
101.55
95.86
88.58
92.85
101.43
104.29
100.99
91.80
88.13
95.39
105.74
112.69
112.76
111.78
112.00
110.87
105.23
102.23
103.85
102.88
95.23
96.41
106.51
108.55
108.11
105.40
98.35
91.51
88.62
87.40
85.95
87.97
88.81
89.04
89.81
92.40
94.69
103.70
101.75
91.56
85.50
85.49
87.62
95.90
102.92
109.56
111.76
113.41
110.45
99.89
97.79
104.78
111.63
105.87
101.82
96.24
98.63
107.45
113.42
109.37
102.49
97.32
97.67
102.80
105.83
98.43
92.38
88.95
95.24
107.70
103.59
97.87
92.13
93.26
95.25
90.86
92.78
91.76
89.67
89.15
91.90
91.63
97.36
100.02
94.00
90.86
89.30
88.09
88.00
89.83
93.30
98.15
101.09
101.21
104.02
102.87
104.36
105.85