102.49
99.26
98.92
105.16
109.62
112.47
111.16
109.16
110.10
108.24
96.92
86.91
84.68
87.31
90.33
91.74
90.95
91.42
89.88
94.03
103.45
101.54
97.88
92.54
91.82
95.04
98.50
98.10
96.43
91.69
94.37
94.23
91.24
97.85
103.74
99.64
100.18
96.00
95.62
95.65
101.30
100.55
99.16
100.23
102.47
99.14
98.62
97.42
94.20
97.97
101.85
98.57
99.43
106.00
110.47
109.88
99.98
95.26
93.57
90.45
86.92
87.01
89.90
100.88
102.80
104.88
98.26
89.01
88.09
93.16
105.27
112.12
109.79
105.92
105.69
105.08
106.94
108.53
110.14
110.17
108.92
106.25
107.43
107.53
100.50
88.25
86.54
88.25
93.46
104.70
108.54
103.19
100.14
102.10
101.48
99.94
103.15
107.20
110.58
112.33
111.34
110.21
104.66
103.44
100.93
97.02
90.02
91.15
97.19
98.58
99.72
107.13
112.19
109.63
99.31
88.61
89.98
97.76
101.17
105.08
109.82
106.80
93.95
87.37
89.51
93.20
100.83
105.74
107.66
106.46
107.05
101.81
93.60
90.53
88.27
93.19
106.06
103.15
94.86
89.26
94.75
98.54
94.03
94.76