102.86
102.74
99.42
102.27
108.39
103.25
100.28
106.59
104.23
94.87
93.16
99.61
95.96
95.27
95.60
92.47
88.30
92.54
92.84
97.51
104.08
99.18
94.72
89.59
90.28
95.05
95.55
102.15
100.20
97.02
94.20
94.81
99.82
106.76
111.79
105.98
103.07
100.85
104.40
110.18
110.92
110.87
108.19
105.33
104.02
107.50
106.56
107.19
102.65
94.71
86.96
84.28
84.88
89.68
104.34
108.88
99.05
89.28
85.19
84.73
85.08
85.25
86.25
90.52
105.88
109.69
103.86
94.96
95.22
102.02
100.95
93.50
88.44
93.28
104.89
109.38
102.94
90.82
85.62
91.00
107.03
107.68
106.98
102.60
94.77
87.02
87.53
97.39
109.32
107.15
107.19
102.95
91.76
87.24
86.37
89.19
91.59
93.24
97.15
101.26
106.65
104.47
103.94
102.50
99.93
91.95
86.05
84.76
84.91
87.60
96.27
109.86
113.90
112.43
112.02
110.88
101.88
93.13
91.36
90.45
94.57
95.69
90.71
93.54
94.82
102.64
106.08
100.76
99.10
106.69
113.76
108.67
99.55
93.93
88.77
89.83
89.93
94.56
100.94
98.50
89.85
88.24
89.60
89.22