97.12
89.47
90.82
99.46
111.67
112.95
103.29
96.61
92.34
92.93
102.09
103.99
100.13
103.91
111.32
111.41
100.13
91.65
95.22
100.24
104.74
104.25
102.83
106.13
108.25
101.84
98.44
104.95
112.14
106.30
91.47
86.73
86.79
92.91
97.82
106.38
113.00
115.38
111.80
97.40
84.03
85.01
88.48
88.55
93.18
102.76
110.03
113.61
111.69
105.62
99.11
101.28
109.68
111.40
111.77
108.04
95.22
89.42
96.72
97.80
89.96
88.41
94.07
106.77
110.37
110.68
105.09
95.43
96.20
96.69
92.19
92.71
103.85
110.16
107.79
105.96
103.67
105.88
102.60
96.10
92.56
90.47
95.78
99.54
99.84
94.48
88.52
94.25
101.30
106.10
102.10
94.52
89.05
86.52
91.77
101.33
106.04
98.78
88.07
87.67
91.90
91.17
95.88
99.12
102.73
99.34
102.28
107.76
111.92
108.57
100.18
89.99
87.69
94.82
96.65
98.88
100.91
103.57
109.23
106.11
97.73
91.53
89.49
91.52
100.51
99.06
89.53
87.60
88.66
95.77
101.17
105.08
106.10
98.08
96.65
106.02
103.00
95.37
97.04
101.20
106.64
106.48
96.29
89.76