102.18
104.93
106.81
107.37
103.95
92.99
85.49
84.98
88.07
93.57
98.57
94.19
97.33
98.68
103.04
106.65
111.24
106.80
100.97
98.77
97.39
102.51
108.10
103.96
96.18
96.99
103.01
102.42
99.83
94.64
88.78
88.27
96.46
103.76
104.98
98.01
98.23
96.12
96.19
98.49
95.76
88.77
86.75
88.19
92.25
98.97
98.84
103.93
105.79
101.00
98.61
93.25
88.44
94.60
96.01
97.58
106.30
110.86
112.62
112.31
103.17
92.04
93.39
103.77
100.13
92.81
87.13
85.02
86.60
87.49
87.25
86.77
88.30
94.18
103.80
111.32
113.47
104.84
93.80
89.25
97.49
106.82
112.04
107.30
104.46
102.43
96.00
87.31
90.01
96.06
100.91
101.73
100.21
95.81
94.43
102.99
109.36
103.28
92.75
88.66
90.20
88.93
91.83
92.93
92.68
94.46
95.50
95.47
90.46
92.11
94.41
95.44
92.79
89.46
90.81
95.44
102.85
103.52
107.49
106.63
107.83
107.29
105.38
104.40
100.13
90.75
84.91
85.77
87.66
93.14
105.43
115.28
112.69
108.32
102.35
91.10
84.38
85.21
87.92
91.48
93.30
93.89
98.26
105.79