99.60
96.88
108.95
113.85
107.43
99.77
100.54
99.64
99.92
102.04
101.90
94.55
89.54
96.93
100.70
97.50
97.26
92.98
87.84
86.09
85.88
85.57
86.45
89.16
90.92
90.35
91.18
92.32
94.61
101.38
104.40
107.54
101.43
99.85
98.54
95.86
95.40
101.85
110.02
108.46
102.03
94.01
89.41
95.39
95.40
97.69
106.32
106.52
104.93
97.18
87.10
88.01
90.81
91.58
96.67
104.04
109.74
108.52
107.49
106.44
104.00
94.14
93.66
98.80
104.84
109.35
111.71
105.05
91.23
84.03
86.21
89.15
97.62
110.76
105.59
94.58
87.63
90.60
91.53
90.27
91.79
101.92
110.85
104.09
98.04
101.78
109.33
103.65
92.33
86.72
93.55
107.08
105.29
103.49
97.08
95.81
100.78
106.91
107.84
107.85
103.40
102.27
107.06
108.26
106.64
101.15
102.62
101.40
96.80
101.05
107.81
106.32
104.56
99.75
101.29
96.83
87.91
86.60
90.24
93.14
101.64
106.95
103.78
99.78
93.51
91.36
91.08
94.06
102.08
111.89
114.45
105.62
96.37
94.09
89.83
93.25
97.38
92.42
93.84
104.06
101.17
96.19
99.45
108.86