103.09
101.35
97.70
93.43
90.15
87.46
88.87
88.82
90.30
89.42
88.34
90.73
102.40
109.58
108.50
107.79
107.07
108.79
108.12
107.66
101.03
93.07
91.50
90.73
98.43
105.49
105.62
100.71
92.68
90.16
90.79
94.44
94.96
95.26
92.22
96.19
106.16
110.75
111.39
104.35
99.43
94.44
88.83
91.64
100.18
102.40
105.98
105.60
107.97
105.17
103.58
99.88
99.02
101.04
101.25
103.53
109.10
113.56
111.94
99.58
88.38
85.07
88.31
94.66
96.99
97.14
98.88
94.09
94.09
102.40
108.70
105.78
104.75
108.91
109.87
106.01
97.51
96.92
97.74
97.94
94.79
97.91
98.11
97.62
101.21
106.84
107.81
106.99
99.58
94.37
92.17
99.61
106.11
103.22
99.30
103.33
110.01
104.57
95.81
90.37
87.24
87.59
92.74
98.05
104.55
111.05
109.11
99.99
89.02
85.99
93.22
102.51
101.52
98.95
100.41
95.87
88.64
85.45
90.41
105.73
111.31
102.66
91.48
86.44
85.87
89.68
93.78
95.98
101.97
105.73
97.99
87.22
90.35
97.42
100.92
107.64
108.23
109.90
102.84
100.27
106.20
102.94
95.03
93.98