99.58
96.13
105.42
114.42
113.25
107.46
96.22
87.58
89.48
99.29
101.39
103.86
104.50
100.03
90.87
90.53
100.50
102.62
98.57
102.27
106.44
109.82
108.82
106.71
102.37
91.35
86.42
86.48
90.28
91.12
94.92
96.73
104.12
104.17
96.47
95.94
92.61
88.62
91.49
94.68
101.35
105.68
109.54
109.72
111.19
112.05
108.09
106.26
109.31
110.67
110.05
105.82
101.57
102.95
101.72
94.83
94.81
95.20
90.58
92.16
102.01
110.03
110.01
101.54
94.07
91.34
90.36
93.47
93.99
99.31
105.84
102.21
97.14
101.44
108.06
101.61
99.13
97.19
98.33
106.01
109.65
100.78
91.39
91.68
103.06
112.10
115.18
110.46
104.11
101.43
96.50
91.47
96.26
99.60
96.27
99.66
100.35
92.85
85.71
88.49
99.81
109.84
108.08
103.05
96.27
97.68
106.03
101.86
89.27
90.12
95.90
104.93
106.40
100.52
96.48
94.48
93.71
101.97
112.35
113.30
102.92
93.63
95.24
97.96
102.25
100.41
90.88
85.38
86.49
92.67
102.52
110.61
110.69
110.25
108.57
101.98
97.56
97.58
102.74
104.40
97.11
89.57
86.19
85.48