100.64
98.94
107.49
114.13
116.06
108.78
94.97
85.03
84.73
86.96
93.07
103.43
110.27
111.62
102.40
90.55
92.74
103.12
111.85
114.88
110.62
102.94
97.12
99.67
107.37
109.18
104.88
102.02
95.48
86.83
90.57
96.56
101.09
95.57
89.10
93.71
102.38
102.58
104.88
105.17
99.26
91.12
90.85
96.46
99.22
98.67
103.81
102.00
100.97
99.77
96.16
96.96
105.03
109.79
102.77
97.05
102.77
103.58
104.58
108.58
105.46
94.94
90.21
92.14
101.67
101.69
102.35
105.89
109.70
103.81
101.47
98.88
97.24
95.61
94.37
96.18
94.71
100.73
109.11
107.47
104.89
106.50
104.79
95.70
86.00
83.75
85.95
90.74
95.76
106.04
106.36
107.04
109.45
112.08
112.04
105.89
99.64
98.51
102.31
101.01
104.22
105.71
107.15
108.24
108.58
100.83
96.00
99.39
103.44
105.25
100.92
93.09
94.60
95.20
96.74
103.14
108.63
103.54
92.80
87.48
87.66
88.79
87.72
90.19
93.63
97.36
103.61
98.92
95.75
93.96
97.79
98.60
91.93
93.02
91.85
88.42
93.52
105.14
113.11
111.65
100.30
89.10
84.80
87.86