96.45
88.21
88.26
92.09
102.73
102.40
92.51
94.64
99.19
104.38
109.64
110.15
109.85
109.74
108.99
107.09
108.70
107.50
97.24
86.51
84.62
87.44
91.54
92.05
92.69
98.01
97.78
100.23
96.73
99.73
103.04
98.05
94.22
100.99
107.13
105.51
101.29
97.20
92.86
92.81
94.57
100.50
110.20
111.74
108.97
109.19
102.95
94.00
95.91
94.58
93.98
102.41
111.86
106.80
90.79
87.45
92.44
95.78
98.06
93.56
87.35
91.91
100.85
99.04
98.00
96.36
96.92
105.14
112.79
108.29
92.51
84.18
84.99
87.85
96.04
99.28
93.27
93.31
98.31
97.85
91.04
88.72
88.69
87.47
88.48
91.13
100.43
110.51
113.55
114.01
106.02
91.18
91.81
103.18
105.27
98.22
98.11
101.84
98.90
93.91
90.49
94.39
93.23
91.18
97.94
110.61
108.22
104.96
100.31
97.65
97.41
93.61
93.85
96.59
100.58
96.09
95.99
95.40
94.48
91.74
97.06
99.28
100.71
100.22
102.80
104.23
99.72
94.26
90.09
88.76
97.18
103.93
106.62
106.35
99.95
92.35
96.40
101.77
102.98
99.20
102.17
101.05
94.40
96.41