96.59
87.64
87.45
89.03
92.89
99.05
109.79
104.67
101.71
96.05
88.84
86.28
89.24
98.70
102.10
100.15
104.12
110.84
113.40
106.88
102.25
100.43
97.38
96.16
94.00
93.48
96.16
93.40
94.70
91.90
87.93
87.69
89.73
97.58
106.81
101.53
94.49
90.47
94.21
105.58
104.64
101.96
103.18
103.19
97.23
91.44
92.32
98.99
96.40
88.40
84.97
86.31
87.46
91.59
93.06
93.54
93.08
95.09
95.20
96.35
96.94
104.47
111.71
108.13
106.38
99.90
94.68
97.88
96.18
96.06
94.74
92.12
89.77
88.88
91.11
94.99
98.74
96.29
89.27
90.61
95.36
94.82
95.85
101.17
105.64
103.69
101.09
102.72
108.78
109.27
108.22
110.23
104.77
98.71
100.21
102.34
95.95
89.90
87.91
88.77
88.42
92.58
101.94
103.10
93.76
89.65
96.17
103.56
107.84
107.77
100.53
89.16
85.40
85.21
88.54
90.34
90.57
96.67
104.83
101.65
91.15
93.39
100.74
96.73
90.89
87.74
86.57
89.54
95.06
106.27
113.33
115.28
115.29
111.08
106.79
107.71
106.12
106.21
105.66
101.90
97.53
90.63
89.10
89.46