102.89
98.32
100.98
100.13
93.61
88.82
92.86
102.60
109.62
107.10
97.55
88.47
85.77
88.13
92.79
101.52
109.53
114.19
107.55
102.07
101.06
104.52
100.04
97.88
98.67
105.54
112.65
110.40
99.41
88.56
89.44
92.53
98.88
100.78
99.29
104.50
101.97
90.63
87.32
92.34
104.67
113.70
107.35
96.37
93.83
92.24
96.67
97.85
94.76
90.69
89.57
88.61
89.38
95.62
96.10
98.64
107.50
103.22
101.83
101.98
106.71
107.44
102.00
94.83
88.35
91.41
103.61
102.71
100.52
97.47
90.27
91.72
99.47
100.22
97.00
90.82
94.74
107.66
107.47
107.30
99.95
90.83
93.53
94.82
97.73
93.58
97.71
104.21
100.83
93.03
92.47
95.16
102.06
101.81
94.39
88.63
95.34
97.72
97.61
103.60
105.11
99.60
100.64
106.67
111.97
112.69
111.28
109.18
106.85
97.90
88.13
86.89
92.88
98.00
106.28
112.73
106.84
92.55
85.92
85.75
91.61
95.31
96.59
91.62
86.82
87.88
95.44
111.01
113.42
112.88
105.48
102.32
107.72
109.75
108.28
98.20
86.51
86.71
89.94
89.49
91.05
91.84
92.85
94.23