97.97
94.61
102.51
100.64
96.20
90.62
95.42
108.51
105.83
95.58
92.93
97.89
97.57
100.68
96.51
95.97
93.22
96.62
102.70
97.37
91.49
89.29
97.72
110.34
109.99
100.28
99.19
103.41
98.07
98.18
95.73
90.33
87.54
88.78
91.67
102.68
103.41
97.51
94.39
92.68
88.37
85.50
89.31
98.09
97.27
100.02
107.08
103.96
101.15
105.23
111.79
113.83
111.99
105.36
94.25
95.03
96.67
93.37
90.83
92.70
100.84
108.22
108.36
103.81
104.02
105.88
97.94
90.33
91.92
90.85
94.75
93.32
91.44
89.99
91.07
89.57
93.11
103.96
108.45
106.95
105.10
98.75
98.67
95.04
97.39
103.86
109.47
105.57
97.37
89.64
87.10
89.04
89.22
89.45
88.33
92.16
95.77
98.64
103.27
109.40
106.19
97.09
95.57
95.03
94.08
93.09
92.82
90.90
90.55
95.98
97.14
97.90
97.57
98.92
106.57
108.22
97.68
91.27
93.43
97.14
103.05
109.81
104.39
89.96
84.65
89.74
94.29
96.11
94.46
91.51
91.79
92.77
98.61
98.12
90.94
94.21
95.62
101.51
98.83
98.98
95.58
88.95
87.17
94.93