100.54
93.50
98.83
103.27
107.21
104.27
97.45
89.40
87.89
89.11
87.73
86.31
88.35
91.73
98.05
108.57
109.66
107.42
104.17
105.01
103.28
96.97
93.67
92.16
92.16
93.36
95.65
93.86
93.85
98.47
106.21
105.55
94.73
92.73
94.00
95.78
103.80
110.81
112.51
113.01
107.47
92.81
88.79
90.50
96.37
108.32
114.96
111.68
100.43
88.14
85.57
90.42
99.73
110.42
108.58
103.20
97.16
94.00
89.48
87.47
88.25
88.87
89.63
91.91
98.49
103.78
104.98
103.41
99.36
98.18
96.57
93.78
95.90
97.04
102.07
103.79
96.86
87.90
87.74
97.21
110.20
113.06
112.45
107.67
94.77
84.77
87.32
91.79
93.75
90.33
93.67
100.64
109.86
115.11
111.52
105.59
103.68
97.44
96.31
101.65
105.15
104.55
95.63
93.21
94.97
90.55
93.47
93.84
94.40
101.54
99.18
89.32
85.10
87.34
89.01
94.66
106.40
114.18
113.74
105.76
90.38
85.53
86.47
88.08
94.28
102.09
97.83
91.21
90.64
89.98
87.82
89.87
97.82
108.52
104.32
103.00
97.92
90.60
91.57
91.04
90.91
99.37
109.19
110.75