98.36
90.53
96.71
112.45
117.90
111.19
98.02
92.95
95.91
94.62
90.83
96.45
96.56
96.06
100.45
109.35
108.22
107.93
101.14
89.42
85.02
85.74
86.27
86.21
89.90
101.62
115.44
110.76
95.34
85.66
84.35
89.78
104.92
117.02
115.00
104.71
94.10
88.77
86.77
85.97
87.17
93.20
99.92
105.34
100.84
92.61
89.02
92.98
102.19
108.36
110.23
110.69
105.81
102.87
101.39
96.22
91.78
96.32
104.87
111.97
112.04
105.45
99.75
101.88
96.84
88.04
90.53
91.84
90.45
97.18
105.11
110.50
108.19
104.10
102.62
104.57
108.75
105.09
101.19
100.60
101.62
104.60
102.57
102.41
100.59
95.47
90.93
90.50
90.30
93.42
98.51
95.43
97.33
101.25
108.46
112.14
104.09
94.06
97.20
107.45
112.64
105.90
99.02
92.31
94.56
101.93
101.00
101.23
105.84
108.96
104.50
100.05
97.76
97.00
102.66
109.41
107.34
106.13
104.95
104.65
101.32
98.86
96.97
96.59
103.10
109.02
109.66
100.05
89.36
89.49
90.96
89.05
93.85
102.32
104.42
98.00
91.60
87.63
89.92
90.26
93.84
103.06
107.61
109.54