99.30
96.66
105.93
109.35
101.06
96.40
99.83
103.55
106.76
110.64
109.37
102.39
97.43
95.31
89.69
90.96
95.22
101.73
110.53
114.60
115.13
113.92
112.05
111.68
106.71
104.44
102.49
101.55
104.45
107.62
99.86
93.55
96.18
100.99
99.69
94.58
90.04
87.67
87.03
91.45
97.24
103.64
110.19
109.40
98.49
85.80
83.28
85.30
87.48
88.39
92.66
105.74
114.98
111.44
104.94
98.49
93.18
94.99
92.59
94.33
99.60
105.26
108.37
100.88
95.12
93.39
93.70
99.81
105.59
106.48
104.45
95.21
94.06
95.61
102.52
107.72
103.45
97.58
100.43
99.00
98.36
96.91
94.47
90.69
87.98
90.75
93.14
93.69
92.02
91.66
95.43
95.83
94.00
93.28
100.99
108.22
111.18
111.97
108.82
97.26
93.28
94.08
89.59
93.07
105.75
110.01
109.05
101.92
97.24
103.39
103.69
94.92
89.95
89.57
98.68
98.97
93.83
96.49
103.78
99.27
92.05
92.78
92.32
93.20
95.05
98.13
99.20
94.70
91.91
99.48
100.92
100.87
100.97
100.43
102.29
107.97
113.35
110.73
98.85
90.73
91.81
90.60
92.74
93.90