96.75
88.08
87.31
90.22
96.54
105.77
102.61
103.98
104.66
107.63
101.23
97.47
96.93
101.08
101.82
93.28
89.03
93.62
106.60
112.48
107.88
102.32
92.99
94.51
97.59
104.71
103.28
105.09
104.23
103.16
105.29
99.03
91.91
93.28
104.07
108.88
110.94
110.87
102.17
90.02
91.21
98.63
106.69
105.90
106.08
98.42
93.29
92.59
95.59
92.31
86.63
85.93
87.75
91.01
96.19
96.08
98.55
107.18
113.47
107.42
101.92
95.63
95.05
93.67
89.00
87.02
87.66
91.90
104.48
110.05
106.85
94.81
92.16
98.42
108.66
108.54
99.06
90.81
93.45
92.99
89.35
89.33
95.59
105.89
105.44
98.67
95.72
101.57
110.61
114.78
112.87
106.31
105.08
101.27
98.41
103.40
103.41
100.19
99.98
95.92
95.54
103.33
102.55
94.72
87.49
85.18
88.34
89.85
96.44
100.88
106.01
109.25
103.44
98.60
93.07
91.20
95.74
105.93
109.95
102.09
91.76
92.47
96.97
97.30
100.43
107.12
105.91
100.14
102.07
99.85
92.57
86.96
90.19
94.63
99.85
99.24
100.18
107.17
108.37
109.67
102.70
90.36
86.11
86.61