101.05
104.73
112.44
105.95
92.52
86.39
92.06
95.27
102.33
109.32
105.63
92.38
85.71
89.53
94.70
92.08
96.64
108.31
115.46
117.13
113.56
103.58
98.36
100.51
98.23
91.87
88.09
94.86
99.75
95.32
88.94
94.11
98.15
104.33
106.35
110.07
112.72
112.27
107.79
105.99
104.27
101.82
101.15
105.59
104.88
102.26
100.63
97.90
91.80
91.04
100.77
111.03
110.40
100.79
92.01
89.79
94.52
101.26
103.75
102.32
104.80
103.27
98.49
94.77
93.55
97.57
107.51
113.48
113.49
111.50
103.63
96.54
95.29
99.49
104.93
101.70
103.22
104.71
107.60
108.83
106.01
99.99
91.34
85.65
89.99
91.64
92.25
93.20
91.98
99.19
101.41
94.81
87.27
89.00
90.37
97.27
108.17
113.94
115.82
113.91
107.07
96.27
92.35
91.89
91.95
88.62
87.69
95.54
100.61
105.49
106.85
107.76
106.21
101.89
102.04
103.08
99.60
94.45
88.24
90.14
95.40
99.01
93.45
93.03
103.34
111.76
110.21
99.95
98.30
96.17
92.62
98.47
105.04
110.51
111.92
108.55
108.11
106.68
101.20
97.65
96.72
101.14
108.65
103.37