97.59
88.10
87.11
89.94
90.49
88.90
86.97
90.87
102.84
109.65
109.05
110.84
104.21
98.55
96.56
99.59
98.49
95.06
90.27
91.31
94.25
93.91
93.26
92.25
98.63
97.63
92.99
90.21
92.42
103.48
113.61
115.79
114.32
112.02
105.93
98.78
96.85
97.29
99.86
106.71
113.04
115.78
112.98
109.48
105.06
102.58
97.88
89.81
89.75
90.03
89.53
97.43
98.17
95.89
100.51
103.73
96.34
88.51
92.12
98.60
103.68
108.13
104.47
99.86
92.13
85.91
87.94
96.46
108.33
113.49
114.76
110.34
103.62
103.78
108.39
112.39
112.15
102.41
87.09
84.31
85.82
89.76
90.85
90.69
90.59
93.96
98.17
105.29
103.88
99.12
95.46
100.75
101.45
98.41
91.15
92.98
103.00
100.86
94.39
90.36
91.28
94.00
97.69
96.76
98.20
96.77
92.91
94.65
91.95
93.37
104.70
110.84
104.04
97.69
98.51
101.00
100.56
103.05
98.07
90.93
87.06
85.85
88.06
98.42
101.76
100.78
105.83
102.62
100.88
97.22
93.35
95.37
99.86
94.91
87.79
89.10
96.32
98.54
104.01
111.99
113.78
111.59
109.50
100.64