101.02
97.74
99.04
95.22
99.30
98.54
102.44
101.16
100.60
94.31
93.49
94.80
94.10
93.65
92.25
93.25
103.29
106.57
104.18
101.10
105.19
102.95
102.03
95.30
86.13
87.33
92.28
96.16
98.18
94.14
98.99
105.71
104.85
98.46
97.34
103.18
109.66
112.09
110.02
102.69
100.57
102.26
102.56
102.03
97.26
96.50
98.96
106.37
110.87
106.75
99.55
97.08
104.10
103.39
91.82
84.99
88.16
93.56
100.14
105.38
111.53
113.24
112.94
107.78
99.79
101.05
107.53
108.75
109.30
104.54
102.72
107.05
111.57
109.43
104.70
102.86
103.09
106.44
108.94
103.48
90.88
91.57
97.39
100.74
107.58
113.14
107.85
99.77
92.74
86.98
86.38
91.85
94.23
99.48
97.09
96.41
94.94
92.72
89.62
88.84
88.07
90.85
100.28
102.79
96.89
92.94
99.35
100.14
97.90
94.28
96.38
94.96
96.27
101.04
99.98
91.99
90.31
99.06
107.72
105.49
94.81
87.05
91.66
94.17
90.32
89.96
97.74
103.63
100.54
90.65
85.03
85.90
88.29
88.22
87.15
87.45
88.11
91.30
97.72
103.11
107.39
106.72
106.42
108.85