100.81
104.82
107.55
103.89
97.10
92.33
88.07
94.07
99.02
100.10
106.11
105.60
102.75
97.32
97.73
99.61
97.30
99.78
100.72
103.57
102.56
101.18
98.51
101.36
101.80
101.03
102.12
96.22
92.52
99.77
99.08
96.52
93.49
89.25
88.55
87.64
90.39
92.43
95.66
93.33
90.10
91.68
98.18
97.03
97.20
94.63
89.44
87.56
87.91
90.21
90.24
90.37
89.85
94.21
105.13
108.78
99.71
97.74
106.12
111.33
113.07
114.19
113.13
106.57
95.07
91.28
92.92
96.74
97.84
102.57
98.28
98.20
100.08
94.05
93.07
102.36
111.67
111.09
99.38
94.84
100.44
103.38
101.25
97.38
93.59
92.14
96.03
100.97
102.36
104.92
109.21
106.06
96.81
88.47
84.89
84.74
85.43
87.94
90.45
94.87
104.42
107.26
104.72
99.06
102.42
104.28
101.60
97.44
99.39
102.52
99.04
92.62
89.11
91.50
91.09
94.19
97.07
94.78
91.34
89.19
95.09
100.71
99.53
96.21
95.66
97.99
106.66
104.70
103.74
101.55
104.40
108.26
108.68
104.69
104.45
97.71
88.57
88.03
91.69
96.44
106.48
103.47
95.28
93.03