100.71
93.43
89.61
89.30
88.46
86.82
87.69
95.91
113.91
115.25
114.55
113.93
111.34
105.35
92.26
91.58
103.72
106.26
99.95
95.91
93.45
99.33
109.49
109.67
105.92
100.18
96.45
96.41
103.72
108.59
107.67
103.18
104.79
109.04
107.72
106.44
98.05
90.64
93.17
97.03
92.73
86.97
89.56
97.63
101.31
98.37
98.89
99.20
99.74
106.07
103.16
90.92
90.73
104.72
105.56
102.34
97.39
90.26
94.00
102.71
106.78
106.52
101.60
93.41
93.73
93.23
97.03
100.30
104.57
107.93
109.52
111.70
109.37
97.36
85.81
88.63
93.07
93.13
90.51
87.29
89.08
93.47
96.96
99.84
96.13
91.53
95.10
105.91
110.99
107.56
102.40
96.96
96.82
100.07
106.60
103.16
93.69
87.28
92.04
101.86
103.25
105.66
101.13
98.93
105.62
102.15
91.78
90.88
96.54
104.96
110.60
113.93
111.83
108.48
99.17
94.32
99.57
103.78
104.65
103.18
93.75
90.97
100.51
108.76
113.29
114.22
114.43
106.69
99.93
92.71
94.41
94.87
92.74
94.23
101.44
98.71
93.65
98.74
109.17
108.14
103.30
103.84
107.90
112.05