97.53
89.85
94.45
105.68
101.61
92.46
95.17
98.07
93.66
96.48
101.46
96.42
93.31
91.35
97.73
107.79
104.16
103.65
105.78
98.46
88.73
89.87
96.82
100.32
98.30
95.76
100.70
107.39
107.81
106.48
102.86
104.86
110.46
111.04
101.92
88.76
83.82
84.26
86.35
93.62
105.67
108.92
100.63
99.90
106.06
104.14
98.93
102.91
106.32
102.89
93.08
87.86
88.38
87.75
90.94
91.10
92.42
95.10
92.37
89.29
88.03
89.55
93.75
104.55
104.62
97.29
95.68
97.25
101.24
104.52
106.05
108.59
106.20
100.70
90.42
90.19
98.67
108.24
113.92
112.73
101.52
91.20
88.80
92.33
95.69
102.93
104.98
102.60
98.86
92.33
86.52
84.62
85.24
86.11
92.01
111.34
115.46
105.99
100.32
104.34
110.37
111.43
108.14
96.79
91.97
90.05
94.58
100.11
99.15
92.03
93.56
93.70
100.26
97.98
99.72
103.63
104.75
95.85
92.95
99.39
99.83
91.34
87.20
92.77
103.96
101.68
96.24
89.96
91.90
98.49
101.20
97.17
94.92
102.71
103.05
97.12
88.76
87.88
88.25
87.63
90.33
91.39
95.51
97.73