102.19
105.34
103.78
103.22
97.99
88.70
90.09
104.09
103.27
101.08
94.87
92.90
100.65
103.87
106.84
110.90
105.34
95.09
93.01
94.88
93.16
96.40
103.45
104.25
107.29
110.74
103.38
99.53
93.73
93.01
96.48
104.48
105.53
99.66
100.42
103.23
96.79
86.74
85.91
89.52
98.42
107.43
104.69
99.96
100.76
107.71
107.24
105.89
101.10
91.67
88.87
88.57
88.56
88.93
92.73
92.27
98.17
110.62
107.27
105.65
105.58
106.64
104.01
102.61
95.68
90.90
94.88
99.77
102.61
102.63
98.09
90.52
86.30
86.01
88.23
91.87
94.17
104.01
113.16
112.35
110.22
109.74
105.96
100.57
99.28
105.81
102.72
90.80
90.41
91.37
98.71
101.11
97.61
102.38
107.63
110.97
106.51
102.13
105.53
101.01
97.10
92.83
87.15
88.12
95.75
101.46
98.31
102.10
110.49
112.85
106.87
99.79
95.92
90.45
88.98
94.84
98.38
96.97
90.73
86.38
86.30
88.19
90.01
93.57
98.41
105.46
104.87
97.48
96.13
98.10
97.73
99.81
104.54
109.40
109.63
106.23
105.31
101.56
101.02
98.58
101.20
99.26
93.46
97.76