99.16
96.67
101.66
100.17
99.21
93.51
94.49
95.22
96.37
94.55
93.63
89.51
87.78
94.02
102.71
111.45
114.44
115.23
109.75
104.52
103.37
106.71
110.52
111.09
111.83
103.99
88.54
84.67
92.12
102.41
109.53
105.44
102.23
95.38
95.31
99.46
100.39
99.27
98.10
94.42
89.51
86.45
85.93
89.47
96.92
100.90
107.69
102.73
92.76
90.08
89.08
88.40
94.01
97.09
100.33
100.23
106.07
112.14
107.92
100.27
97.35
100.00
98.48
100.88
98.91
91.20
89.14
89.89
94.47
93.33
94.10
93.03
88.49
85.95
88.38
94.12
108.53
115.59
110.75
102.42
93.04
87.31
85.12
85.73
88.85
100.27
106.59
110.64
106.89
95.33
88.09
88.10
93.19
102.80
111.41
113.77
111.29
99.19
85.55
88.37
93.34
97.75
103.09
105.79
98.18
96.95
93.60
87.66
86.02
86.75
89.60
90.65
93.33
92.19
91.22
95.94
107.87
112.58
103.90
94.48
90.28
88.42
94.31
94.93
99.35
104.21
110.08
105.09
93.10
91.64
90.98
89.54
91.31
95.63
95.54
93.76
96.62
105.28
111.44
106.79
97.64
89.82
87.81
88.18