101.85
105.57
108.42
106.07
107.75
108.18
107.99
100.71
95.53
94.77
97.89
99.40
100.05
105.58
111.31
109.12
98.07
86.50
85.14
86.15
89.35
99.18
113.56
116.25
108.43
96.39
95.07
92.45
95.14
100.98
106.97
104.91
101.09
96.03
89.52
90.92
90.42
91.02
89.04
87.89
93.62
99.14
107.99
108.34
108.78
106.45
106.91
99.77
94.11
92.77
100.23
100.58
104.43
99.39
89.18
86.05
87.88
94.91
98.85
106.96
104.26
104.86
104.63
104.58
106.11
103.11
104.08
106.36
108.82
107.09
95.61
92.14
91.68
90.92
87.86
89.53
97.79
103.48
105.95
104.07
97.72
90.88
90.31
98.49
109.03
112.22
112.82
103.94
91.63
88.52
89.52
94.20
95.18
96.57
92.49
88.23
93.73
105.82
112.48
110.35
109.87
111.30
111.26
103.25
90.50
86.17
87.39
88.93
88.24
86.84
89.29
91.82
94.50
98.04
100.68
106.93
113.62
116.57
116.95
108.97
97.45
93.74
98.01
103.69
107.45
105.80
106.17
100.30
97.84
95.42
93.99
94.03
96.72
95.77
99.31
106.38
112.30
109.64
105.31
106.64
108.96
105.41
92.63
90.25