99.23
94.29
98.33
107.45
113.68
108.04
102.73
100.15
99.26
101.00
106.37
101.97
96.56
96.45
97.31
101.41
96.44
98.61
100.42
99.98
94.11
96.66
101.27
97.66
92.86
88.60
93.71
108.51
107.65
106.96
109.51
109.01
109.56
107.17
100.48
93.73
92.06
97.73
105.03
105.04
105.95
99.82
96.64
96.90
95.49
90.49
88.73
90.64
98.94
111.64
109.84
100.84
99.54
108.01
110.13
109.09
100.79
93.03
93.33
97.73
94.65
94.48
91.97
94.47
100.09
98.77
100.62
104.80
106.01
101.74
103.10
106.62
107.01
101.90
101.24
97.66
89.95
93.96
101.54
101.69
96.79
94.32
101.61
101.30
91.39
87.36
87.18
94.65
107.92
114.20
109.95
106.67
99.58
97.68
99.79
104.40
101.05
100.59
105.05
108.95
110.41
111.38
112.51
104.77
92.97
95.11
103.52
109.56
104.50
98.52
99.43
98.63
99.53
106.03
111.73
107.48
94.19
86.94
87.90
94.10
97.62
104.30
111.94
109.90
101.84
97.36
96.28
101.85
107.06
103.48
101.59
97.58
98.68
95.59
93.20
90.12
93.17
95.98
102.75
110.78
108.08
103.22
104.34
104.86