98.07
89.54
88.44
97.66
102.51
100.83
100.72
104.42
104.67
106.67
110.20
106.55
99.27
90.15
86.65
87.81
88.34
90.32
91.92
92.44
99.92
110.87
115.43
114.51
111.44
101.25
91.95
88.51
90.54
93.81
92.97
91.31
90.39
89.14
93.04
99.26
97.13
94.10
92.65
94.12
93.48
98.86
107.03
107.26
103.19
103.34
106.05
108.90
111.81
106.22
97.04
96.58
93.56
97.08
94.68
93.61
92.92
89.17
88.90
98.17
98.51
92.16
89.22
92.63
94.48
102.39
101.55
100.35
104.93
100.19
94.72
88.99
87.08
86.28
86.02
91.04
98.60
104.58
100.14
100.47
107.33
112.45
113.76
113.79
106.58
102.23
97.85
96.26
96.19
96.88
103.48
103.58
96.62
95.81
101.40
108.58
104.92
92.64
84.37
84.98
86.55
90.37
91.58
88.84
87.05
86.08
88.24
89.45
91.68
101.49
107.47
107.27
103.89
100.24
92.37
86.37
87.08
90.30
90.67
94.28
96.73
105.66
110.26
110.15
104.61
101.85
101.71
99.29
101.83
97.92
91.51
92.76
102.78
106.27
105.11
99.12
95.67
102.85
106.03
105.53
106.72
108.36
107.31
102.50