103.34
100.09
94.80
92.40
89.54
94.42
98.09
99.03
98.83
96.20
92.69
88.42
89.39
97.92
101.58
97.74
96.30
99.47
98.02
91.44
85.84
86.59
88.42
94.88
96.16
103.49
103.15
94.23
86.33
86.66
88.64
94.71
99.48
95.58
97.23
97.21
92.78
95.84
93.87
98.63
100.99
98.37
90.45
93.57
104.76
110.87
106.40
95.44
87.13
87.34
91.70
94.87
102.66
99.33
94.95
98.14
103.82
102.04
103.82
103.63
98.19
98.63
106.51
106.75
104.81
98.84
93.56
93.21
98.09
96.70
98.10
97.12
103.06
107.68
99.73
96.23
101.30
104.94
107.57
103.48
102.70
97.78
98.57
95.26
93.35
90.16
88.50
94.31
100.08
101.11
102.27
97.51
99.65
104.14
98.64
89.69
87.46
86.67
89.45
99.01
110.38
107.13
94.79
85.53
86.79
97.12
98.41
96.42
100.21
96.44
98.92
106.72
110.26
105.72
92.27
91.89
102.47
111.04
107.17
105.05
107.91
102.02
88.94
83.73
85.30
90.56
100.38
107.93
102.54
92.58
90.11
99.46
103.60
102.33
96.06
89.38
85.59
87.29
95.64
111.84
109.71
104.95
106.39
111.17