99.38
92.48
90.35
91.08
92.92
100.36
100.07
98.01
100.06
95.56
88.00
84.95
89.31
98.64
99.53
96.18
97.51
101.99
100.94
92.37
86.38
86.75
87.84
89.88
97.40
109.50
105.62
92.37
84.72
86.80
94.83
105.82
109.24
103.56
96.69
95.97
94.76
94.26
92.77
88.94
89.12
91.40
90.03
91.76
101.80
108.78
106.99
106.88
104.28
100.68
101.59
102.19
93.73
86.13
89.38
96.83
101.33
97.44
93.50
97.25
97.09
93.89
91.76
88.80
94.10
104.81
101.32
90.14
86.87
90.25
91.53
92.26
93.28
91.56
90.72
91.24
90.04
89.98
88.16
86.57
88.89
97.28
99.02
92.19
89.37
90.46
96.19
101.40
96.08
93.01
93.31
90.59
87.10
86.31
88.26
97.18
105.20
100.56
100.77
104.45
101.49
94.60
90.84
91.36
90.16
94.01
105.66
111.59
111.06
108.87
110.08
113.12
108.04
97.92
96.39
94.94
89.42
85.45
87.53
93.78
104.97
113.92
107.76
102.09
96.42
92.60
91.69
89.67
94.16
100.41
109.00
107.81
107.10
101.55
89.36
87.29
89.03
88.08
92.05
103.25
107.53
109.11
110.15
107.42