98.27
95.87
108.67
115.30
112.72
111.35
110.52
102.94
94.72
94.06
96.82
95.56
98.78
100.27
95.08
92.08
93.78
102.63
111.07
105.77
93.69
89.61
92.09
101.85
111.17
112.39
110.08
99.92
90.17
91.17
103.03
109.13
104.07
91.50
87.88
91.83
97.64
103.52
103.16
94.67
88.79
88.41
89.26
93.72
100.87
105.78
104.88
98.20
95.88
98.51
104.90
110.48
107.73
106.69
106.11
105.63
99.77
95.75
96.82
103.19
107.60
101.00
93.82
96.71
101.13
95.70
95.61
99.18
102.47
106.82
108.75
102.54
95.11
99.18
99.44
92.24
89.06
88.23
89.75
97.88
101.52
103.67
102.86
102.49
100.66
98.27
99.19
95.60
93.04
95.21
96.08
101.61
108.77
110.53
102.12
94.87
99.13
97.78
89.43
85.95
88.93
97.19
106.19
105.66
96.70
92.34
90.82
98.04
105.69
101.08
99.62
101.02
107.13
102.29
92.23
91.24
97.58
106.53
102.37
97.37
93.34
96.95
107.75
113.73
110.83
108.26
101.70
93.50
86.66
88.27
99.03
107.76
110.03
106.81
99.39
94.11
92.14
97.55
99.75
97.92
90.46
87.11
90.03
102.14