98.40
90.85
96.68
100.20
93.45
87.77
89.50
93.90
95.97
96.86
100.66
102.32
103.25
97.66
91.32
93.81
93.19
98.98
100.85
105.38
105.45
99.33
93.13
90.64
87.68
87.62
96.19
110.42
108.18
96.62
95.46
104.19
111.34
105.56
102.38
104.60
101.09
95.83
99.71
107.22
106.48
98.81
89.37
85.92
91.74
95.26
97.90
104.06
100.06
90.82
89.37
98.74
108.03
109.51
110.44
112.93
108.89
95.86
89.80
88.64
91.24
102.35
103.45
104.01
104.85
102.37
102.48
101.26
100.06
99.99
105.74
106.23
103.69
96.59
96.86
101.64
106.98
107.30
99.52
99.13
99.35
103.62
108.08
104.78
102.96
102.04
96.32
88.43
91.53
102.71
107.02
100.96
91.33
89.69
92.35
99.35
110.23
114.81
114.16
109.01
100.92
95.87
101.86
107.41
103.24
99.49
103.40
102.12
100.16
93.05
87.36
93.57
94.97
101.35
110.13
106.07
99.50
92.31
90.13
91.05
91.39
94.53
101.43
97.40
89.29
85.80
85.21
86.12
86.25
88.17
92.51
106.15
110.41
101.13
96.72
104.36
104.29
92.76
88.52
90.96
94.62
104.15
102.61
99.77