97.43
88.45
87.69
90.27
92.19
102.75
108.67
110.36
112.75
107.78
96.20
93.91
93.04
97.17
106.95
103.43
97.04
94.00
91.20
91.89
89.72
86.40
90.75
99.64
106.20
106.28
106.14
104.11
104.83
99.83
100.38
100.80
92.32
92.54
93.73
92.78
93.14
101.26
107.00
110.06
109.06
102.60
101.23
100.07
104.25
107.69
109.68
107.40
101.11
96.60
101.20
103.12
105.65
102.13
99.05
99.62
103.39
107.25
102.30
98.79
101.22
101.67
103.93
109.54
111.39
105.82
101.38
101.62
100.57
103.46
98.24
88.59
86.21
94.19
108.16
104.36
103.13
96.70
88.40
91.36
101.03
101.27
94.82
93.41
97.16
98.31
96.79
101.20
108.48
111.55
107.56
95.68
87.06
86.37
86.98
86.88
90.90
92.96
101.82
108.07
110.80
108.96
104.66
103.69
97.30
94.63
95.52
92.94
87.55
86.73
91.13
92.02
99.63
106.02
109.23
106.75
103.72
98.70
93.25
96.23
94.66
97.31
106.48
105.69
96.76
89.73
85.96
85.03
88.87
97.72
98.34
99.51
104.63
99.77
96.08
97.08
92.46
90.50
96.30
99.44
105.99
104.56
101.99
103.73