98.81
90.62
94.93
107.81
113.24
114.44
111.39
109.67
110.91
110.67
109.37
103.44
94.91
90.78
93.42
96.47
91.75
88.95
88.01
87.25
92.51
104.11
106.63
98.80
92.92
91.80
91.93
97.12
105.22
105.59
99.03
99.29
107.55
103.30
90.15
83.85
86.06
89.71
96.87
107.85
111.50
113.04
112.23
110.88
109.18
107.01
102.63
92.13
84.40
87.55
96.63
104.23
109.59
109.61
108.95
101.03
95.12
101.93
100.87
91.56
94.16
102.94
107.63
105.66
97.70
93.28
98.57
97.33
100.88
100.31
92.78
92.22
97.65
106.99
108.98
107.94
99.61
94.15
94.03
93.55
89.44
89.94
100.59
109.51
102.44
92.56
92.99
91.79
97.71
99.76
98.01
101.04
100.72
101.09
98.43
98.49
95.20
96.97
94.45
90.69
87.12
86.55
88.03
92.93
99.34
98.15
93.83
98.18
99.70
94.71
91.03
89.75
92.75
91.05
86.97
88.13
89.65
88.68
87.75
88.80
94.97
101.11
108.69
103.91
103.69
108.77
105.64
101.47
96.19
87.96
84.37
85.29
89.85
103.66
109.58
112.00
110.67
105.28
97.60
88.50
84.58
84.76
87.85
98.92