96.84
87.87
86.97
95.69
104.44
101.69
97.04
90.72
87.70
87.27
86.61
88.59
99.80
107.35
101.91
102.31
100.03
101.26
97.74
99.47
108.63
104.53
90.13
86.94
94.63
101.97
100.06
94.96
94.40
100.48
101.36
99.78
99.87
101.50
99.44
96.98
102.38
102.89
102.71
107.09
103.28
97.86
101.94
104.88
98.79
96.24
92.83
97.90
103.87
105.47
108.87
111.52
110.27
108.49
107.36
103.48
103.88
99.23
91.37
91.79
90.91
95.31
99.72
105.56
105.41
97.87
97.30
96.85
94.60
93.50
89.38
86.78
86.39
86.07
88.52
94.66
97.42
99.69
103.28
97.45
98.68
96.81
101.62
107.86
106.22
107.20
108.50
100.39
95.29
91.07
95.01
100.78
105.76
110.90
113.30
113.03
112.32
108.22
105.74
104.95
102.82
100.91
101.77
103.08
99.92
98.13
97.89
103.40
101.42
90.86
87.59
88.07
90.17
99.21
98.77
93.24
92.81
102.03
110.12
107.09
103.31
102.48
95.81
92.51
96.45
100.33
105.93
106.17
96.35
85.80
87.67
92.03
99.33
101.00
102.01
103.09
105.90
99.68
94.28
98.36
108.42
111.36
103.63
100.87