99.44
92.06
96.03
109.59
105.94
94.78
86.45
85.90
94.39
103.96
108.71
106.97
104.95
105.22
107.85
107.84
106.83
107.36
109.08
107.61
97.26
93.48
100.09
102.01
93.40
87.20
93.13
108.02
111.46
101.61
89.13
85.08
88.09
94.60
104.42
113.72
112.52
106.30
103.27
98.02
96.52
100.35
96.94
99.64
101.91
95.44
97.59
96.96
89.78
89.75
90.90
93.61
94.06
98.64
98.34
103.84
101.11
100.69
96.47
89.80
94.83
103.75
110.18
105.05
98.60
96.74
93.98
98.23
97.64
91.31
91.68
96.33
102.24
97.80
94.92
102.56
101.70
95.05
87.66
85.18
90.88
100.63
109.45
113.74
114.77
113.20
106.51
102.47
97.68
90.12
88.13
89.14
89.15
87.81
90.67
95.07
104.19
110.07
111.07
105.00
95.07
90.70
91.89
92.09
88.36
86.57
87.45
92.59
99.05
99.54
99.37
98.99
94.21
88.60
86.02
87.81
95.47
100.90
98.71
93.95
94.41
94.22
101.88
111.77
113.97
112.07
110.56
105.14
103.60
97.41
92.34
99.13
110.05
112.63
105.18
92.74
94.23
102.01
98.89
94.75
99.65
98.47
93.30
89.54