96.56
90.69
97.86
100.44
100.88
106.32
103.93
102.63
105.38
109.01
102.72
89.91
85.10
90.48
100.10
107.92
108.48
98.54
94.31
94.13
89.78
86.97
87.07
88.46
91.67
92.13
94.10
100.21
100.63
99.22
102.33
101.46
105.46
102.97
99.32
95.02
92.05
98.14
108.12
104.19
102.98
100.28
91.03
92.32
105.27
114.79
115.97
109.57
97.74
88.46
93.17
97.85
99.20
93.96
96.79
95.58
99.77
103.20
100.28
99.93
104.02
101.75
92.65
92.13
93.69
92.02
93.04
93.09
97.73
106.78
112.82
114.38
113.21
106.77
98.41
98.51
101.23
103.55
106.12
107.09
105.81
102.71
97.55
100.66
107.25
111.82
113.06
112.08
103.80
90.95
88.11
93.33
99.35
104.42
105.29
98.67
89.33
89.12
92.58
93.93
99.33
103.35
101.84
103.33
100.01
98.21
101.34
101.58
97.17
89.58
93.36
101.54
103.05
102.20
94.66
87.94
91.79
101.35
105.59
105.84
103.11
93.88
92.30
100.27
102.55
106.01
105.71
105.23
108.48
104.46
103.44
107.28
112.00
108.46
97.37
87.56
85.92
87.62
95.22
109.10
105.09
99.72
98.55
93.88