97.02
89.35
90.18
102.80
116.42
111.72
101.33
96.12
101.74
100.21
96.63
95.96
96.63
99.84
98.46
93.07
95.62
100.87
99.31
93.39
90.86
99.29
105.92
111.19
106.08
98.39
92.78
93.36
92.21
93.99
104.82
105.26
101.23
104.69
108.66
104.43
97.45
89.91
86.84
92.37
98.30
96.40
92.99
94.76
103.94
109.66
102.18
94.75
94.63
97.94
101.26
104.12
108.32
105.84
103.11
101.08
100.64
98.74
93.56
89.79
91.28
95.32
99.37
99.63
104.14
104.61
95.14
95.27
97.55
101.56
108.10
111.12
106.56
99.51
96.75
99.76
97.62
89.43
85.94
92.73
100.49
104.88
103.03
103.88
109.08
110.10
108.01
107.17
106.22
103.20
93.76
90.10
89.82
92.09
91.54
88.21
85.98
86.89
93.96
97.96
97.36
97.38
100.98
109.63
104.91
90.52
83.88
87.15
98.08
112.71
110.15
103.04
102.26
100.89
98.53
97.51
95.10
92.08
94.88
101.31
96.61
89.86
90.42
97.89
99.39
93.05
90.36
90.80
97.14
96.43
94.25
90.15
93.17
106.13
110.81
103.53
89.29
84.76
91.01
105.60
105.86
100.60
91.29
87.20