98.04
90.59
92.86
97.38
92.85
88.20
86.82
89.54
98.73
111.40
113.37
107.19
94.08
86.99
91.30
99.93
106.66
111.69
105.16
91.68
91.95
92.74
94.87
91.93
89.18
89.68
95.03
93.68
95.66
104.35
102.73
96.72
100.61
104.90
106.02
104.90
103.75
96.80
89.25
88.38
87.99
93.24
96.01
99.08
105.50
101.41
97.87
95.09
95.19
93.29
93.72
92.54
91.28
88.71
91.41
103.32
110.05
113.74
115.36
115.29
109.11
96.16
90.96
95.06
103.44
107.80
103.73
95.62
90.63
94.38
104.43
107.81
103.73
103.24
106.40
104.00
95.26
88.09
85.46
90.08
102.79
105.94
105.72
106.18
107.29
109.23
110.16
108.28
108.97
108.29
101.17
88.27
83.90
87.13
93.46
94.45
96.54
97.48
101.78
103.17
94.66
86.19
90.08
100.75
99.46
91.66
86.79
86.45
86.16
87.21
89.14
92.32
95.83
98.54
105.17
112.79
108.82
98.43
90.99
96.24
105.04
99.58
88.14
85.03
87.04
92.10
94.06
90.93
96.47
110.38
114.64
110.72
107.54
102.60
103.26
101.48
99.18
101.21
100.52
93.68
92.35
98.95
101.34
102.04