102.92
97.93
97.13
97.78
91.83
95.44
104.66
101.48
95.05
91.26
96.53
97.72
92.65
87.84
85.88
86.15
91.65
94.05
92.22
94.65
100.96
97.08
88.33
84.89
86.17
91.51
95.59
93.72
92.32
96.86
94.54
91.86
91.18
98.06
108.92
114.38
109.42
106.45
103.34
103.53
103.75
102.68
106.24
111.68
105.40
89.69
88.56
97.38
97.59
90.04
85.07
85.76
87.08
88.93
89.03
91.16
99.03
108.41
105.84
106.31
108.94
105.04
102.93
103.99
103.61
98.00
90.92
88.70
88.32
88.59
92.36
98.23
100.87
98.75
98.12
93.25
93.94
103.24
108.39
99.98
90.34
88.15
96.86
101.94
103.45
108.28
106.11
105.83
106.72
106.18
106.97
104.56
94.87
88.38
90.63
96.46
98.08
96.56
91.04
86.78
86.77
88.86
98.03
108.07
109.35
109.34
110.91
103.80
92.09
86.53
88.24
93.52
102.31
102.51
94.41
92.19
102.15
108.21
101.75
100.85
108.14
112.20
113.89
113.37
109.55
99.57
91.99
93.21
101.04
105.53
104.78
97.82
87.83
86.40
92.44
99.09
104.69
99.92
95.63
101.62
102.84
93.95
91.49
89.34