96.90
90.29
97.31
108.90
103.14
91.81
90.56
99.76
102.08
94.09
86.87
91.04
103.14
112.91
115.14
110.58
106.22
108.19
108.70
108.87
103.92
102.09
107.84
105.91
100.37
101.95
106.25
99.19
92.01
93.59
94.81
95.83
102.23
107.79
106.06
96.42
90.59
88.68
94.99
96.33
98.77
104.54
108.82
108.54
100.39
91.96
92.27
99.52
101.08
101.04
103.62
103.10
94.66
89.08
93.44
100.65
96.29
91.13
98.17
100.33
97.35
98.74
104.03
106.57
109.40
112.81
110.08
106.41
103.57
103.12
102.30
103.01
105.54
102.27
95.61
96.90
98.58
98.79
93.21
93.86
93.97
93.67
99.04
105.72
106.20
96.79
90.88
99.20
109.02
112.64
113.90
109.31
96.06
86.82
87.66
88.08
87.34
87.57
91.31
100.87
104.67
109.32
112.66
107.46
100.05
99.86
107.17
102.71
100.91
95.92
92.06
89.51
96.72
104.91
109.88
111.26
107.57
106.62
103.67
101.92
97.14
92.88
88.61
89.63
92.78
93.44
101.85
109.19
108.97
106.04
102.17
93.66
90.25
99.74
105.98
103.28
92.57
85.61
84.94
87.32
96.03
102.63
96.83
93.40