99.75
92.96
99.45
104.21
95.59
87.73
87.08
94.75
97.56
102.17
99.58
92.47
88.55
96.33
104.16
109.51
107.24
104.10
101.45
95.27
87.32
88.42
92.53
91.75
88.07
91.28
92.04
96.78
96.56
91.12
89.00
89.13
89.65
93.52
98.85
97.07
94.33
94.96
92.45
90.47
97.73
105.13
105.45
103.91
100.22
93.67
87.42
88.46
93.12
91.85
96.13
100.74
102.17
94.69
88.26
87.97
93.33
99.90
96.15
92.59
93.25
98.00
100.45
99.62
92.22
91.82
102.50
106.38
102.75
97.58
95.64
99.50
107.84
113.23
108.19
95.94
94.99
104.36
108.48
105.80
102.30
101.42
101.38
101.37
96.37
97.96
98.00
92.93
93.76
91.53
92.36
93.13
91.45
93.83
92.52
99.40
101.87
104.86
103.62
104.01
108.77
106.27
105.43
102.15
91.80
86.54
89.43
99.62
108.03
110.74
110.32
103.59
91.65
85.68
85.82
90.60
93.18
98.88
100.37
95.91
92.92
100.04
110.18
111.50
103.03
88.60
87.74
99.81
108.31
104.23
94.07
94.68
100.86
97.76
95.82
100.85
97.91
96.65
102.53
105.99
109.14
103.07
97.49
90.44