101.06
96.40
97.04
99.18
101.46
99.69
91.73
92.47
97.87
97.51
93.35
90.76
96.66
108.49
112.72
111.75
108.03
107.36
110.56
107.73
103.94
106.52
101.02
88.96
84.78
89.03
94.29
95.07
95.74
102.43
103.40
99.44
97.71
93.38
91.53
89.72
87.83
89.33
93.59
106.26
106.64
97.98
87.65
84.99
86.10
87.54
87.34
86.66
86.51
91.77
100.86
103.12
95.51
88.44
88.27
88.41
86.98
89.17
92.75
101.82
113.31
117.43
112.58
103.35
97.88
99.62
95.81
98.88
102.96
97.80
98.21
103.96
103.31
96.83
89.10
88.85
89.06
91.93
95.93
106.10
103.91
101.72
98.46
101.86
110.26
114.71
115.96
109.36
97.96
88.85
85.16
88.83
96.70
102.29
97.12
93.22
99.47
99.54
96.47
91.20
87.19
85.57
86.97
87.75
95.19
106.94
109.64
102.47
100.63
95.48
96.65
104.94
102.07
89.94
90.82
100.84
98.15
89.68
87.46
89.89
89.44
93.09
96.99
101.22
101.73
100.67
96.32
100.64
108.00
102.13
98.93
98.52
97.24
96.59
100.39
107.35
106.45
103.80
104.30
98.35
95.89
93.85
92.04
93.83