98.68
92.75
92.22
95.91
96.49
97.20
102.39
106.59
100.87
89.71
85.32
86.93
88.69
92.67
99.12
98.31
100.51
108.06
108.88
99.77
92.05
88.05
94.85
97.19
102.93
104.42
97.36
97.40
96.34
96.38
103.48
100.45
93.93
88.47
94.35
101.36
106.05
111.54
115.22
109.00
99.49
97.43
93.14
88.97
95.82
104.48
107.47
103.37
91.64
92.62
102.95
103.54
106.17
100.50
94.72
92.90
89.07
89.03
93.11
92.66
93.92
92.98
92.07
99.87
98.98
94.29
98.09
102.77
103.00
99.99
95.75
98.23
96.60
91.80
87.70
88.29
93.24
97.31
92.98
90.05
93.30
100.98
104.83
104.59
107.51
111.89
105.13
94.06
89.91
98.62
110.09
113.45
108.83
95.96
90.45
93.78
96.18
101.78
98.57
92.01
86.52
88.27
98.86
112.89
110.82
103.84
96.54
95.71
94.41
98.45
98.12
90.12
87.58
88.53
91.36
90.54
94.35
103.55
109.98
105.96
92.92
85.55
88.42
90.80
97.75
102.24
98.57
100.66
101.54
99.75
101.58
103.05
97.95
88.46
87.44
96.23
98.70
94.71
92.71
96.72
96.93
103.44
105.16
104.83