98.88
97.59
111.70
115.86
109.75
94.21
84.32
86.11
92.04
102.71
104.34
106.63
111.21
111.97
109.84
109.48
110.24
109.07
101.39
93.85
88.41
89.81
91.22
89.90
88.56
90.42
89.84
88.00
90.31
100.37
109.84
111.07
106.34
101.55
99.74
94.80
88.29
88.48
96.75
106.92
106.11
104.44
96.06
93.78
92.13
89.95
89.83
88.82
93.28
104.28
109.01
110.68
111.48
102.66
87.74
84.25
89.26
98.30
97.72
90.73
89.52
91.87
99.38
103.60
106.46
102.27
97.26
97.56
94.23
90.26
88.52
91.92
93.30
93.50
93.61
96.16
100.79
99.69
100.77
96.19
92.52
96.99
97.46
95.54
101.23
106.97
106.35
100.80
100.68
99.75
92.64
87.36
93.81
106.23
108.69
99.48
91.57
88.97
91.50
95.81
95.42
89.89
89.17
91.06
97.18
100.17
101.73
104.40
101.26
102.17
108.89
107.67
98.65
97.88
101.35
105.79
107.12
109.05
107.06
104.33
95.39
89.69
88.03
86.91
91.37
103.54
102.09
100.01
93.02
86.34
86.43
86.78
91.04
95.13
99.07
106.62
113.25
113.26
112.81
105.98
96.05
97.13
100.48
97.76