102.46
100.00
94.95
90.06
86.74
85.62
90.38
105.33
115.64
111.72
105.52
103.63
98.68
90.75
87.13
93.48
106.43
102.83
99.32
102.56
108.48
103.24
90.64
84.04
87.57
93.14
105.68
113.91
111.41
100.58
94.87
92.69
96.60
104.16
108.42
108.45
109.35
105.34
100.60
91.86
85.37
88.77
96.18
105.35
105.04
107.03
105.49
102.86
98.66
101.93
105.17
97.82
96.46
95.89
90.89
89.57
98.75
109.77
108.72
99.37
93.83
90.90
88.95
88.96
92.68
95.93
91.81
91.24
93.59
101.70
106.34
109.88
112.57
107.33
98.85
94.64
100.63
107.30
110.69
103.02
90.36
84.60
89.01
95.22
93.17
87.82
87.90
92.57
102.24
112.88
114.01
107.85
98.28
91.89
87.52
86.53
90.02
95.60
107.61
109.02
105.37
97.96
91.41
95.17
98.91
97.36
95.21
95.67
99.39
105.01
101.03
100.71
105.94
103.48
99.95
97.45
91.94
94.23
92.62
95.47
103.88
107.93
104.43
103.41
106.93
108.46
109.99
110.45
108.08
106.23
101.51
95.42
95.55
101.73
109.34
105.48
100.67
95.36
91.45
90.42
93.59
94.90
101.17
105.68