98.50
90.71
90.07
93.88
94.75
92.31
90.23
93.42
93.97
94.56
97.78
94.11
90.56
93.02
103.33
105.48
103.66
99.11
98.41
95.87
95.24
92.50
91.87
95.52
105.91
113.51
111.59
106.31
99.95
92.31
87.64
86.75
88.36
95.15
100.15
99.47
98.50
104.69
106.81
109.42
105.15
102.13
96.51
90.53
86.86
92.45
96.96
104.07
103.14
101.21
95.35
89.92
89.57
93.82
104.92
105.28
106.57
106.61
104.33
102.99
105.34
103.03
101.63
99.85
103.82
110.76
110.75
109.24
103.24
102.60
105.63
107.39
108.40
101.92
94.97
89.67
89.53
88.18
87.11
90.99
105.13
113.96
107.36
92.59
92.32
102.68
100.52
98.60
95.08
92.86
88.67
93.51
97.67
94.53
92.36
89.69
88.05
87.47
86.64
85.97
90.40
96.68
96.54
100.59
108.53
109.60
106.34
95.54
95.07
106.76
113.21
113.84
107.95
95.41
85.81
87.31
92.05
95.55
94.75
94.21
100.72
99.09
93.12
97.12
99.72
103.67
109.31
105.92
93.42
88.00
88.13
87.89
87.17
87.91
90.13
93.78
94.49
100.99
104.56
105.42
100.44
91.57
90.49
95.49