101.64
96.37
98.46
104.93
101.70
95.57
97.64
99.80
97.85
94.57
89.34
86.21
89.37
98.41
99.45
93.30
88.53
88.92
91.95
95.15
95.80
97.19
105.44
108.29
106.31
102.01
94.14
87.94
91.13
101.42
102.32
101.76
99.19
96.02
98.05
94.50
89.46
93.96
94.84
91.91
94.68
104.52
109.68
104.29
96.89
99.93
96.82
97.60
102.29
96.88
97.77
101.29
99.44
90.80
87.45
90.70
94.76
103.81
112.58
112.14
102.12
88.87
88.40
89.47
89.59
92.18
93.01
92.00
88.39
86.02
85.84
86.64
86.69
90.34
99.42
111.02
112.54
101.81
88.46
83.96
88.93
104.26
114.11
114.71
113.59
113.82
111.93
104.21
96.96
89.82
87.20
87.51
93.66
101.27
104.71
107.17
107.35
100.91
99.73
106.57
111.68
109.06
97.90
87.71
92.43
105.84
113.47
106.65
89.65
83.74
84.85
86.31
91.98
102.81
109.19
102.59
101.17
106.29
109.31
102.50
97.09
96.00
101.24
106.30
105.96
99.24
92.58
92.02
100.65
111.83
109.91
105.49
97.40
93.01
97.03
102.08
104.75
109.73
109.04
105.44
99.37
100.91
103.32
106.59