96.74
91.88
94.43
100.01
106.55
102.71
99.52
93.11
93.45
93.08
93.42
100.87
108.80
103.29
90.43
88.94
90.14
89.06
92.69
102.31
110.96
109.97
98.36
90.10
94.90
95.79
93.90
89.74
95.71
109.92
114.03
106.36
99.99
95.30
92.61
89.30
94.83
109.13
108.25
101.93
91.67
88.98
92.12
102.09
103.91
107.40
103.42
93.55
88.45
93.42
106.17
111.21
112.96
105.36
95.00
94.20
96.05
97.67
103.20
105.20
107.44
107.85
102.18
97.52
92.10
87.35
87.37
89.84
88.90
90.05
90.35
88.13
91.65
93.30
90.53
87.36
85.96
85.54
89.09
92.15
93.08
98.92
104.47
100.77
99.67
105.39
111.73
109.25
96.66
86.24
87.68
91.51
96.98
107.43
108.94
103.41
92.56
90.42
94.35
95.16
95.00
102.75
103.85
97.00
95.38
93.95
88.58
86.52
86.32
85.82
85.53
87.85
93.05
103.27
113.52
111.49
107.75
101.10
92.49
92.72
90.94
89.23
91.68
100.11
111.56
115.15
107.13
93.16
93.13
98.92
103.77
97.18
86.95
87.96
101.16
113.35
115.32
107.97
101.33
100.87
99.18
92.15
92.47
93.17