100.45
98.23
107.03
109.22
108.33
109.42
109.17
103.00
97.69
102.18
107.64
105.82
95.49
89.70
95.76
95.84
97.59
103.61
109.41
107.14
106.65
109.84
108.41
96.64
92.46
90.98
88.73
88.03
89.72
89.50
90.72
98.84
109.53
106.02
104.41
102.10
98.72
96.35
97.70
104.23
100.01
96.90
92.65
95.55
96.69
100.97
103.83
100.96
97.18
95.07
101.57
107.69
105.21
96.11
88.89
90.40
90.55
87.55
89.15
95.62
96.48
98.39
104.81
102.47
95.23
90.24
87.28
90.96
91.52
88.50
85.98
86.65
87.29
91.30
95.32
101.48
100.51
101.53
108.36
107.10
105.75
108.15
107.60
107.26
100.16
90.56
91.14
100.67
100.58
98.41
92.49
86.31
84.95
86.96
89.75
93.40
95.92
96.51
91.98
94.97
101.21
107.60
105.68
101.70
93.07
94.15
103.30
103.66
94.43
90.02
89.69
94.81
105.91
113.70
109.76
106.44
101.78
94.42
96.95
106.60
109.66
103.03
98.07
103.09
108.74
110.74
111.83
105.58
95.06
86.96
86.39
87.31
88.04
90.04
95.42
98.92
101.56
108.17
113.81
112.55
101.73
86.65
85.04
90.98