100.22
92.82
89.92
94.48
105.30
111.20
113.25
107.71
105.13
101.15
95.97
98.24
107.34
109.35
100.47
98.16
100.19
96.80
93.22
95.22
101.52
102.26
95.04
90.51
89.54
93.62
102.17
104.73
103.07
106.92
104.46
102.03
101.04
105.18
110.28
110.58
101.68
92.32
97.58
109.23
104.87
97.21
99.11
106.59
105.87
103.87
104.53
100.96
91.87
92.49
94.07
99.13
99.11
94.38
92.44
90.86
91.87
90.12
88.34
89.14
94.83
105.82
114.16
109.06
103.65
95.76
96.63
104.50
109.44
108.68
98.18
90.97
90.16
93.65
100.67
110.62
113.06
107.89
98.05
97.46
106.86
106.36
95.21
93.19
100.09
102.47
98.09
93.50
90.86
95.55
98.13
94.03
96.46
102.43
107.73
112.56
107.69
98.55
93.25
95.72
100.18
101.29
95.15
96.11
93.66
88.36
86.32
85.70
85.93
85.98
86.89
94.25
107.21
106.83
107.60
101.16
97.02
94.45
92.62
99.25
98.47
89.77
88.54
88.13
90.12
94.30
104.55
113.98
115.30
111.51
108.09
103.97
104.53
101.11
100.87
104.50
106.52
108.88
110.94
105.20
100.92
98.35
99.24
98.17