102.66
97.66
101.90
106.36
104.78
103.28
102.88
94.73
89.90
96.71
98.97
95.91
94.69
97.37
101.76
108.88
107.21
100.15
93.02
89.38
89.71
92.81
91.75
93.03
90.85
88.61
91.82
95.23
105.61
105.77
106.22
107.43
107.19
100.43
88.30
88.17
100.05
107.71
107.72
102.96
98.75
92.23
90.95
88.96
94.64
102.83
103.40
101.73
95.58
96.39
99.58
96.87
97.17
93.17
89.67
94.87
103.74
106.79
110.03
108.66
105.87
101.38
102.73
97.40
89.32
89.80
101.72
109.64
107.38
104.44
103.15
98.64
90.21
85.62
85.09
86.83
91.31
100.38
98.09
93.45
91.31
90.09
89.57
98.02
98.67
101.06
100.01
98.09
102.77
110.19
114.21
115.14
108.86
103.76
105.52
98.99
91.82
91.99
90.21
87.13
86.38
93.20
110.40
112.25
100.30
91.89
98.71
103.44
104.35
106.61
99.94
97.86
104.53
102.76
94.54
95.07
98.65
92.87
89.02
88.39
90.65
101.19
103.87
101.00
91.96
86.67
87.82
89.62
88.65
86.75
88.33
99.46
112.82
113.26
103.10
99.10
103.98
101.55
91.90
88.50
98.26
112.12
116.56
115.97