98.28
96.48
108.07
109.68
107.11
108.31
106.79
107.11
106.94
102.39
98.06
102.54
105.78
106.62
103.65
94.28
91.47
90.36
90.44
92.05
101.42
104.19
107.28
106.61
99.88
94.99
95.67
92.92
92.29
91.89
98.63
107.52
110.69
107.18
95.39
85.28
86.09
90.72
102.50
112.08
108.77
106.75
103.60
99.16
90.81
89.13
97.72
109.92
113.05
113.38
106.97
97.03
98.91
109.45
113.61
108.52
102.70
95.91
89.28
86.67
86.89
91.36
94.74
102.67
105.17
104.52
103.68
107.51
112.36
108.15
95.39
86.37
84.52
85.54
91.01
99.98
104.10
98.87
99.11
103.26
100.99
98.58
97.85
92.31
86.59
91.64
102.33
99.58
97.40
97.37
99.86
98.97
93.23
93.71
97.06
103.49
109.83
105.17
102.65
99.08
93.46
93.22
102.78
105.93
98.60
95.66
98.11
102.69
103.50
96.87
89.67
88.56
95.74
100.29
96.00
94.88
94.41
90.26
90.44
90.28
98.01
105.43
107.84
108.88
104.02
98.14
96.99
94.27
95.41
95.11
100.88
110.44
112.05
104.63
101.91
106.45
103.95
104.18
99.94
89.36
89.69
100.95
108.06
106.94