97.55
91.06
99.80
109.71
103.47
99.87
102.22
102.16
100.83
101.85
97.34
90.51
86.15
89.76
96.87
98.98
92.40
94.16
101.85
105.84
108.77
105.92
99.34
93.07
89.17
86.57
87.26
89.52
92.88
92.05
96.19
95.41
89.27
90.81
103.71
106.29
101.60
103.74
100.15
95.82
90.40
86.45
85.79
86.95
88.25
92.19
98.55
102.23
97.43
89.27
85.20
86.61
92.31
96.69
96.11
95.14
97.69
102.19
106.86
111.70
109.46
107.55
105.26
100.81
91.13
84.64
87.94
97.12
111.33
117.03
113.08
107.92
106.77
104.09
92.79
91.43
96.22
100.86
103.11
105.90
99.72
89.78
87.07
88.67
94.10
105.41
110.64
110.15
101.39
90.97
93.62
95.62
102.21
108.24
110.51
111.00
102.89
98.71
102.63
101.34
99.98
94.64
89.93
89.13
92.96
97.11
103.68
111.83
108.63
97.96
87.02
84.56
85.30
86.04
89.34
99.36
111.90
108.62
100.92
94.62
92.58
93.63
95.46
93.00
96.01
95.75
93.03
94.47
101.23
110.74
108.44
104.66
107.39
109.11
102.64
93.97
97.16
100.47
105.61
111.82
114.24
110.36
100.61
93.32