102.35
105.08
107.52
110.21
111.69
106.68
101.84
96.34
89.14
93.27
107.06
112.80
106.69
99.98
102.03
105.66
105.19
100.07
102.11
98.75
99.45
97.95
96.57
92.49
93.42
91.91
93.01
98.17
101.81
96.92
88.01
84.67
85.51
88.85
96.72
103.50
105.96
102.05
96.65
99.02
96.45
91.95
91.26
95.87
98.46
103.76
100.72
95.14
98.45
104.97
100.76
95.07
93.22
99.38
108.54
113.99
114.88
110.84
104.90
102.88
96.30
93.26
99.92
107.68
102.22
94.77
89.89
87.95
92.87
106.40
105.86
97.83
88.51
86.21
91.71
94.25
90.42
87.49
87.02
89.83
98.40
102.45
109.03
107.29
107.21
104.54
105.54
107.46
103.90
92.80
85.51
85.29
87.75
96.74
107.82
110.65
110.96
111.48
110.25
100.74
93.14
97.92
107.12
104.43
103.89
106.36
109.92
111.82
105.21
101.33
102.46
96.80
91.64
97.25
106.65
104.84
104.63
102.84
94.94
94.24
94.45
92.20
98.60
110.78
112.83
112.60
109.90
102.29
94.16
94.45
97.50
104.57
105.69
105.30
100.14
98.35
102.07
106.40
103.13
96.01
96.67
106.72
107.34
96.81