100.94
103.65
109.08
111.32
102.73
89.84
86.11
94.09
104.81
102.91
96.60
89.63
92.22
97.55
94.84
90.30
94.46
108.02
111.12
109.20
109.69
106.57
94.55
87.81
86.42
86.52
92.09
105.31
112.98
115.02
111.74
100.14
90.17
88.21
97.63
110.11
110.78
109.62
100.40
96.39
101.32
103.12
98.14
92.98
95.42
92.79
90.34
92.45
94.93
103.84
111.66
110.16
105.87
97.54
88.69
93.30
102.71
99.03
90.90
87.93
96.23
97.81
92.60
94.67
94.07
93.30
94.83
103.22
102.69
104.86
108.39
101.27
97.43
101.27
96.91
87.69
84.34
86.24
94.42
100.80
104.92
108.21
112.48
113.43
111.56
111.39
106.36
100.19
93.87
88.23
91.58
91.63
94.36
95.71
100.91
101.57
99.42
101.25
104.04
109.48
113.52
107.31
98.01
98.73
99.60
93.61
88.35
93.61
95.45
91.28
89.18
94.47
107.61
110.44
103.23
101.50
103.25
106.55
104.02
98.55
101.43
99.66
102.30
110.28
113.96
107.97
103.62
99.99
93.85
86.97
85.09
89.54
100.98
111.50
106.13
103.61
103.49
105.50
105.49
104.03
96.65
95.53
99.42
94.74