100.55
101.16
110.04
115.17
115.49
110.35
95.42
87.54
88.85
90.04
98.09
99.05
93.59
91.68
95.07
99.26
96.77
101.78
111.24
115.18
115.09
112.77
111.55
106.76
102.40
96.48
96.65
100.76
100.64
105.01
104.48
96.30
95.69
98.03
98.13
97.77
97.40
103.54
110.04
105.77
93.17
89.80
89.84
94.68
99.74
102.40
96.46
92.85
99.15
102.89
108.34
103.83
102.33
106.31
100.46
92.36
97.63
104.27
109.60
104.06
94.74
92.77
90.83
92.92
102.06
105.73
108.08
109.16
111.00
104.75
93.60
94.13
95.73
101.93
106.53
107.75
100.01
88.78
85.16
87.04
94.28
110.38
107.68
102.90
94.06
93.19
92.16
96.32
99.47
101.11
101.13
97.66
100.02
98.79
97.70
96.70
98.04
99.52
100.35
101.67
106.69
107.23
97.55
95.28
100.26
105.78
110.74
105.51
95.75
96.39
103.45
109.19
112.52
111.60
110.80
112.11
105.13
91.50
89.45
98.65
103.45
100.11
97.25
91.51
95.19
99.68
101.41
100.44
93.74
87.58
90.47
94.22
94.90
102.10
99.76
94.35
95.31
93.41
91.83
94.89
99.55
107.04
107.07
100.89