98.69
92.49
90.76
99.16
112.63
108.61
96.21
89.64
88.61
91.05
89.84
94.16
96.02
97.15
103.39
109.71
111.91
105.57
93.77
88.37
86.62
89.40
91.26
93.77
92.16
91.89
96.00
105.40
110.72
110.19
103.89
92.11
84.94
88.45
90.88
95.48
96.66
100.91
106.87
108.76
104.20
100.53
104.63
103.83
93.78
89.37
92.88
94.96
94.37
94.68
95.72
101.97
106.86
108.59
109.17
101.94
99.63
95.15
87.80
85.54
89.91
101.81
104.33
107.52
110.94
113.80
108.47
104.73
100.36
95.09
98.61
101.21
103.90
97.54
90.91
86.52
89.76
100.67
111.59
111.17
99.55
87.46
91.21
102.42
108.99
109.04
110.47
110.73
105.20
99.06
102.63
102.48
95.50
95.44
97.83
101.78
98.87
95.62
89.65
92.21
93.73
96.43
93.34
90.41
90.05
96.63
101.60
99.09
101.76
109.53
106.58
103.12
101.35
100.85
93.48
91.63
95.11
98.17
97.50
103.63
110.58
107.97
99.15
88.55
87.25
89.21
91.66
100.75
112.33
116.89
116.50
115.15
114.56
108.20
91.04
87.29
96.10
100.68
99.44
92.86
95.34
99.84
97.30
91.37