99.58
95.72
93.93
91.15
94.12
107.04
113.04
105.26
95.65
99.46
108.93
111.03
110.57
111.90
104.69
88.55
86.34
96.48
101.48
106.17
108.36
110.59
106.20
103.59
101.72
99.27
99.79
103.68
99.55
94.76
93.52
101.04
105.36
97.56
88.99
86.10
86.87
91.69
98.45
103.91
108.80
104.40
91.41
85.21
86.50
90.15
101.56
107.04
104.49
105.14
105.64
97.96
96.39
101.25
103.35
96.95
96.58
94.16
92.16
91.79
89.91
96.60
97.07
92.15
94.43
106.17
106.12
102.14
98.48
100.87
107.26
111.71
112.11
112.21
109.87
104.98
103.93
106.64
109.98
112.20
111.44
103.75
99.50
102.61
101.56
93.72
91.25
94.80
95.03
91.62
89.96
92.27
99.38
99.33
91.67
89.87
100.37
113.60
115.68
111.01
101.66
96.51
101.69
101.70
99.14
94.42
99.49
107.75
110.52
108.72
103.34
100.22
99.85
103.00
105.83
101.77
102.19
99.82
102.66
107.26
106.47
96.59
91.97
99.33
107.26
102.81
101.17
101.42
96.80
94.58
94.22
101.41
106.07
109.03
105.27
99.88
101.83
108.04
106.99
98.41
95.12
95.26
101.28
107.62