99.88
92.82
92.82
104.48
106.76
103.60
102.89
98.15
95.74
101.99
108.64
111.23
112.47
113.90
114.34
111.11
108.79
101.90
95.26
98.71
97.02
90.30
89.29
88.60
93.15
92.86
95.80
100.90
105.76
109.26
107.08
100.75
92.36
89.87
88.64
92.44
99.00
102.08
95.27
90.41
89.37
87.36
92.67
102.51
112.10
115.99
109.02
98.99
95.58
91.81
88.45
90.63
97.01
105.69
103.65
95.33
97.94
97.85
93.20
87.67
87.10
92.09
101.94
112.27
109.43
104.94
104.15
100.13
97.74
91.53
86.34
86.79
87.95
87.47
92.94
100.90
100.63
98.87
104.19
102.79
92.43
87.17
89.68
98.99
106.61
108.59
107.18
107.61
110.14
109.72
109.35
107.13
98.15
87.81
89.67
92.17
98.78
100.48
97.29
99.05
108.18
112.80
104.71
96.99
101.46
99.28
90.47
85.20
86.79
93.49
96.94
96.60
94.02
89.72
92.95
102.76
104.67
95.78
92.96
94.42
103.11
111.30
106.24
93.90
93.05
105.23
103.94
93.77
85.50
83.98
87.50
94.92
110.03
114.99
111.98
101.26
98.85
102.54
106.35
104.39
103.11
105.56
100.44
92.83