97.79
92.15
91.70
89.67
86.79
86.10
90.30
95.05
93.35
93.19
91.77
97.68
97.20
96.28
94.13
92.42
99.57
111.15
107.87
93.59
88.85
92.24
91.64
94.66
92.84
95.40
106.63
114.68
113.25
109.21
103.91
97.64
94.43
99.40
101.62
103.02
101.82
99.36
95.71
96.38
102.69
101.47
93.51
90.72
89.10
87.89
93.14
105.20
102.77
99.30
93.58
95.43
98.29
96.76
96.47
92.88
90.87
90.94
91.82
93.68
96.29
96.95
91.42
91.67
101.54
105.62
104.21
94.79
87.08
85.62
87.69
94.76
103.74
101.60
99.61
103.10
107.59
104.49
97.93
94.44
98.83
100.14
92.81
92.13
93.65
96.51
105.94
113.92
110.35
94.62
84.84
87.09
99.28
100.49
94.25
90.04
94.16
102.44
103.21
106.25
104.23
95.01
94.39
104.39
107.97
103.39
102.82
104.01
96.86
89.27
95.09
96.88
102.13
103.28
104.76
99.22
89.44
86.93
86.79
86.47
87.56
91.95
92.94
89.83
94.14
94.60
101.22
101.91
101.77
98.53
100.14
96.86
89.77
86.11
86.19
86.22
88.51
97.06
111.18
117.27
117.50
108.24
93.02
91.67