96.64
88.54
88.68
92.77
102.04
112.14
110.47
98.48
85.88
86.24
90.98
96.89
108.96
114.95
108.05
93.67
88.56
87.28
86.30
92.07
108.12
115.34
107.10
100.94
102.46
104.81
102.49
92.02
85.35
87.22
96.08
108.88
111.27
111.45
103.90
90.38
90.93
93.30
94.10
92.29
92.18
96.79
96.44
101.51
101.55
94.51
87.46
89.86
94.79
104.77
106.72
104.48
95.48
93.85
104.18
111.92
114.20
107.29
90.21
84.41
88.07
89.25
92.17
93.14
90.14
89.61
94.40
100.44
99.53
91.63
92.79
102.85
103.69
95.25
93.43
95.84
102.07
98.32
94.11
89.96
93.11
99.10
96.31
100.22
106.59
111.15
107.57
98.11
90.73
87.31
89.07
99.09
111.04
112.06
108.73
100.14
91.80
88.59
87.97
93.16
93.09
88.39
87.80
89.49
97.54
103.32
109.69
111.99
103.07
91.32
90.72
100.76
110.09
111.75
102.35
94.61
99.38
99.36
98.14
102.20
99.08
96.09
97.09
98.88
103.33
99.72
91.74
87.65
86.33
85.80
85.56
88.02
93.84
100.48
106.10
112.47
112.29
109.74
98.63
86.57
86.43
87.44
89.49
95.74