102.30
97.59
92.97
98.07
96.88
100.49
104.75
103.39
93.87
91.61
91.84
98.58
106.93
101.66
101.50
98.23
94.44
92.58
92.53
101.27
102.41
96.71
99.30
97.36
99.27
108.26
109.92
104.84
104.34
108.53
109.69
103.74
93.05
94.54
99.63
97.14
99.75
106.19
107.97
101.49
99.74
96.68
98.13
94.74
87.32
86.98
90.54
94.79
96.48
104.99
112.75
114.19
111.56
105.82
100.36
91.74
88.62
87.46
91.53
101.52
107.80
108.58
104.63
103.08
97.00
93.85
92.38
91.40
98.79
105.84
107.22
107.74
106.92
103.94
94.75
85.54
88.00
100.55
113.19
116.29
111.51
106.04
104.53
107.28
106.52
100.83
94.99
98.61
102.40
99.80
101.89
106.85
103.03
97.26
94.40
100.60
107.78
104.28
91.95
88.60
97.30
109.81
105.97
101.46
95.41
88.85
88.33
94.04
104.05
105.45
100.08
100.49
101.97
105.20
110.71
107.23
104.37
107.70
112.36
108.15
102.00
97.76
95.79
95.33
95.28
96.39
92.35
94.04
98.32
103.54
100.14
90.90
86.27
90.94
103.47
101.52
100.60
95.41
97.28
107.27
111.45
105.78
103.92
99.75