97.74
90.88
96.32
112.41
111.54
106.09
98.20
99.50
103.71
107.76
101.26
90.46
87.44
91.54
102.19
99.92
95.43
101.92
102.65
96.30
90.05
86.36
87.48
87.96
89.07
88.81
95.90
111.90
111.17
103.56
93.68
91.62
98.44
102.62
107.98
107.55
101.68
92.23
85.40
85.82
88.25
95.60
109.40
111.06
102.38
94.25
94.55
97.75
100.80
103.30
101.76
93.95
86.01
89.97
102.59
112.27
113.17
107.44
93.49
88.99
95.02
99.25
96.56
89.31
89.22
98.71
99.49
96.82
91.91
92.81
91.83
98.62
100.87
97.74
92.30
90.73
100.11
100.78
94.57
87.59
84.84
85.93
90.93
93.62
98.60
106.43
111.68
105.81
95.59
87.66
88.57
90.55
90.98
88.75
87.45
87.81
94.18
109.59
115.86
110.35
106.55
101.95
92.74
86.49
90.28
92.14
99.29
107.25
111.37
112.61
104.36
89.09
86.13
94.19
98.82
93.06
89.99
98.23
104.64
97.39
96.23
101.14
107.95
109.38
101.02
88.12
85.26
86.14
88.86
96.34
103.75
111.02
108.28
106.80
108.24
107.17
96.41
93.53
91.20
92.85
103.62
101.91
101.37
107.69