96.99
91.32
93.64
94.43
90.31
86.58
90.79
92.63
91.05
97.92
107.97
103.84
98.63
102.20
108.19
112.79
115.01
111.33
99.37
93.48
97.72
102.71
101.60
95.34
89.30
89.95
94.13
97.73
98.08
95.31
99.86
106.93
107.40
105.09
98.36
96.01
100.07
103.85
102.83
95.35
89.54
96.12
102.89
107.74
110.18
106.11
102.00
104.88
108.11
109.76
108.47
103.28
93.37
85.59
86.96
88.26
89.15
88.16
89.39
99.44
109.54
106.41
104.86
103.49
97.06
99.17
107.49
113.17
110.53
98.80
87.01
85.54
88.05
88.57
87.89
88.48
93.90
106.61
113.63
113.89
109.53
100.19
97.80
97.43
91.75
92.17
93.31
96.60
93.13
93.35
96.57
104.85
112.84
109.72
104.69
105.17
109.50
113.37
115.27
110.13
95.99
87.25
88.03
97.62
101.22
102.73
98.15
89.53
89.51
91.24
97.12
104.21
99.58
99.04
107.16
113.35
114.57
110.52
102.74
96.24
88.74
88.81
88.80
95.07
103.33
99.84
102.38
104.56
102.13
93.30
91.88
99.89
97.39
88.78
86.24
92.66
99.81
103.89
101.18
104.24
111.19
112.07
103.46
92.56