101.62
95.44
98.08
109.82
115.09
110.41
105.67
108.03
109.15
108.20
109.08
110.31
109.14
105.22
101.91
95.64
92.58
88.66
90.25
90.69
92.21
98.85
106.08
110.58
113.26
111.45
104.76
100.78
97.63
101.59
101.34
98.90
101.83
99.53
97.66
95.07
91.04
91.35
95.97
105.93
104.98
95.51
91.78
95.35
99.63
102.00
99.05
102.23
103.71
95.36
93.28
100.86
108.61
105.08
98.91
91.43
88.47
87.42
87.76
88.93
88.25
92.44
93.44
94.64
96.65
92.76
87.68
87.24
94.58
103.99
100.63
101.24
96.84
97.00
101.15
104.63
108.42
104.97
94.06
94.97
95.45
95.52
97.28
103.51
108.55
107.64
99.30
88.41
87.38
88.31
89.35
97.00
104.48
99.17
89.22
91.74
102.63
104.45
99.25
95.15
97.17
98.66
99.04
96.28
99.33
102.20
107.12
112.20
109.99
101.39
93.16
92.84
100.05
104.18
108.01
109.75
102.89
92.64
86.48
85.62
91.41
103.67
109.26
109.06
110.93
111.97
104.25
88.25
85.04
86.86
94.56
102.13
106.11
105.74
106.23
99.99
97.80
98.05
96.36
92.24
91.10
97.35
104.51
110.56