99.99
94.84
93.13
99.45
108.39
106.80
105.74
105.26
96.07
88.34
86.48
89.10
89.97
88.49
88.68
89.61
96.77
105.31
113.16
115.83
112.79
106.77
102.60
99.26
91.58
86.61
87.02
89.98
98.71
99.94
96.38
95.89
93.13
97.35
106.42
112.73
112.39
102.21
93.67
88.98
91.41
93.48
90.06
92.26
104.51
107.71
97.75
90.78
94.92
99.71
107.60
109.24
100.08
90.66
87.65
86.27
85.63
87.70
94.96
111.52
116.96
114.45
101.99
89.81
87.43
89.27
98.31
104.59
110.66
104.28
91.29
86.55
88.60
88.59
87.67
90.66
94.74
105.03
107.43
100.74
95.40
101.09
102.14
101.50
99.35
92.13
92.65
102.99
112.83
110.58
104.67
94.07
91.44
99.72
101.80
105.92
106.03
108.46
104.72
95.97
91.93
97.34
102.11
108.34
112.08
110.25
100.39
89.32
88.09
94.30
94.75
99.24
109.00
107.24
94.60
86.36
90.74
95.04
95.19
91.71
95.62
98.41
96.62
89.84
90.22
93.99
99.40
108.56
103.85
95.45
98.14
105.99
102.75
93.10
86.57
88.59
101.07
105.13
106.23
110.59
108.12
95.45
84.37
85.09