97.14
90.00
89.99
90.44
95.66
109.39
111.34
104.01
102.91
100.53
98.95
96.21
90.68
89.45
93.47
100.62
101.45
104.59
99.67
95.60
92.66
90.81
89.29
88.73
96.42
108.32
108.22
107.04
103.89
104.99
107.45
108.21
99.80
92.30
96.48
107.95
108.50
97.57
87.17
84.59
85.84
91.59
102.53
114.29
111.92
108.14
105.97
99.12
99.49
108.31
112.34
108.26
98.51
88.35
87.75
88.45
87.01
89.32
90.72
88.83
92.23
105.43
116.58
115.50
109.33
102.62
91.76
88.74
95.82
105.54
113.02
115.86
109.07
103.26
104.51
98.30
91.94
98.57
100.49
104.40
103.28
102.30
104.44
98.85
88.63
87.60
92.12
92.20
90.84
88.58
93.96
98.70
107.36
111.00
105.48
103.71
98.90
92.54
90.35
91.70
91.32
89.02
93.55
101.80
109.31
105.08
98.93
95.02
92.51
91.62
96.32
100.94
103.36
105.22
99.41
95.49
102.47
107.33
109.62
111.74
112.21
108.84
106.07
103.25
104.27
102.85
100.14
104.41
111.09
109.10
105.69
107.07
107.34
108.87
107.84
108.20
104.42
100.57
99.36
94.83
87.53
90.96
100.05
106.53