102.68
96.82
93.68
97.98
106.41
111.78
114.21
112.28
110.28
107.66
104.82
101.13
99.18
103.69
107.43
107.59
101.55
100.21
99.21
96.15
91.19
90.87
90.51
92.74
103.97
113.76
111.75
101.91
93.49
95.52
104.38
106.94
98.93
94.56
96.83
105.13
111.87
111.24
102.81
88.44
85.69
89.83
89.79
94.57
98.25
101.14
103.12
105.60
105.21
104.02
105.44
105.51
102.52
103.36
101.78
104.52
103.88
96.89
96.87
101.95
108.84
107.86
104.25
104.36
107.39
107.48
109.16
102.26
99.14
102.42
108.68
112.59
105.37
95.15
87.45
92.43
107.63
114.98
108.61
95.22
92.02
95.01
92.75
91.55
88.81
87.13
91.60
103.05
109.18
109.45
101.33
99.60
95.42
87.17
86.96
92.67
99.11
98.11
94.16
94.84
92.04
92.00
92.36
98.92
99.28
95.23
95.70
93.23
91.69
91.72
97.13
104.50
99.07
95.11
101.53
99.68
91.02
90.92
94.87
100.59
109.71
108.51
99.75
88.33
89.87
103.14
114.23
116.10
114.84
110.58
102.45
90.39
91.89
106.30
114.22
113.25
106.21
101.68
105.22
107.03
106.02
101.34
95.42
90.47