102.32
98.13
102.71
104.72
102.29
95.78
88.14
87.90
97.95
106.84
107.40
102.11
100.40
97.61
96.87
101.57
103.77
103.67
106.20
105.67
102.31
101.81
102.42
97.02
88.89
90.55
95.16
93.42
88.65
93.53
96.08
94.70
95.90
103.10
100.03
97.32
93.03
88.46
93.41
97.82
98.32
100.45
105.42
107.14
106.86
104.44
94.86
91.42
94.73
94.10
100.09
107.12
109.57
111.06
108.00
98.20
90.21
93.87
100.13
101.24
97.84
94.09
96.07
101.88
102.81
104.88
99.74
88.77
84.00
84.26
87.77
90.27
91.96
95.80
98.50
95.15
89.59
89.23
98.30
108.32
111.46
112.49
110.49
102.69
94.72
96.59
99.11
101.69
102.43
99.54
93.92
88.21
85.17
86.53
95.23
107.58
103.71
96.06
94.03
95.57
91.12
92.82
101.09
108.22
112.51
107.58
99.34
98.14
100.93
107.24
106.14
106.79
105.66
96.73
95.98
95.83
95.57
103.47
104.95
102.40
97.57
101.21
105.15
99.80
89.27
85.01
88.69
97.02
104.97
104.42
105.12
108.32
103.53
96.33
100.49
108.56
108.27
96.24
86.37
90.61
103.41
112.54
110.00
98.95