98.87
90.50
92.99
102.98
100.06
93.93
92.96
102.53
111.14
114.09
111.39
98.62
93.57
98.83
105.99
106.82
99.23
98.28
99.10
102.80
99.49
91.38
87.99
86.83
86.01
91.14
105.92
110.49
102.63
90.63
85.47
86.76
95.60
108.67
112.93
114.55
108.72
99.64
94.37
94.27
96.67
104.28
106.55
101.03
95.34
100.44
104.48
103.61
105.23
105.95
103.66
101.18
100.97
95.82
90.80
89.59
95.02
108.11
108.51
101.64
90.33
88.65
97.88
99.42
92.46
95.01
101.82
108.02
108.06
103.39
92.69
87.46
92.27
94.48
102.38
107.79
101.64
100.81
106.54
102.75
92.77
89.74
88.47
91.00
101.27
110.30
108.19
100.89
93.49
89.96
94.65
107.45
109.93
105.66
98.00
90.68
87.05
89.24
89.64
96.26
100.11
100.96
105.39
111.69
110.77
99.39
90.04
88.11
90.08
97.96
103.07
108.13
107.00
102.43
94.86
90.80
93.40
100.43
105.21
102.19
104.18
108.57
111.71
111.38
105.36
101.17
102.96
98.37
94.49
96.37
99.23
94.75
90.95
89.52
97.33
111.07
115.07
108.08
94.67
86.79
85.03
87.80
89.88
96.37