100.64
93.26
93.09
93.98
90.77
93.20
100.36
97.74
100.71
106.97
104.25
99.36
98.34
104.02
111.27
108.28
100.45
90.90
85.83
88.38
89.60
96.22
105.07
109.96
105.19
97.26
88.87
90.36
95.60
95.62
96.94
95.39
97.68
93.86
95.08
95.19
95.27
97.13
98.02
100.20
104.62
105.96
107.35
101.85
101.18
105.20
102.91
96.95
89.58
89.36
99.12
107.57
112.07
106.15
103.01
98.93
100.91
102.08
94.82
92.73
100.37
98.22
88.70
91.50
94.52
90.07
88.77
97.26
97.89
93.03
93.01
93.28
92.83
101.38
106.53
98.46
97.04
105.81
111.60
105.09
96.91
98.92
99.91
96.01
92.25
97.94
101.52
95.17
87.78
86.23
88.23
88.36
90.66
92.43
91.92
94.67
103.01
110.33
107.48
98.23
92.47
93.96
99.74
102.51
97.03
92.23
92.86
102.17
102.99
105.19
100.81
101.21
107.16
111.82
110.21
103.15
100.94
97.03
99.50
107.03
102.71
95.65
93.54
96.79
105.82
105.99
99.88
89.78
87.28
90.94
102.33
112.98
113.69
102.52
96.79
101.58
107.07
104.19
103.68
106.85
102.77
98.42
102.05
102.77