96.88
88.81
94.94
109.52
111.41
108.04
109.08
111.06
112.98
107.77
93.77
85.80
86.62
92.56
100.22
102.70
97.90
92.79
93.11
97.07
96.53
97.18
104.64
109.58
108.33
104.47
103.63
100.07
95.48
99.32
107.65
105.49
103.36
101.93
100.27
99.16
103.61
110.52
111.93
109.49
103.00
93.07
86.49
85.26
86.26
89.93
104.06
115.50
108.64
95.09
86.37
85.13
85.67
89.44
92.53
98.02
98.44
99.80
99.29
92.29
94.79
104.25
111.19
107.35
104.35
96.86
87.27
84.53
90.35
98.07
105.04
102.49
102.86
107.99
107.24
102.67
104.97
103.44
101.99
96.35
92.65
92.53
95.08
103.29
103.96
97.24
89.08
86.29
86.19
85.74
85.41
86.08
89.00
98.45
103.02
104.76
109.83
109.15
98.44
87.04
84.93
86.32
86.99
86.45
87.72
96.29
104.04
99.98
99.59
99.17
92.78
93.98
96.13
98.42
94.40
98.83
100.85
106.34
103.42
92.78
93.81
102.20
99.99
97.28
103.70
108.74
107.37
103.18
98.09
96.92
99.17
95.12
88.36
86.50
86.84
91.27
104.22
103.46
101.76
94.57
96.67
96.53
94.33
99.08