97.56
90.16
93.48
99.09
104.63
106.72
107.11
105.49
97.40
97.82
107.04
104.02
90.23
83.54
85.50
88.15
91.51
99.36
111.45
112.88
109.97
107.95
105.20
100.15
95.77
94.75
98.76
107.28
112.30
112.64
109.64
102.69
95.76
93.35
91.45
91.40
92.84
92.51
96.17
96.77
91.36
95.25
104.83
103.22
94.91
94.24
102.34
104.10
97.68
93.46
89.46
86.99
92.72
104.31
109.06
101.92
92.72
89.09
88.72
95.97
107.45
114.37
112.42
104.78
93.94
88.43
92.39
100.23
97.92
101.56
108.09
104.09
99.67
101.99
96.73
88.36
87.23
88.66
92.02
103.14
105.43
95.47
89.50
92.06
94.69
91.74
88.81
91.28
97.78
103.89
103.94
94.98
92.32
100.81
110.37
112.47
109.71
100.36
94.33
92.94
89.64
86.23
90.19
99.19
98.25
100.68
96.47
99.99
106.71
106.30
107.33
107.65
106.31
96.77
87.05
91.35
98.59
100.22
98.85
92.76
88.53
87.85
92.11
92.79
97.03
102.73
107.07
104.94
101.66
95.80
87.71
90.15
96.92
97.56
99.64
96.23
91.86
93.85
98.33
101.69
107.07
107.34
105.50
96.41