98.05
94.79
107.60
115.58
115.52
111.34
108.44
108.80
109.49
102.75
93.70
88.42
87.43
89.76
98.02
98.44
95.96
92.13
94.13
104.54
110.08
112.29
109.02
107.95
110.94
104.76
93.81
90.29
94.42
96.12
102.51
106.92
103.03
94.46
89.61
86.63
87.54
94.99
104.56
111.16
107.52
105.82
97.86
86.83
87.70
97.25
103.67
100.54
92.63
92.85
97.70
99.54
104.89
109.73
104.16
90.58
84.33
87.03
88.99
89.31
92.56
96.85
94.45
98.10
102.66
106.25
108.28
104.36
101.71
101.89
101.39
101.13
105.23
108.80
107.50
98.81
98.10
105.50
100.98
92.97
91.24
95.47
102.32
100.40
95.48
95.11
98.93
95.55
94.94
91.00
86.28
85.81
89.17
102.16
107.38
106.42
107.06
110.74
112.92
105.15
92.10
85.53
87.98
94.94
107.76
115.26
113.22
100.92
88.38
90.17
92.14
91.99
98.60
99.29
92.87
95.86
105.59
109.30
102.37
96.82
100.97
102.21
93.43
87.15
91.99
100.55
101.47
97.00
95.93
95.28
98.48
104.00
107.97
105.57
98.75
94.46
100.91
104.70
107.40
106.00
102.84
104.15
98.77
95.81