99.82
92.36
88.54
89.01
93.77
99.80
103.64
107.10
105.94
95.87
96.06
100.81
97.27
93.72
97.45
104.42
104.16
102.46
103.10
106.04
100.76
93.09
86.84
85.55
90.85
98.23
105.22
103.47
105.76
109.34
109.66
109.99
107.06
99.48
97.41
100.68
95.05
90.67
91.75
93.74
101.94
112.42
108.97
101.87
91.87
92.80
98.73
104.93
103.46
103.28
106.19
103.50
103.40
104.13
104.79
102.49
102.76
108.32
111.55
108.42
103.92
105.33
110.21
112.87
110.14
106.31
100.25
92.88
95.01
94.19
94.76
101.61
109.51
107.36
101.06
98.57
96.89
96.27
94.00
93.01
93.38
89.51
94.16
95.80
92.45
94.34
97.41
97.75
96.99
103.40
112.32
108.06
104.07
103.62
98.25
91.22
85.94
85.99
89.15
89.84
95.95
98.33
101.12
106.83
102.52
95.18
89.28
87.25
91.02
91.64
92.65
102.06
110.78
108.34
100.37
92.01
90.99
98.06
107.83
104.21
94.22
87.53
91.07
92.11
90.31
91.60
101.70
101.10
91.16
88.00
94.62
108.78
113.87
114.13
104.60
91.88
87.92
88.76
88.86
90.73
90.21
91.45
94.78
92.26