102.97
107.15
104.99
98.80
91.10
94.72
95.96
97.04
94.45
94.42
94.70
94.28
95.81
100.87
105.23
97.95
88.98
92.57
95.78
99.92
96.44
94.84
99.78
98.78
94.71
90.06
90.19
92.08
101.71
108.41
110.42
107.25
95.13
89.12
89.09
94.84
97.69
96.05
99.01
101.60
96.66
93.83
90.05
92.85
104.24
105.38
104.15
100.26
100.48
95.69
98.47
106.67
107.93
98.56
88.69
92.34
96.87
95.86
99.82
107.91
113.71
109.30
102.67
99.95
97.49
91.83
89.16
91.81
101.02
99.68
93.84
90.84
94.98
93.21
89.33
86.98
88.19
91.33
92.09
98.24
109.94
106.29
104.92
104.70
100.27
97.48
95.90
92.62
87.90
85.87
86.19
86.94
89.68
90.22
97.26
107.46
105.57
93.51
89.10
91.40
95.08
103.90
109.10
110.95
108.48
99.87
93.00
99.16
102.91
105.94
109.71
106.47
96.98
93.20
101.31
111.80
110.14
98.70
95.68
105.07
104.77
97.90
99.02
95.67
87.58
90.99
106.95
111.28
111.92
110.56
107.26
98.83
95.87
91.19
87.06
89.24
96.72
103.31
99.36
91.68
90.40
90.10
88.45
90.14