97.42
93.11
104.73
108.06
107.35
103.48
93.52
86.23
88.64
99.12
104.28
108.86
108.58
99.82
87.68
88.21
91.22
98.81
97.95
96.18
92.66
88.05
85.51
85.18
86.02
88.29
97.78
110.23
111.48
104.03
91.23
91.53
99.91
109.75
114.51
115.90
114.04
106.43
97.12
88.42
86.91
88.19
97.11
111.54
111.02
103.21
96.55
100.32
103.60
96.99
91.87
92.14
91.03
91.92
95.02
103.10
104.59
106.79
110.83
111.92
104.79
99.48
104.80
111.75
111.19
107.67
97.31
89.85
96.25
101.65
106.58
109.79
103.70
89.64
89.36
91.86
90.99
97.29
98.93
91.70
85.62
85.87
87.25
89.29
93.23
101.51
111.66
113.24
104.59
88.89
83.79
86.84
90.82
98.02
102.63
102.14
104.03
99.95
90.98
85.38
86.32
87.41
89.93
92.96
91.92
97.02
101.46
104.08
100.17
100.40
100.08
96.06
99.68
104.13
99.36
89.28
91.59
102.26
110.89
113.30
105.18
90.92
89.02
92.73
102.89
106.54
107.33
109.63
103.42
93.47
93.29
101.97
100.06
99.67
98.24
92.38
96.04
97.39
96.97
97.16
98.64
102.39
108.51
109.92