98.99
92.04
98.90
112.39
110.19
106.15
107.38
103.07
93.60
89.38
92.42
97.51
93.55
93.94
100.93
109.23
103.89
90.89
91.00
105.09
104.43
92.85
93.08
99.26
97.59
89.62
89.01
92.37
93.80
94.54
101.35
106.48
102.16
99.70
97.77
92.89
87.77
87.18
87.56
92.97
104.80
103.42
98.45
102.29
105.99
107.21
107.16
102.86
92.35
89.18
93.71
103.31
99.61
100.82
98.93
99.35
98.94
103.95
100.25
95.53
90.68
92.89
100.69
110.55
110.83
106.88
105.38
101.24
91.78
86.95
88.33
92.50
94.17
92.27
89.03
91.99
100.75
102.28
98.87
99.83
103.70
109.48
114.05
114.66
105.23
95.36
88.60
87.16
88.67
98.22
106.51
103.79
102.16
103.59
107.76
109.24
101.45
98.62
97.92
98.12
97.67
94.83
94.14
101.80
104.72
107.94
103.19
99.07
99.75
104.75
111.19
113.33
110.62
108.06
108.67
101.23
87.71
87.94
101.65
109.79
103.55
98.39
101.22
107.01
103.60
103.53
105.52
100.27
89.97
84.34
84.78
87.98
99.00
109.67
114.27
106.32
93.01
93.26
96.55
104.15
108.92
105.24
92.61
89.86