97.56
94.69
108.14
117.56
114.96
111.30
108.98
108.73
105.43
103.73
106.83
103.96
101.07
103.57
100.12
91.56
89.64
91.50
89.33
86.18
85.36
86.00
88.67
99.14
114.14
113.27
112.02
107.93
98.28
86.91
89.14
104.53
111.97
106.74
97.34
95.19
91.03
87.67
87.25
91.69
94.02
97.88
99.84
95.28
88.37
91.49
103.39
113.77
114.54
111.56
110.80
107.61
97.24
94.68
98.53
101.97
98.85
92.12
90.63
92.96
98.10
94.40
88.54
91.18
100.39
107.46
102.36
101.69
104.91
106.60
100.61
91.02
88.48
91.62
102.79
101.37
94.19
92.68
91.24
95.35
98.20
106.00
108.97
106.60
102.57
99.62
92.41
87.46
87.07
86.81
89.89
91.83
96.61
95.45
98.62
106.76
109.56
105.72
94.06
93.26
99.66
95.61
93.34
95.10
92.49
89.20
91.02
93.03
91.47
94.97
93.65
94.21
99.76
103.65
108.96
111.56
107.23
100.38
93.01
90.23
97.48
110.14
112.29
102.12
94.34
96.30
99.58
93.37
86.85
90.87
105.36
114.99
108.39
91.33
83.36
84.00
85.24
88.99
98.35
107.34
107.06
96.40
92.03
100.23