102.62
104.46
107.09
99.65
95.95
97.16
101.04
107.83
111.45
110.73
105.66
102.54
100.18
94.72
92.41
99.64
102.26
105.08
101.43
95.50
98.94
108.74
113.19
111.43
110.11
110.79
111.10
103.91
93.73
96.09
97.85
91.96
93.77
98.81
98.21
95.67
98.27
107.38
110.05
103.12
101.61
97.08
87.60
86.70
92.43
93.60
96.16
102.14
104.68
109.61
110.18
107.18
100.39
99.71
107.27
113.56
115.71
115.54
111.07
101.29
92.06
85.96
84.59
86.39
92.96
109.34
109.11
102.63
99.56
92.87
91.80
92.88
99.30
104.92
106.00
105.04
98.59
99.45
100.57
96.56
95.27
98.03
101.53
106.90
104.60
99.83
100.35
106.30
106.12
106.57
104.83
94.51
89.06
94.10
103.18
107.25
101.55
92.73
90.40
93.40
91.73
90.63
88.37
87.42
88.98
95.28
106.37
108.05
110.15
104.89
103.55
100.65
98.67
100.40
103.36
97.20
89.99
89.78
94.14
98.06
101.00
104.91
99.10
92.35
95.34
95.96
90.41
91.11
98.21
99.82
93.93
87.10
86.22
91.62
99.97
108.48
111.33
112.73
113.64
112.56
101.77
93.02
96.98
99.28