99.02
91.50
98.02
109.61
111.65
103.23
93.74
87.15
90.81
96.33
92.79
94.12
93.89
99.53
101.20
103.87
104.03
106.40
109.38
102.07
87.45
83.10
85.40
90.34
97.80
99.14
97.33
100.65
108.28
112.17
109.73
100.21
93.23
88.92
90.70
99.82
105.89
109.29
106.74
96.10
86.09
86.56
89.78
98.53
112.51
110.75
98.85
95.76
98.11
100.65
97.07
89.68
90.79
90.95
87.97
86.93
90.99
92.10
92.64
97.90
109.52
112.80
112.50
109.22
100.45
92.51
94.93
103.85
109.39
101.90
92.35
90.81
89.45
96.27
99.53
103.69
97.85
91.65
93.93
97.28
92.47
89.27
93.92
94.22
92.10
92.34
99.99
102.26
101.71
96.95
100.09
103.39
103.31
101.44
97.37
90.37
88.87
95.00
103.47
109.54
104.33
99.35
101.51
99.34
101.26
107.65
109.21
101.08
91.60
88.34
93.41
105.78
113.39
113.82
106.97
100.02
98.61
100.52
103.79
109.15
110.95
106.04
93.76
88.86
93.86
104.31
107.64
110.81
113.22
112.79
105.44
94.00
93.61
105.17
109.22
108.85
110.51
111.06
103.43
95.20
99.21
100.21
92.25
89.30