98.39
95.17
103.52
109.29
101.39
94.96
91.74
97.39
105.57
101.53
93.39
86.65
85.46
90.92
95.38
92.42
93.45
102.56
110.18
110.37
100.47
91.68
87.40
85.35
88.67
96.61
108.55
113.39
111.47
110.70
105.55
93.89
91.97
98.37
96.87
97.96
104.51
111.92
108.86
94.16
87.45
90.69
96.05
100.10
96.59
93.47
97.01
98.88
94.51
88.62
85.75
85.12
86.39
90.30
93.07
94.50
91.90
92.28
93.39
102.31
109.71
113.31
109.69
98.61
93.98
96.69
93.74
86.92
84.54
84.93
87.81
97.02
112.80
118.03
111.10
97.73
86.47
85.82
86.79
92.96
103.40
107.81
102.01
93.52
90.02
91.54
95.25
103.93
103.71
101.62
102.78
104.26
105.52
108.82
111.34
106.11
100.82
95.90
88.35
88.47
97.85
111.03
109.42
97.16
91.54
89.47
89.09
88.50
88.90
95.50
101.45
108.73
109.40
101.17
99.49
101.99
95.95
89.59
95.71
106.65
105.34
93.21
90.12
93.34
96.90
105.36
112.36
114.51
111.57
99.69
95.39
103.55
106.48
102.68
99.21
96.03
99.73
99.26
99.20
98.62
99.77
103.90
108.43
108.22