100.72
102.24
101.43
100.18
93.12
88.98
88.78
91.11
95.15
93.82
98.63
109.78
114.95
108.82
103.77
100.01
100.95
99.35
99.06
104.96
105.49
104.73
107.62
106.62
103.22
105.53
108.14
101.72
91.64
89.78
96.89
105.45
112.17
114.39
110.54
99.94
88.74
89.12
96.18
94.34
97.82
99.47
100.13
103.72
106.54
110.55
111.72
111.38
110.37
107.47
99.25
93.68
93.03
96.51
98.40
92.48
87.41
92.49
96.08
102.93
110.14
107.32
96.50
86.33
84.65
87.18
88.44
95.10
107.10
106.49
101.06
98.06
99.00
103.25
107.86
104.59
102.93
103.93
99.09
97.77
95.15
89.54
87.30
87.01
90.06
91.35
95.67
103.60
102.65
97.49
92.61
93.33
102.78
108.67
103.35
96.00
88.87
88.68
89.73
89.40
88.38
90.87
92.84
100.88
109.16
104.69
103.38
109.34
112.78
105.35
98.98
102.87
109.97
107.57
95.59
89.24
97.29
110.99
113.33
110.60
107.52
99.50
99.24
95.85
98.54
102.98
103.74
105.84
102.99
102.70
97.59
96.26
94.18
97.20
106.07
113.15
114.55
114.10
111.51
107.10
101.93
101.07
101.25
98.73