97.32
89.83
88.53
93.88
98.49
101.08
94.49
86.75
87.53
89.56
90.31
90.81
95.15
106.29
113.49
112.45
110.16
103.55
93.61
93.25
99.37
98.39
95.00
95.54
99.40
105.02
105.35
99.61
91.26
85.81
86.26
90.16
92.97
99.85
101.84
94.32
88.61
91.69
101.51
108.58
110.10
104.59
93.79
89.31
94.80
96.66
95.94
100.76
98.88
95.18
96.17
97.82
97.54
102.84
111.23
109.32
100.21
88.01
88.24
90.02
94.22
104.35
102.81
101.64
105.24
108.75
101.93
89.97
88.13
89.99
91.23
92.52
97.29
94.82
89.92
86.79
85.65
87.53
89.10
90.17
89.04
91.37
93.72
91.68
89.24
88.14
86.97
88.90
93.28
93.87
93.68
90.41
87.81
89.73
97.92
103.25
98.41
88.90
86.28
87.98
92.21
92.78
100.55
107.14
103.53
93.45
86.42
85.57
88.35
90.51
89.53
90.87
95.05
96.66
99.67
106.31
102.94
97.69
102.74
108.01
107.00
104.34
102.44
101.35
101.76
99.72
96.65
98.32
95.77
96.19
92.65
97.61
109.88
111.64
100.38
95.19
96.35
99.99
104.06
108.51
109.92
111.53
104.51
92.00