96.35
90.37
93.94
95.43
93.93
92.09
89.45
87.66
91.40
103.30
108.78
111.48
105.97
98.46
96.45
101.88
105.61
99.02
90.04
90.07
93.59
92.57
97.45
102.49
97.00
88.02
84.97
86.03
89.66
97.05
105.51
102.63
103.96
110.26
114.11
110.01
104.58
106.59
101.61
98.42
101.42
102.54
106.50
109.38
111.25
112.34
108.45
96.78
89.99
96.60
98.96
98.57
104.03
109.09
104.45
92.77
89.72
99.18
101.92
104.05
103.40
103.90
101.66
99.41
94.21
90.13
93.05
93.95
96.11
102.02
110.43
113.60
108.65
102.11
93.06
93.48
105.48
112.78
112.23
103.42
93.94
91.75
92.24
88.70
87.30
90.82
91.45
91.38
93.85
99.95
101.51
101.35
103.21
104.77
96.90
93.87
90.91
96.55
101.29
105.67
107.59
107.47
101.66
98.11
95.22
92.65
99.19
110.76
115.96
109.59
101.14
96.14
92.30
88.27
87.41
87.02
93.01
105.27
111.91
109.45
107.67
106.17
102.12
99.55
103.62
100.72
101.62
98.31
92.58
94.11
104.86
103.80
98.23
92.79
95.63
94.95
94.91
96.88
100.62
106.66
104.14
98.97
90.78
93.60