98.78
95.95
103.25
102.75
92.65
87.72
89.01
98.32
100.47
106.07
103.50
99.17
101.48
101.46
98.47
98.63
106.49
111.28
105.04
97.18
98.60
106.64
104.44
102.25
103.50
106.83
100.67
92.60
94.16
96.88
92.86
95.95
102.03
104.21
103.31
107.45
106.10
96.45
92.92
92.44
89.54
88.08
89.34
91.77
102.49
103.44
98.25
95.97
104.08
103.97
99.85
95.27
91.60
97.33
105.78
111.10
113.12
110.98
107.35
97.46
87.28
86.35
88.68
88.30
86.72
85.67
86.33
87.35
91.85
102.53
110.04
111.99
105.34
102.81
99.18
101.26
108.08
104.61
100.88
102.36
102.28
98.85
90.11
88.09
87.86
87.05
87.56
88.58
90.93
96.58
94.92
100.03
98.89
97.42
102.51
99.06
101.22
104.85
100.42
99.12
95.00
91.45
88.20
87.21
86.81
88.12
90.64
100.51
112.81
111.89
109.36
102.34
100.09
94.20
93.80
94.68
96.54
93.02
96.61
101.02
102.21
95.12
95.59
106.93
109.19
102.75
102.44
103.76
96.68
90.25
93.84
96.68
100.89
101.77
102.72
107.19
108.13
109.75
105.28
100.73
100.71
98.65
92.10
86.05