100.79
93.54
96.76
109.74
108.68
99.00
91.33
87.69
91.10
98.99
102.08
98.60
90.47
90.21
89.48
95.16
98.59
101.35
97.80
95.37
94.29
93.90
96.50
100.07
104.95
105.20
100.02
92.53
93.47
103.56
106.16
96.32
90.74
96.38
104.54
98.96
92.16
97.64
103.45
104.44
106.47
101.81
93.65
91.50
98.99
97.86
100.90
102.17
100.45
97.22
95.13
100.73
109.59
111.52
111.31
111.35
112.70
107.98
104.04
97.01
87.70
85.44
92.31
105.12
109.82
101.15
96.80
102.56
100.55
97.92
96.43
92.30
93.77
92.07
89.10
95.10
98.03
100.54
101.43
97.97
97.23
95.63
100.65
104.91
98.83
91.96
94.55
96.88
99.78
100.39
95.18
89.78
92.85
97.78
99.36
99.91
104.63
104.74
100.03
102.01
105.44
99.89
94.43
96.14
106.21
112.45
110.41
99.98
92.86
88.57
86.46
85.48
87.33
93.32
101.91
112.02
110.44
109.90
111.36
108.11
94.38
90.37
100.84
104.05
105.67
100.88
94.89
91.17
89.73
91.87
92.78
98.46
100.59
99.50
105.29
106.59
107.92
102.58
95.17
96.92
95.90
90.61
86.20
88.94