100.40
99.57
101.17
107.03
103.34
104.02
99.93
97.10
101.14
101.19
102.06
103.84
106.14
100.11
93.38
88.09
89.34
96.49
95.84
91.63
94.54
106.30
112.02
106.64
100.36
93.16
89.10
95.18
107.53
111.51
111.36
111.81
106.02
96.62
92.00
90.31
94.21
105.06
112.52
106.53
98.00
93.40
89.42
88.83
96.30
96.88
92.57
94.27
92.75
92.43
97.90
108.85
105.62
92.00
89.70
91.05
94.48
93.33
96.74
102.46
105.64
107.23
100.53
88.56
83.72
87.24
99.75
107.11
98.55
96.45
95.78
91.13
86.46
87.14
87.95
94.42
96.42
94.76
101.74
106.71
105.29
103.36
98.70
95.41
98.35
95.29
93.92
93.56
101.02
103.70
107.44
105.37
102.21
93.18
91.36
93.77
99.60
104.21
107.47
102.42
90.87
86.20
90.10
92.85
94.46
100.95
110.22
114.19
112.09
102.57
97.62
96.67
95.81
96.96
95.99
91.04
87.71
89.15
92.14
101.67
107.42
104.50
103.71
103.55
101.55
103.63
109.71
110.74
106.01
103.52
98.78
88.81
84.54
88.46
91.42
92.77
94.37
92.26
90.69
94.68
95.70
99.64
95.90
92.23