98.51
91.25
90.24
90.23
95.51
105.01
101.30
96.45
90.99
87.37
91.14
105.26
115.16
114.28
105.87
94.44
91.61
93.61
98.25
94.52
88.30
85.79
87.18
90.87
98.95
108.85
106.89
104.65
100.53
91.20
88.73
96.41
98.83
95.84
93.55
90.53
88.85
94.30
105.92
113.79
114.34
108.85
98.10
97.62
102.89
98.16
95.93
95.87
100.47
103.20
95.21
93.49
100.34
99.04
91.20
87.88
92.84
97.79
101.80
108.44
110.88
104.75
97.75
98.28
97.35
90.21
91.53
94.48
91.51
89.08
95.02
107.44
108.80
109.99
108.03
106.41
107.76
105.42
105.17
108.57
110.08
103.38
94.04
92.65
89.81
90.43
101.05
104.10
102.99
95.87
93.46
97.91
97.47
96.64
99.54
97.25
92.56
89.81
88.01
89.61
91.51
90.74
93.88
95.56
102.62
99.48
92.64
89.53
98.10
104.74
109.86
105.41
100.95
102.96
107.27
108.81
109.65
104.54
92.17
89.51
90.05
94.59
94.40
93.56
96.17
96.82
91.03
91.26
93.18
97.86
107.20
105.16
97.91
99.55
105.99
109.77
102.87
92.33
88.66
92.22
100.28
100.22
96.00
95.95