102.88
100.28
96.75
94.91
100.79
110.34
109.64
106.93
100.08
88.91
89.83
94.01
94.74
99.95
100.10
92.49
87.51
89.70
96.72
108.54
105.61
93.68
93.76
95.13
94.19
91.92
90.51
88.33
87.77
89.31
91.89
94.14
100.63
101.45
95.19
94.54
93.37
95.85
104.32
101.38
94.32
97.55
101.52
101.94
101.42
95.09
92.03
100.45
103.58
106.89
109.31
102.30
95.22
96.38
93.07
92.45
89.76
94.14
94.60
92.35
99.79
111.65
115.67
111.94
108.00
105.65
107.23
100.69
89.11
84.16
85.10
86.86
89.13
94.37
108.83
117.49
116.63
111.71
102.60
90.90
90.72
94.98
92.35
93.66
101.82
98.69
100.71
105.69
109.45
102.92
93.81
93.86
100.78
108.49
106.32
94.48
92.04
100.46
104.59
98.40
94.63
91.13
92.97
96.55
93.80
94.24
102.56
108.54
108.06
104.96
99.75
101.54
98.36
96.23
101.54
108.04
103.47
91.94
85.71
85.99
89.33
100.81
114.82
112.44
104.85
102.27
95.57
90.63
88.72
87.66
86.69
87.85
94.63
97.33
93.31
88.07
88.57
96.78
105.24
100.62
100.51
108.77
112.63
111.77