96.49
87.32
90.66
97.96
94.56
90.35
87.38
90.28
101.71
107.06
102.07
102.86
108.64
110.45
103.24
97.56
101.43
104.94
99.83
90.87
85.35
88.82
94.66
101.00
105.83
101.22
102.22
102.72
105.52
103.94
106.01
101.76
100.53
99.95
98.87
99.33
99.69
99.10
101.18
103.99
109.19
108.50
106.41
108.32
107.60
102.69
95.57
91.20
98.57
108.36
112.34
111.73
107.55
98.00
94.15
102.12
108.50
108.03
98.73
88.00
85.26
89.19
93.46
103.16
110.63
114.51
112.32
109.92
101.26
91.94
86.38
85.18
86.47
87.63
93.02
99.46
103.26
98.50
99.57
103.42
99.72
96.90
101.19
107.56
103.35
92.27
86.13
87.52
87.77
86.60
91.53
106.59
114.06
113.18
110.87
111.66
108.95
98.40
95.14
102.30
100.60
94.89
89.03
93.80
95.71
97.83
98.93
106.14
109.04
102.54
99.45
96.22
100.64
102.63
104.41
107.48
106.47
106.80
102.56
93.68
93.98
101.10
108.33
110.58
106.04
98.29
93.51
99.48
108.25
111.07
111.79
111.32
108.59
97.73
93.50
99.10
100.84
94.60
93.28
91.21
90.12
87.95
93.88
105.63