100.01
94.41
99.26
98.97
93.23
88.42
89.06
98.64
101.32
93.97
88.52
90.98
94.67
100.09
108.85
110.72
107.75
102.44
102.35
103.49
102.49
98.45
99.75
95.63
96.17
102.92
103.88
102.20
98.46
101.89
99.04
100.38
105.64
104.16
101.36
105.14
109.14
102.89
96.70
95.73
96.25
97.17
93.52
89.95
89.04
96.69
98.94
94.49
91.02
95.69
102.90
105.65
102.88
95.79
97.14
96.00
92.77
91.57
88.71
86.46
86.95
88.63
97.43
101.54
104.02
98.97
92.06
89.51
89.27
88.12
92.32
94.00
95.39
97.03
105.06
106.28
100.96
100.86
99.11
100.74
98.63
90.53
87.00
94.85
108.65
111.72
110.96
106.73
99.08
98.57
101.41
103.60
103.47
102.45
96.98
89.53
90.27
95.16
95.76
94.41
98.49
95.53
94.00
92.00
99.02
108.80
108.01
108.04
108.20
107.06
103.87
101.54
98.84
95.74
89.62
90.67
99.75
111.56
116.00
116.15
106.78
89.17
84.61
86.49
90.41
97.85
110.81
113.04
109.71
103.67
99.18
91.08
87.82
88.29
88.64
89.41
94.34
101.83
102.00
101.07
105.58
110.29
108.43
96.51