101.95
100.86
109.70
107.69
104.02
106.68
101.21
97.34
104.23
110.24
105.53
98.13
92.85
95.89
94.10
95.52
93.49
87.75
86.67
90.97
105.32
106.20
100.71
95.76
100.68
108.08
105.37
94.78
86.12
88.65
98.62
97.87
101.85
106.92
110.83
104.08
88.97
86.68
90.05
94.88
104.23
111.03
111.26
111.20
106.56
100.02
102.81
108.78
104.79
103.54
99.56
94.25
99.07
107.67
108.39
108.24
104.47
93.76
85.54
88.45
94.81
97.62
104.52
105.70
101.89
91.76
89.77
94.73
99.33
96.58
101.41
107.94
103.02
93.97
95.82
100.65
97.39
89.19
85.10
85.92
86.61
88.32
90.56
94.50
100.57
110.39
108.93
99.69
92.01
93.51
91.63
88.67
88.80
87.93
87.85
88.26
89.93
90.92
97.54
100.52
101.18
101.16
105.84
105.62
104.26
106.20
100.69
91.74
89.68
93.59
103.04
109.64
112.84
109.28
104.76
105.54
102.84
92.26
89.32
92.62
95.47
93.97
100.87
108.64
112.32
114.02
113.38
104.50
89.83
87.89
88.64
91.29
95.73
94.79
90.29
88.57
87.84
92.46
94.60
98.40
106.22
101.87
92.68
96.35