101.38
103.02
103.55
105.59
104.67
107.50
109.30
110.52
108.69
97.71
92.68
94.51
101.99
109.92
112.63
104.81
91.54
89.65
96.38
103.98
106.45
100.85
94.51
93.20
97.47
104.74
101.99
94.13
89.75
95.47
95.93
101.53
111.36
114.49
109.30
104.47
105.80
105.88
98.70
93.09
88.00
93.17
106.76
107.76
109.10
112.60
110.72
99.38
91.48
87.35
90.55
102.76
111.91
106.74
91.89
83.85
88.37
104.51
112.71
114.11
112.98
104.41
100.79
98.71
96.62
98.84
96.82
89.24
86.71
87.83
96.10
103.85
107.05
105.10
103.56
95.78
86.87
84.89
88.11
92.56
100.04
97.21
96.45
94.31
97.99
97.34
100.47
96.41
94.20
98.51
96.31
92.17
93.69
102.43
101.56
99.06
98.63
92.95
92.88
93.36
92.48
92.67
98.15
108.59
114.91
116.64
115.86
114.05
105.97
88.79
83.94
87.14
95.83
107.00
105.01
103.32
95.82
89.69
87.38
85.96
85.79
85.84
86.86
93.68
104.64
113.77
109.45
94.43
86.41
90.78
92.03
88.73
87.79
92.91
93.41
99.84
103.07
101.72
99.60
97.00
99.19
107.06
106.68
97.54