97.08
88.63
91.45
107.77
114.44
111.20
107.48
99.63
98.43
102.30
99.87
98.54
98.10
99.12
102.28
102.88
97.14
96.59
94.89
91.45
94.01
95.34
99.99
100.84
98.75
91.34
85.97
85.35
85.68
88.23
99.43
107.54
111.75
113.60
106.38
93.28
86.70
88.45
91.13
96.30
95.70
96.94
100.74
107.88
111.36
107.95
101.38
93.37
93.61
99.40
104.20
105.14
100.64
102.90
105.02
107.74
108.61
102.99
91.96
92.18
92.59
96.17
106.31
108.08
104.04
103.56
102.16
101.73
102.79
98.30
92.84
97.88
106.58
101.90
94.50
99.65
102.64
100.20
93.04
90.02
88.27
89.46
94.66
103.66
101.96
103.17
103.74
102.41
100.51
101.10
102.93
97.28
95.44
103.77
101.59
94.86
91.17
89.56
93.63
97.59
95.27
89.70
91.68
101.53
109.49
107.53
102.71
100.33
97.90
102.06
101.39
103.59
101.91
95.94
97.11
106.67
111.21
105.39
103.08
97.35
88.94
85.26
89.20
94.82
99.56
106.88
113.72
111.40
102.77
90.09
89.92
96.49
98.45
104.81
102.87
96.20
89.16
91.87
104.23
109.61
111.20
113.27
115.06
114.35