102.75
101.57
106.14
108.79
105.80
104.06
98.15
95.64
103.40
110.60
105.57
100.68
100.72
104.33
99.74
99.66
98.98
97.11
91.52
94.72
102.26
109.46
108.99
106.93
103.28
99.68
101.32
103.87
97.28
90.01
87.14
90.96
95.78
94.79
91.90
90.91
91.79
96.12
107.22
114.41
108.75
102.24
102.13
108.31
112.62
106.26
100.74
98.70
92.90
94.49
96.73
92.59
92.80
91.66
91.79
93.06
99.30
96.50
89.19
90.20
97.90
100.30
101.44
103.43
106.90
109.68
112.09
112.01
104.42
91.22
86.31
85.55
85.59
85.97
87.01
93.17
109.49
116.49
108.81
103.15
98.95
89.96
86.00
86.05
92.21
108.16
111.44
107.52
107.07
107.45
110.09
110.46
108.09
104.17
100.49
100.17
93.46
87.31
86.31
92.86
104.95
106.91
109.46
109.37
105.05
98.96
90.21
85.80
88.87
90.74
99.06
102.46
100.85
99.39
92.94
91.46
94.15
103.01
106.66
98.86
95.95
103.73
103.96
103.26
99.39
95.30
100.43
108.96
107.90
103.33
100.74
95.80
95.27
102.46
102.76
95.76
87.79
88.51
93.52
98.51
99.19
105.05
109.10
103.49