97.95
92.08
102.60
114.75
111.92
105.87
106.43
111.38
109.79
98.86
87.81
84.37
89.64
95.83
104.45
110.41
106.94
106.93
109.22
111.07
108.68
101.39
92.98
95.77
97.28
98.41
104.39
105.23
100.05
96.91
101.13
100.35
93.56
96.77
97.74
93.24
89.67
89.76
94.42
96.94
103.08
104.71
101.00
94.57
87.50
88.02
88.10
93.76
104.83
105.65
105.47
105.75
99.38
100.37
104.47
99.68
100.86
103.02
100.80
103.65
109.90
112.98
110.51
102.34
96.42
100.15
98.66
89.47
88.49
98.08
111.36
116.86
114.55
103.41
96.36
99.60
106.82
111.44
104.69
99.48
93.01
88.25
85.97
87.05
88.23
89.27
89.00
87.59
89.56
92.91
101.28
108.65
106.58
107.92
109.76
108.17
105.02
106.89
104.67
92.88
91.77
99.92
107.48
106.00
102.60
100.67
97.16
89.34
88.20
96.89
104.96
104.06
95.83
96.46
101.46
108.10
112.99
114.40
112.93
110.19
104.96
104.13
106.52
103.23
97.86
100.92
109.65
110.73
102.44
90.06
86.43
91.85
94.31
99.30
100.66
95.44
97.25
102.27
100.19
96.92
91.14
87.85
94.99
107.24