99.88
95.42
94.80
94.24
92.34
93.34
92.69
93.20
98.94
109.46
115.43
115.76
109.55
104.87
104.79
97.55
92.84
91.44
91.67
98.20
104.93
105.99
105.41
102.45
102.78
108.43
104.30
95.82
88.75
85.60
87.08
87.98
93.58
97.76
104.24
106.18
109.12
102.73
94.34
90.57
88.33
91.80
102.46
106.57
108.35
104.86
98.43
89.73
87.18
86.99
93.85
104.49
102.04
92.10
88.44
87.87
95.09
108.16
113.42
108.99
103.32
104.94
107.64
109.33
109.72
108.29
98.80
92.72
90.87
88.72
91.47
101.07
99.94
102.54
98.39
98.51
97.52
99.07
100.83
105.71
103.36
95.57
90.85
95.72
95.70
97.76
106.51
105.04
101.49
99.07
102.66
99.08
98.16
101.09
102.94
95.55
87.95
85.05
89.83
93.82
103.72
102.17
92.53
89.02
93.91
101.92
109.43
114.13
111.55
107.76
108.11
110.61
103.80
98.81
93.09
86.42
85.11
88.37
98.78
99.55
90.86
90.19
98.07
104.09
103.65
103.70
100.74
101.95
101.92
93.98
87.05
91.42
96.30
97.14
97.03
95.70
91.43
95.10
101.87
103.65
97.98
98.38
102.41
105.15