99.48
91.94
97.36
104.54
110.78
114.29
109.68
100.17
94.17
89.73
85.74
85.07
86.85
94.99
106.62
112.30
110.45
108.12
107.30
106.47
105.44
103.37
105.94
108.24
106.93
98.82
91.08
88.95
97.55
109.09
108.60
96.96
88.70
90.38
92.10
91.73
99.08
109.99
105.40
94.18
92.72
91.28
97.44
109.16
114.37
114.61
109.58
101.38
89.64
84.95
84.72
85.03
85.16
86.60
87.95
93.29
103.89
113.40
110.64
97.13
90.30
99.31
110.66
113.63
108.54
104.74
103.95
95.93
86.35
89.87
91.98
98.44
97.09
100.95
102.80
94.84
96.39
102.43
109.06
107.18
101.91
94.18
88.96
89.66
92.88
99.14
99.71
92.53
85.91
88.13
100.04
113.91
112.60
107.29
102.28
105.35
104.54
98.29
93.06
93.89
93.61
90.98
89.29
87.57
87.49
94.13
98.11
98.90
94.76
91.31
89.85
97.74
107.97
111.48
106.57
103.14
96.58
95.05
96.20
98.71
102.34
107.39
109.85
111.57
106.18
103.75
107.18
109.29
101.56
92.59
90.48
88.58
89.17
91.17
97.96
105.58
100.24
90.99
90.84
101.03
110.15
110.90
109.58
106.36