97.29
92.33
94.28
103.82
108.72
109.21
108.22
99.36
87.70
87.03
93.19
93.93
88.90
85.64
87.36
92.10
99.64
111.50
117.14
113.94
106.99
96.79
86.33
85.11
89.15
96.46
105.07
106.69
108.95
103.86
92.33
88.00
89.67
89.01
90.06
92.06
99.77
111.19
113.98
112.90
105.45
91.41
91.33
92.74
96.72
100.43
102.31
103.12
107.04
103.54
93.88
93.01
91.76
87.49
86.78
87.92
96.34
105.09
99.87
100.64
105.48
108.37
104.86
100.80
96.11
92.07
89.89
87.70
93.83
101.56
99.13
101.48
107.20
107.99
104.55
104.83
103.53
93.39
89.56
90.17
91.65
91.25
92.90
98.76
100.73
96.25
89.50
85.81
85.42
87.02
88.30
92.43
95.26
104.61
104.44
106.15
104.21
105.07
101.88
90.94
88.41
91.96
93.84
100.91
110.03
115.11
113.05
110.73
110.12
110.95
103.42
92.93
89.86
99.13
109.33
107.77
100.97
93.93
93.95
104.19
101.62
93.63
86.87
85.98
86.69
91.92
100.35
102.67
99.37
101.26
106.95
106.17
105.90
108.51
105.11
96.32
96.60
102.87
98.85
97.31
101.83
97.48
88.25
90.49