96.53
87.12
86.67
95.80
112.02
118.24
114.25
109.74
107.06
104.97
95.02
88.55
88.89
87.76
87.90
95.40
109.57
116.01
110.30
104.71
100.83
93.09
87.93
88.95
93.74
102.46
100.42
100.35
99.25
103.74
110.45
110.34
98.97
94.39
96.08
99.49
105.99
110.92
103.49
89.78
84.10
86.80
94.44
108.74
106.43
96.89
94.70
91.20
87.70
86.36
88.08
89.98
97.66
104.35
102.61
94.01
91.60
92.47
92.55
95.22
99.34
98.52
91.20
87.15
92.51
95.58
101.37
105.92
109.04
103.22
97.18
101.63
98.64
95.34
93.82
97.59
96.60
90.34
88.05
94.66
95.52
97.51
99.51
100.08
101.14
100.15
100.80
94.27
90.63
88.45
87.88
95.36
106.74
113.24
114.52
111.93
101.33
91.80
90.81
94.22
101.97
106.56
108.23
107.13
107.38
102.76
95.52
97.46
100.33
101.99
102.80
95.55
89.11
86.05
85.38
88.32
100.89
116.47
116.88
111.06
101.59
95.80
92.06
95.83
93.74
96.18
100.63
99.55
99.28
93.67
86.80
85.25
86.90
90.99
93.43
102.94
100.89
96.94
92.07
95.70
101.49
108.55
113.29
108.46