99.60
95.18
105.99
109.98
111.01
108.86
109.44
111.30
110.17
110.31
106.61
98.85
91.05
87.68
91.38
92.71
88.60
85.65
85.03
88.08
102.05
114.38
112.52
108.10
103.20
102.49
105.02
109.43
113.03
105.78
96.25
96.65
97.61
97.76
103.57
105.61
104.14
98.12
91.65
92.66
95.39
93.59
90.74
97.25
100.97
102.80
104.27
109.35
108.21
98.68
97.84
106.96
103.19
93.68
90.59
99.73
109.29
108.99
100.31
97.55
105.08
101.74
94.52
98.14
106.88
102.31
101.25
102.11
100.36
92.17
92.07
100.99
104.73
98.77
94.31
93.50
102.13
102.38
97.93
91.70
92.37
102.76
107.74
110.58
109.84
108.45
107.36
109.56
105.90
95.91
88.31
90.43
101.77
112.81
109.86
102.63
103.86
100.80
92.01
93.57
103.02
99.23
95.07
101.87
102.91
97.61
91.47
89.62
89.76
91.46
89.55
89.50
94.45
102.63
107.30
110.88
113.83
110.30
107.49
108.66
105.83
95.53
86.99
86.99
91.81
96.58
105.42
111.94
110.11
102.94
103.18
109.55
112.46
107.65
101.85
96.61
96.21
91.33
94.20
97.38
92.97
91.15
93.63
94.62