99.56
100.64
103.36
102.31
93.30
87.19
86.62
93.35
95.64
96.33
94.26
93.82
95.58
99.26
96.18
93.72
90.77
88.34
87.34
90.49
92.86
102.25
110.60
109.93
107.85
99.16
96.00
97.57
101.07
103.76
97.46
90.51
86.19
88.54
101.01
108.07
109.53
108.31
104.05
103.77
108.88
104.61
97.29
92.41
92.24
99.87
107.31
105.72
97.85
91.67
92.61
92.37
93.86
101.73
108.39
111.41
107.50
94.85
89.65
91.57
98.64
103.65
96.67
86.96
86.93
97.14
111.41
114.71
105.06
91.97
93.44
100.35
100.25
97.40
102.60
100.76
90.06
86.48
91.43
95.92
97.00
92.47
92.08
100.23
108.65
104.64
96.20
97.85
100.21
94.71
90.77
97.46
109.92
114.97
115.32
112.55
99.96
93.05
89.49
86.23
91.72
107.33
109.18
103.20
95.50
99.73
101.80
93.43
89.60
93.77
96.96
91.59
89.10
95.39
106.45
101.99
92.54
87.46
93.94
96.54
94.29
100.77
110.03
109.58
109.45
101.87
92.39
90.70
98.54
100.53
105.12
102.97
102.40
97.94
92.48
89.65
86.86
85.40
89.88
93.73
101.55
104.15
106.02
110.74