96.92
90.77
96.31
108.98
109.35
98.03
90.31
95.64
102.92
107.74
110.71
104.09
98.46
101.34
108.90
104.76
93.96
95.78
103.79
100.73
98.24
95.84
93.81
95.01
101.25
97.63
98.75
104.88
102.29
95.23
97.67
105.42
107.72
100.26
94.55
98.97
101.56
105.92
109.13
111.66
110.56
109.65
111.15
106.34
95.41
89.63
94.96
102.45
108.61
107.46
107.96
103.79
98.07
90.76
86.17
87.73
94.06
101.66
111.21
113.86
108.84
106.28
105.89
107.11
100.75
97.88
97.81
92.23
86.49
84.80
89.31
102.48
110.53
109.61
110.59
109.59
110.41
104.61
95.49
88.34
90.96
104.75
108.24
106.08
101.43
99.41
92.43
88.56
96.15
109.42
108.25
95.11
89.24
90.70
91.02
93.75
103.64
110.74
111.49
104.10
92.38
91.75
100.31
97.18
91.10
90.99
94.29
91.41
94.81
106.97
111.99
107.18
105.87
104.75
96.30
91.98
93.22
97.01
92.78
88.51
91.03
94.66
104.99
112.89
106.77
92.88
86.08
85.45
90.83
101.16
112.84
116.82
112.78
105.03
91.89
90.01
100.61
102.35
99.51
102.95
109.27
106.77
98.61
98.60