103.36
101.20
106.14
104.10
95.53
95.96
97.49
96.26
99.89
97.21
95.32
103.55
104.68
96.75
93.34
92.21
92.46
100.74
102.27
100.42
101.22
97.04
89.80
89.24
99.71
99.45
93.69
88.89
88.97
96.60
110.73
108.78
104.79
103.49
107.09
104.99
103.60
99.97
91.71
87.16
90.37
92.53
93.27
99.53
105.77
110.00
107.96
97.94
94.96
98.86
104.12
104.89
106.05
110.14
112.34
106.26
100.93
105.08
105.16
100.17
100.99
104.76
100.33
92.69
92.93
101.89
101.71
93.43
94.75
104.49
101.93
96.74
92.67
93.14
99.69
101.74
102.60
108.14
104.81
92.95
89.16
91.18
89.28
91.90
104.25
109.08
101.44
96.62
91.28
92.50
94.08
100.39
100.62
105.24
111.10
114.58
114.37
104.89
95.47
95.39
91.60
88.52
91.50
93.16
100.17
98.52
95.49
90.52
86.55
91.09
99.95
102.51
102.10
100.70
96.89
98.13
102.34
103.73
97.40
88.57
90.70
91.33
91.82
93.84
103.96
113.30
108.68
98.61
94.61
94.47
91.11
87.27
90.17
94.37
98.90
108.64
104.51
98.94
92.96
87.03
90.52
93.98
92.43
89.41