100.67
103.88
104.93
104.52
107.39
109.65
104.70
100.26
103.14
103.94
104.52
97.69
87.01
86.31
94.32
109.75
111.59
100.86
93.25
100.21
100.00
89.91
86.16
88.99
97.53
106.28
109.51
112.19
111.11
108.09
99.67
87.86
88.33
102.30
105.94
109.03
102.61
92.51
86.71
91.15
96.39
103.46
110.38
109.48
104.35
104.54
100.75
96.59
90.96
86.77
89.69
100.04
111.21
108.80
101.20
100.48
99.37
96.18
100.98
109.65
113.34
110.40
99.32
85.95
83.40
85.39
91.24
108.78
113.89
105.41
91.11
84.19
87.28
91.36
99.28
109.38
106.16
98.97
100.39
98.95
90.49
88.34
90.08
97.09
107.15
111.44
108.98
99.79
92.53
89.14
89.16
88.01
92.75
100.55
108.01
110.72
103.64
96.71
92.77
97.23
107.66
107.72
99.60
98.09
99.41
94.37
86.87
86.22
95.30
104.91
111.43
107.12
97.04
94.72
91.48
96.58
96.61
96.05
100.93
101.22
93.92
93.78
95.90
99.52
107.97
109.72
110.24
108.12
100.27
95.54
94.25
97.24
105.30
107.30
104.79
105.06
109.72
110.75
106.55
100.54
96.89
94.94
95.26
96.12