97.26
88.88
91.79
95.22
91.46
88.30
86.61
85.85
88.88
94.82
107.01
105.97
97.99
99.57
105.12
110.11
103.99
91.37
90.12
90.83
88.08
92.64
95.46
98.03
105.63
109.41
105.25
103.77
102.75
106.60
107.83
109.69
110.23
111.12
113.01
110.25
98.06
88.54
87.89
90.94
91.31
98.10
105.38
107.63
107.82
106.75
106.33
109.19
104.56
94.01
91.71
90.11
93.04
94.82
91.19
88.94
87.26
90.67
102.59
105.11
102.86
106.18
102.92
93.55
89.53
89.05
88.14
88.00
93.99
104.63
112.62
110.61
98.79
91.52
90.45
95.32
99.17
93.84
94.92
92.51
93.21
91.09
91.01
89.83
92.75
102.76
108.51
112.59
108.51
98.90
98.62
95.65
88.08
88.28
90.24
89.32
88.15
92.86
105.81
109.92
107.64
102.12
93.05
87.19
91.09
104.27
104.00
94.28
92.40
103.39
104.65
101.96
105.37
111.18
109.96
109.24
107.27
98.65
92.45
88.43
88.83
95.68
103.52
103.96
95.67
93.47
102.09
104.16
105.11
109.38
106.86
96.86
89.91
93.10
102.46
108.46
107.47
96.25
91.33
95.63
98.82
101.03
100.63
103.75