101.17
102.94
103.32
107.09
112.83
111.93
99.64
85.89
83.63
86.93
88.16
95.35
109.34
116.80
110.01
100.82
90.40
92.96
96.09
99.07
104.81
105.14
102.06
104.35
99.79
93.70
92.63
100.03
98.40
93.29
98.99
106.13
101.01
95.59
94.71
93.45
93.15
101.35
105.24
108.98
102.53
92.44
86.70
86.79
90.95
100.56
106.20
103.69
102.75
106.86
108.90
107.98
104.15
99.29
95.34
95.86
97.10
92.35
93.12
93.47
97.36
106.62
110.88
107.94
105.32
96.63
90.26
87.52
92.52
99.39
95.25
89.20
89.74
94.01
95.39
103.82
110.84
106.99
96.56
93.77
100.53
109.47
109.23
105.61
98.50
88.65
88.04
94.85
101.71
106.91
101.36
96.01
97.06
105.36
111.80
107.86
92.95
84.16
86.40
90.00
90.64
92.34
96.20
99.07
103.55
108.22
108.84
105.71
94.61
85.90
90.08
105.23
114.50
114.80
109.48
95.90
89.29
98.31
108.13
110.22
107.14
105.96
98.37
88.22
89.95
94.32
101.71
109.58
110.45
111.43
112.49
111.36
105.30
93.13
88.40
86.92
93.09
94.65
96.40
99.09
101.68
108.35
111.07
107.94