98.95
91.32
89.83
91.13
93.16
93.55
91.37
96.02
98.59
98.72
101.65
101.63
98.39
94.04
96.57
104.91
107.34
103.28
97.34
95.60
91.97
86.98
89.63
95.75
107.54
105.17
93.40
90.34
95.05
95.98
95.23
99.98
98.22
94.47
89.34
89.85
94.53
100.31
95.91
93.93
96.21
95.11
89.16
93.65
94.45
91.62
94.50
100.73
101.03
97.10
101.21
109.03
108.55
101.58
98.91
102.47
97.47
90.35
91.20
90.32
88.03
86.11
90.29
97.49
106.02
110.51
112.66
111.02
109.73
107.08
101.44
96.55
92.05
89.72
93.28
102.13
99.34
96.44
102.94
110.10
106.99
97.93
89.80
90.73
100.62
107.62
110.33
112.51
105.39
100.62
105.65
101.33
96.75
91.91
87.38
89.81
91.25
96.53
95.86
95.82
100.08
98.59
102.04
110.32
115.10
116.40
113.02
106.32
95.18
89.48
95.51
102.87
101.18
99.30
100.70
98.40
95.97
96.73
102.40
107.20
99.93
96.68
94.90
99.25
107.17
109.24
101.15
89.11
85.57
91.00
98.12
99.92
98.31
104.31
100.99
99.87
97.58
91.66
86.45
90.88
95.04
96.88
101.14
103.35