97.07
92.37
106.05
111.83
101.39
90.16
91.28
93.79
89.59
90.35
93.54
93.48
98.61
102.92
102.44
93.69
90.36
90.74
94.49
101.60
109.17
112.09
106.31
99.25
94.45
90.32
91.19
99.18
108.79
107.16
106.67
110.61
107.19
96.65
95.22
101.87
110.10
106.44
99.89
92.43
88.94
89.50
91.77
93.05
100.63
100.09
92.91
89.11
91.70
101.82
103.49
101.14
98.41
92.08
92.18
95.91
105.41
110.23
107.44
105.19
97.51
98.15
105.73
103.03
90.97
88.96
93.68
94.70
98.82
106.69
107.54
104.99
103.40
97.62
91.99
89.41
89.16
89.90
90.17
94.06
98.07
99.38
102.40
99.08
94.94
99.83
97.20
89.67
92.91
104.16
105.40
106.22
100.91
89.64
90.65
96.74
93.33
88.03
86.47
85.99
85.63
89.02
95.00
107.77
106.29
102.63
106.67
110.74
104.29
96.00
94.77
98.37
100.06
94.35
90.70
91.23
90.33
87.90
90.26
99.22
100.54
105.70
110.84
104.04
91.53
90.08
97.23
108.46
109.20
102.20
92.49
89.09
97.78
111.67
113.48
106.19
100.14
103.98
110.88
110.57
106.85
105.13
101.93
99.23