96.37
86.96
85.42
87.89
99.11
107.88
99.86
95.80
98.19
97.19
91.13
89.06
91.23
98.29
105.55
100.13
92.79
87.92
89.29
97.37
106.01
108.81
110.10
101.57
97.01
94.31
96.75
93.46
86.85
86.29
92.06
107.97
112.98
105.74
91.30
86.70
95.39
105.23
101.62
94.55
89.05
94.46
102.38
101.35
104.09
108.96
109.45
109.68
105.95
105.25
107.52
107.58
103.39
92.45
89.99
92.44
95.72
97.64
96.54
94.52
97.06
99.61
101.14
102.48
108.17
106.07
97.89
91.12
96.04
96.31
96.22
99.33
107.30
106.54
103.09
98.99
101.90
108.92
110.70
103.04
100.04
103.53
102.48
103.55
108.68
112.75
109.24
94.62
83.48
83.08
84.84
85.27
88.15
97.57
103.11
95.35
94.96
106.39
111.10
110.56
105.73
98.52
100.32
109.33
112.22
106.87
103.10
96.90
98.74
107.47
103.12
100.53
99.97
101.67
105.20
108.44
104.21
94.61
94.77
104.28
106.44
107.65
108.42
104.29
102.83
103.73
103.71
100.58
98.43
92.34
85.76
89.14
102.22
113.09
114.85
109.46
101.12
93.86
97.98
101.76
95.69
97.19
102.01
95.89