98.36
93.38
94.61
93.43
91.81
94.02
104.66
103.25
95.38
92.23
90.08
95.66
106.28
109.87
107.58
108.21
106.79
106.83
106.23
106.47
101.32
97.89
102.08
108.07
109.78
106.12
104.28
99.96
98.85
101.41
104.16
103.60
99.86
103.17
102.13
97.03
97.58
97.78
92.42
93.42
94.33
94.58
102.41
107.19
108.58
101.91
98.94
99.08
95.92
93.76
101.49
109.49
113.05
113.53
105.20
99.90
102.38
104.05
99.27
97.41
92.67
87.01
89.41
95.54
100.14
102.64
104.85
108.05
106.99
98.15
94.82
103.44
106.66
97.34
86.00
88.92
92.62
90.55
90.38
96.17
95.30
97.72
100.46
95.05
93.43
95.85
100.76
97.12
91.33
89.73
96.44
95.91
97.19
99.19
97.82
97.60
94.77
93.07
97.03
94.81
96.26
97.18
103.48
100.74
101.40
99.43
94.19
96.11
98.69
104.62
101.58
96.63
98.95
104.40
102.53
91.82
90.24
98.92
103.73
109.20
113.10
110.93
99.44
86.83
86.57
96.09
109.19
115.99
117.01
114.54
107.12
100.02
93.72
96.96
99.45
96.16
99.45
102.92
101.78
102.03
106.90
104.04
92.66
87.79