102.09
102.06
110.45
106.05
96.77
90.77
89.72
97.51
111.01
113.68
105.27
89.70
83.81
85.27
90.04
102.07
102.09
93.09
87.12
92.47
107.14
108.19
103.21
100.74
101.24
100.89
104.28
108.68
110.20
103.43
90.00
84.71
90.05
104.00
106.02
99.80
93.02
88.07
85.46
85.04
86.33
91.56
94.89
99.92
109.73
109.30
104.92
100.83
102.97
97.51
96.40
103.88
110.73
107.80
103.79
95.79
90.66
87.13
85.18
85.77
86.56
92.18
98.72
104.10
100.75
103.99
105.02
98.94
93.53
95.01
99.75
100.22
103.86
102.38
93.89
85.85
88.30
93.66
97.21
97.28
98.09
97.90
103.88
106.21
102.76
104.04
110.05
105.55
91.49
85.37
88.61
97.62
103.65
98.74
98.55
107.27
105.20
97.66
90.67
94.06
94.14
93.27
92.14
96.85
98.98
105.43
103.10
103.51
109.56
108.93
107.06
104.08
101.85
99.84
98.27
98.89
97.12
97.35
103.16
107.05
106.07
98.97
96.85
93.26
90.21
96.80
104.46
107.01
110.13
110.31
103.01
89.91
87.45
93.64
97.63
94.60
98.05
107.36
110.55
106.84
99.67
96.68
101.06
101.25