100.24
100.41
111.83
108.26
103.85
103.66
97.85
90.12
87.19
93.10
96.08
92.86
89.59
88.90
91.39
92.81
98.68
96.28
95.52
97.15
99.21
106.27
102.77
95.82
90.93
92.27
102.50
109.35
105.63
92.81
85.24
87.04
93.64
93.53
93.01
98.84
105.87
108.77
109.16
108.14
107.11
102.65
93.16
86.51
86.48
88.78
97.03
107.49
111.63
109.70
98.79
89.72
85.91
88.47
92.50
91.27
88.83
91.86
92.35
98.00
99.98
93.55
94.06
101.47
106.50
102.75
98.20
96.23
102.05
110.06
111.73
106.41
102.62
99.15
94.55
95.70
96.25
102.77
102.68
93.82
87.52
85.69
91.96
105.06
112.66
106.01
97.55
100.11
106.55
101.98
97.28
101.45
106.04
101.20
93.31
95.73
101.79
96.94
98.88
101.87
102.87
99.03
94.81
90.62
94.86
94.85
89.98
93.72
95.08
92.87
95.52
97.76
103.66
107.17
110.21
104.30
93.36
88.13
93.75
107.17
106.32
101.13
92.71
91.19
89.77
94.05
96.26
100.56
96.86
100.43
106.84
106.15
100.61
100.96
98.86
90.88
88.25
91.16
91.22
89.79
88.80
89.77
91.05
90.44