97.37
92.27
98.43
107.33
109.04
103.39
92.87
87.24
86.03
85.74
85.93
87.80
93.25
101.48
101.95
104.65
108.76
112.37
107.27
96.80
92.54
89.47
88.13
90.66
102.06
112.15
114.41
109.54
100.64
92.05
94.53
105.73
113.26
109.03
93.95
84.60
84.39
85.13
87.33
95.01
104.38
112.46
106.11
90.89
86.26
87.57
94.53
97.76
98.18
104.96
112.00
108.08
100.21
96.14
91.83
88.13
92.42
106.46
115.29
112.28
107.84
106.22
105.53
106.83
100.77
88.97
88.97
102.48
103.51
105.32
104.73
99.03
89.53
88.27
87.84
87.21
87.57
93.88
99.83
98.85
94.05
89.54
91.97
95.42
93.79
88.58
93.08
96.99
99.21
99.16
103.62
106.97
109.11
103.71
101.58
107.01
110.23
110.77
108.38
108.26
105.96
102.88
97.56
90.69
91.29
101.36
112.49
109.74
100.54
93.38
91.47
95.50
96.83
100.42
108.99
113.05
114.51
107.75
100.44
97.16
93.26
97.31
108.33
108.12
107.11
105.29
98.78
88.09
86.20
90.79
95.68
93.91
88.57
85.85
85.69
86.12
88.48
90.42
91.85
100.27
102.19
95.06
91.71
95.06