98.31
90.93
88.82
89.84
95.89
105.73
102.47
100.58
97.57
98.14
100.99
106.50
112.47
113.82
104.42
91.28
94.07
98.84
92.16
92.74
98.75
105.78
109.63
112.95
109.23
103.83
100.67
102.91
106.30
107.32
103.66
100.42
92.98
94.13
98.05
92.52
92.21
94.44
99.75
98.56
96.18
91.43
87.56
87.72
88.11
91.52
100.42
104.22
108.72
109.00
103.98
94.47
95.31
105.94
108.71
100.08
86.99
89.17
94.21
94.68
94.29
99.97
99.10
102.51
104.08
105.62
110.39
112.12
108.95
100.30
93.06
93.96
103.68
106.23
98.48
94.14
97.91
106.75
107.67
96.94
89.00
92.58
95.40
93.14
94.07
104.54
109.44
112.42
110.90
104.38
94.11
89.56
91.10
98.46
107.96
114.18
111.81
104.33
97.65
101.77
109.72
113.14
109.36
97.29
91.17
95.47
106.90
112.65
109.33
105.12
102.94
99.57
96.57
100.71
96.94
95.77
99.99
97.23
95.12
93.36
97.98
101.33
105.47
99.31
89.89
85.48
84.82
86.25
87.99
94.15
96.51
93.64
88.46
85.80
89.38
99.96
102.93
104.92
105.00
103.63
94.66
90.52
89.97
90.95