99.08
92.05
90.83
91.14
88.94
92.92
94.45
95.06
94.79
99.53
107.52
103.12
94.71
94.85
96.38
92.38
88.90
91.74
94.38
90.52
87.49
86.47
91.55
108.03
117.02
110.65
104.13
95.60
90.48
90.50
98.46
103.05
101.23
94.65
87.96
85.33
87.38
88.69
97.03
104.45
101.99
97.54
90.33
87.43
89.85
96.35
108.13
114.81
114.57
106.26
96.23
93.92
99.33
103.55
105.70
109.35
105.52
101.40
99.70
94.37
91.51
94.50
95.87
103.43
109.16
109.41
110.64
110.21
102.22
94.36
91.81
93.70
91.72
86.93
88.43
100.48
114.47
109.20
102.65
95.30
95.39
97.69
94.68
98.04
99.83
105.43
107.64
103.27
101.94
99.98
96.94
92.73
88.44
85.61
87.70
93.41
101.37
100.57
94.00
94.79
104.50
112.87
110.08
95.42
89.13
90.41
98.35
102.17
107.20
109.66
102.92
100.21
103.77
109.25
106.22
102.23
105.31
100.25
93.27
87.59
89.18
92.01
89.66
94.84
103.34
101.91
93.68
87.66
85.43
86.12
88.06
92.47
106.06
106.34
107.99
105.87
103.91
106.14
102.40
103.05
100.23
102.42
98.47
91.31