99.43
97.13
97.79
93.42
89.79
88.74
90.60
93.70
104.97
108.43
100.31
97.42
93.66
97.24
106.14
105.30
103.50
107.38
111.26
107.72
104.58
100.62
97.07
98.42
98.78
95.88
90.42
92.59
93.51
92.80
97.41
105.49
109.80
111.43
108.52
106.04
107.84
108.65
102.88
94.74
92.15
100.23
104.10
101.82
99.93
92.65
94.56
104.58
111.23
113.52
114.19
113.05
109.65
97.32
93.19
103.14
109.46
107.32
99.66
90.85
94.04
97.62
100.69
100.61
103.26
97.99
92.79
92.55
100.85
104.59
100.25
91.58
86.08
86.89
90.57
95.52
99.97
96.20
91.73
94.90
95.92
98.36
97.69
99.44
100.48
93.74
87.89
88.93
96.11
107.46
106.88
106.64
110.04
110.51
108.12
99.67
87.32
85.50
95.28
104.38
105.24
97.35
94.32
91.16
88.01
92.19
103.38
104.43
104.18
108.42
104.08
102.00
106.88
111.83
108.43
100.85
96.53
95.63
100.54
104.50
108.45
112.53
114.68
113.35
110.69
104.87
100.30
93.31
87.77
89.24
94.83
95.74
90.46
86.16
90.17
101.49
113.32
116.40
109.90
101.26
93.82
87.28
88.38
98.31