101.02
98.85
100.39
98.86
94.95
95.15
104.98
111.88
110.33
105.31
97.08
93.81
97.48
101.84
103.49
107.98
111.19
109.12
104.93
103.93
107.32
111.60
108.39
99.10
96.35
94.79
93.31
98.57
106.89
106.30
100.85
95.81
100.15
104.61
106.42
104.91
99.25
95.07
98.52
105.77
110.85
107.06
99.40
91.95
89.45
87.94
91.22
99.64
100.88
97.06
101.80
107.94
105.83
98.78
97.81
94.23
90.68
93.15
102.10
106.05
103.54
103.65
104.56
102.36
96.34
97.17
106.46
109.45
106.81
103.41
102.74
107.01
102.82
96.00
93.37
97.58
106.16
102.05
95.71
98.57
105.47
109.83
110.54
111.10
108.84
107.82
103.82
92.88
87.95
91.95
91.66
93.04
103.44
103.75
99.60
98.51
102.16
104.18
99.50
99.52
107.44
109.42
100.82
97.58
97.80
95.40
89.45
91.43
101.22
104.71
101.64
94.75
90.33
92.98
93.71
88.92
88.11
87.31
92.91
99.00
94.66
88.04
88.92
100.46
102.42
102.62
97.11
98.46
99.89
100.15
103.07
108.10
112.83
112.12
104.17
100.45
96.38
100.01
102.73
100.33
93.18
87.62
92.31
104.39