99.74
97.38
97.69
104.71
107.97
105.24
101.45
102.99
107.80
108.90
106.50
100.46
100.62
102.85
105.05
101.17
101.97
106.82
108.17
103.68
98.36
94.91
93.59
89.08
85.82
86.44
88.01
96.06
99.37
95.74
97.61
93.98
90.80
91.47
90.62
97.43
101.30
97.40
90.57
93.02
96.45
96.26
96.98
97.20
100.24
105.75
111.75
106.45
101.37
95.82
93.87
100.65
102.62
94.24
89.35
92.81
105.62
106.45
99.08
99.97
99.18
98.23
101.73
102.09
103.03
100.13
94.86
89.89
90.88
102.36
113.01
116.36
116.34
107.84
88.47
83.60
87.47
93.38
104.58
102.02
93.81
89.26
96.84
108.64
103.54
90.24
89.01
102.04
112.75
111.20
107.70
105.03
101.05
100.52
107.07
107.59
101.39
95.71
98.67
104.14
99.54
90.59
88.97
89.06
89.94
96.06
109.69
106.46
99.62
92.19
89.69
89.44
95.05
94.78
94.94
98.45
103.74
110.47
113.92
112.05
105.92
92.34
87.92
87.13
92.52
96.51
100.68
105.02
107.80
104.49
95.16
94.05
101.63
98.10
97.94
106.48
104.94
92.58
88.87
89.89
91.24
100.76
110.28
114.46