102.30
108.67
111.93
104.09
96.22
99.08
98.22
98.18
93.54
87.64
89.22
96.16
96.29
95.65
97.36
104.11
106.83
102.41
102.17
97.24
88.76
87.75
88.65
90.90
93.27
99.45
108.13
114.45
108.14
95.04
94.02
106.23
105.18
100.40
103.01
106.87
102.49
99.56
101.83
103.56
96.90
93.69
98.59
96.43
100.07
109.09
109.10
106.10
106.21
109.31
112.02
109.51
97.00
85.80
86.14
87.36
86.97
92.56
100.77
108.49
111.29
106.52
93.21
91.16
94.13
99.68
99.03
101.46
107.10
105.54
104.94
101.56
95.49
99.60
97.55
94.58
95.82
91.94
95.86
95.35
89.37
89.39
93.96
95.83
90.95
87.13
92.38
103.98
112.72
107.08
93.85
87.68
96.12
100.39
105.91
102.56
92.20
86.84
88.99
90.91
90.30
95.20
98.61
102.54
109.56
107.69
107.05
107.20
106.06
103.24
98.59
96.68
94.88
90.05
90.05
89.39
91.50
100.61
101.54
92.93
92.11
97.99
97.54
93.11
91.44
100.38
102.84
96.79
91.76
97.89
108.14
110.68
106.50
104.41
104.12
107.83
112.65
111.83
106.72
101.60
99.67
99.60
99.96
101.69