101.02
96.15
92.91
96.42
106.66
107.16
106.64
109.60
109.42
102.95
99.75
102.57
104.16
104.74
107.93
112.32
112.55
107.19
103.20
100.64
94.58
89.90
87.37
92.11
94.94
100.72
101.43
98.86
93.85
91.29
94.28
103.39
109.26
110.61
109.58
103.50
102.54
104.13
96.89
94.61
97.69
97.60
94.43
96.09
99.39
96.35
96.34
98.28
98.59
100.29
102.90
108.59
112.87
109.17
103.58
99.92
91.48
92.48
92.64
90.47
95.97
105.22
107.05
110.02
111.07
106.91
104.45
105.65
108.99
105.95
93.00
87.49
86.90
90.93
97.35
97.15
99.79
104.43
98.72
96.21
104.22
112.21
112.30
106.46
96.43
97.05
100.34
94.04
95.90
106.74
111.57
105.55
92.15
90.21
99.68
110.54
110.48
105.66
106.23
108.27
106.10
103.98
104.15
104.44
98.14
87.68
84.03
87.03
92.49
100.16
98.93
95.42
100.83
108.00
109.15
108.46
106.77
105.82
106.88
105.80
107.68
103.43
95.05
95.66
101.74
108.43
103.53
97.08
95.93
93.41
91.46
88.60
87.81
95.95
108.26
104.64
98.63
95.89
98.80
94.49
92.93
94.34
92.45
90.85