102.74
102.97
109.39
107.24
101.74
102.20
102.93
101.45
102.84
107.46
104.28
101.59
98.20
96.20
93.00
92.89
93.80
97.83
102.18
102.90
95.93
95.87
97.37
92.00
90.37
88.34
88.81
96.63
103.70
103.15
97.64
97.81
100.59
101.73
100.60
102.52
103.05
105.82
107.80
102.72
100.32
94.67
96.90
107.79
112.39
109.27
102.99
95.20
92.58
90.55
86.81
86.19
87.31
95.59
113.67
119.60
119.34
110.88
92.82
88.31
96.67
105.11
104.37
95.24
90.47
94.63
105.39
105.09
93.59
86.56
86.08
87.09
91.77
99.63
109.21
112.78
111.21
108.61
107.10
102.14
102.10
101.23
96.26
88.82
93.19
102.58
99.06
95.29
89.98
88.01
90.54
94.54
99.64
104.86
101.17
99.03
100.46
98.19
99.36
95.84
98.90
101.18
99.95
101.91
96.16
88.48
91.24
95.82
92.31
86.76
85.50
91.30
94.58
100.50
103.94
109.65
114.02
114.20
106.30
99.77
98.96
102.60
102.55
105.54
109.84
108.64
97.24
93.43
96.79
104.20
107.43
103.36
98.50
94.92
90.21
86.01
85.05
89.82
101.00
100.85
91.35
86.48
91.14
96.87