99.87
96.41
104.81
102.89
96.24
100.79
108.89
111.30
103.81
93.77
93.52
100.57
105.80
103.00
104.89
100.55
91.71
94.83
95.36
96.17
100.56
95.70
87.76
87.58
90.15
92.30
91.13
97.51
97.42
93.66
88.54
89.07
91.23
101.47
114.34
113.82
103.47
89.63
90.73
93.52
94.01
101.33
102.03
96.59
93.88
97.95
102.35
96.94
90.35
90.93
92.39
90.07
89.83
95.38
94.38
96.68
102.31
108.85
110.08
107.34
96.64
91.19
97.78
96.64
89.46
92.14
97.43
104.79
108.10
106.91
104.56
96.61
91.30
92.24
92.84
92.31
93.29
102.83
102.95
102.46
102.93
102.60
97.78
91.76
87.29
87.12
89.16
97.94
104.84
111.59
107.36
100.71
95.27
89.38
89.74
97.88
100.53
106.53
108.51
101.04
90.75
86.98
91.18
93.28
98.86
100.53
96.44
89.22
90.79
91.92
95.32
93.58
97.54
108.71
109.84
101.72
91.75
87.15
85.46
87.78
96.17
104.08
103.85
98.52
98.18
99.24
101.77
95.69
87.20
84.31
86.33
89.45
93.91
100.62
103.41
102.32
98.92
97.96
102.61
109.86
110.28
109.92
109.55
108.13