98.08
90.49
96.58
112.43
117.77
114.25
104.26
89.05
85.78
88.27
91.51
89.99
87.23
86.09
87.12
89.63
90.40
89.12
88.40
89.53
91.62
96.92
99.26
105.01
112.40
106.92
95.38
87.00
91.68
103.03
101.30
101.32
108.49
113.18
107.04
98.74
95.11
96.66
104.12
107.21
104.25
100.48
100.72
98.12
90.13
87.36
91.93
98.34
95.16
89.80
86.91
90.69
96.83
104.71
106.63
109.64
109.23
102.00
97.03
95.62
90.99
86.71
87.49
93.95
106.21
108.68
100.43
96.16
95.20
102.16
104.21
106.33
105.47
97.58
87.81
84.46
86.45
88.39
97.79
100.19
100.43
104.07
107.68
108.49
105.69
95.03
85.08
86.12
93.47
103.62
105.75
104.01
105.31
101.43
102.07
100.58
101.13
102.23
96.34
92.78
90.42
91.14
89.55
95.13
101.61
98.42
95.38
97.25
102.64
105.75
108.62
102.23
95.61
98.39
102.14
104.45
106.51
106.57
106.34
106.28
108.47
105.44
92.49
85.30
85.76
87.92
90.43
90.86
91.16
96.08
98.05
102.25
100.01
101.58
108.37
112.26
107.48
103.22
105.38
110.74
105.51
101.94
102.43
97.13