101.59
99.18
105.07
108.89
109.32
103.42
95.63
95.00
97.99
95.74
99.69
97.70
92.37
86.91
88.37
93.17
95.67
98.04
95.56
90.02
88.22
91.55
104.53
112.00
108.14
107.02
107.36
98.45
89.83
88.10
90.80
91.01
88.06
86.45
88.73
93.71
99.25
109.06
113.78
109.90
107.83
107.66
107.94
103.43
96.89
90.00
90.89
90.20
90.83
90.29
88.82
93.95
101.26
109.61
108.74
100.03
98.42
104.94
111.38
108.10
95.06
88.12
92.82
96.17
100.49
107.74
111.12
110.92
106.27
103.88
96.36
91.49
88.85
86.19
88.54
90.43
89.54
87.18
89.09
90.65
91.11
93.77
99.73
106.27
109.54
110.64
106.21
99.09
92.95
89.20
93.35
98.23
102.31
104.98
100.49
90.18
85.06
84.72
88.52
102.87
105.18
107.59
111.13
107.53
95.27
87.78
91.97
101.81
108.44
101.57
88.11
85.42
93.62
96.11
101.11
108.09
102.75
100.04
100.26
96.76
96.33
97.42
93.98
90.33
91.45
89.89
96.25
96.68
96.86
92.12
94.46
101.75
105.98
108.71
102.91
96.10
92.54
96.98
100.15
104.40
101.23
92.60
91.87
95.20