97.54
90.09
96.71
104.35
105.73
105.40
105.05
101.31
101.94
106.49
107.80
102.05
95.52
90.81
88.09
86.74
92.18
94.27
96.97
97.64
98.96
105.96
110.51
109.58
101.82
91.32
89.15
96.54
107.70
114.22
109.05
105.06
105.89
105.18
107.50
104.14
95.20
88.98
91.29
94.97
102.76
105.19
107.52
104.00
93.92
91.89
102.97
113.07
115.01
111.98
100.39
86.32
86.71
93.69
104.81
106.74
106.41
101.20
89.94
87.96
94.64
103.16
99.48
99.00
95.69
96.52
101.19
96.19
98.59
102.81
103.36
102.02
99.25
98.72
100.98
107.08
107.60
101.38
96.64
97.40
103.25
108.63
109.04
110.14
109.00
102.18
93.02
94.24
102.35
98.83
89.69
90.24
99.95
104.37
96.80
93.59
92.16
89.04
90.11
100.05
107.75
106.67
104.26
103.96
99.31
98.53
102.34
108.03
106.08
97.59
91.14
94.93
105.53
109.15
111.10
112.30
106.58
102.47
96.54
87.36
86.08
91.59
103.02
108.17
107.83
104.15
93.89
90.72
90.74
94.46
97.79
96.30
100.16
106.43
107.03
108.97
105.76
103.74
103.26
95.05
89.43
90.71
99.67
98.34