99.46
91.21
89.14
91.24
100.23
109.78
108.22
99.40
99.93
103.32
95.98
94.12
94.54
97.95
97.92
93.33
89.43
87.00
86.75
87.28
91.58
104.53
113.09
114.76
106.22
100.96
103.75
107.36
101.32
93.98
93.04
91.08
87.40
89.12
90.57
95.76
96.44
103.40
107.41
99.52
94.67
97.18
94.60
92.67
90.91
89.98
88.95
87.59
88.95
90.75
90.02
97.00
106.98
113.04
106.02
101.58
99.41
93.06
93.80
92.81
93.55
102.95
104.95
103.04
101.79
103.75
102.34
104.41
102.88
94.37
86.56
91.25
97.23
93.99
93.02
100.46
101.86
99.77
97.79
95.58
101.06
105.95
109.48
102.46
94.11
96.44
100.26
94.45
96.08
105.81
107.48
108.47
111.36
104.76
96.30
90.18
86.23
87.95
90.50
100.73
114.07
116.33
113.01
110.67
103.15
97.65
94.49
99.84
104.64
104.18
106.39
101.02
98.03
99.58
103.38
99.25
94.17
88.24
86.35
92.11
99.62
110.17
112.05
103.36
89.57
89.37
91.10
98.46
104.40
101.95
96.82
99.78
101.61
105.16
110.58
110.48
109.09
99.67
88.53
89.83
91.38
95.10
94.54
95.82