99.85
97.81
107.90
106.75
103.89
102.68
102.90
103.54
103.78
101.02
93.55
86.33
86.97
93.95
103.71
107.85
101.88
91.93
91.82
100.98
111.28
114.09
105.11
90.98
86.78
87.22
86.68
86.64
86.35
86.03
88.12
89.75
94.32
107.76
104.82
102.68
104.30
101.86
103.27
108.38
105.55
104.26
106.89
103.35
98.57
93.38
89.02
88.28
96.98
98.30
96.91
91.51
90.55
99.57
101.20
93.03
85.70
87.96
91.02
94.93
94.63
91.40
93.36
95.56
103.91
109.48
112.75
114.27
114.08
112.21
110.93
106.50
98.68
99.98
107.71
110.72
111.46
112.25
104.59
93.74
86.04
86.23
88.92
91.55
97.27
106.11
101.98
100.19
106.59
106.01
95.99
89.29
86.71
86.01
91.68
100.83
101.40
104.27
105.09
99.20
96.80
99.57
106.24
109.96
107.69
106.89
103.31
95.08
93.76
102.50
107.91
109.52
107.14
103.44
101.13
97.97
94.38
94.59
90.77
89.99
94.37
97.79
103.12
105.63
103.77
97.52
91.93
93.98
104.70
106.22
108.11
109.29
110.98
106.00
96.68
98.41
96.03
97.73
96.82
100.14
107.87
109.99
110.47
107.84