102.03
97.45
102.28
107.63
109.61
109.82
105.85
99.60
91.37
87.25
91.06
96.39
105.71
113.17
112.88
109.04
108.65
106.02
101.00
94.82
93.10
89.17
93.03
97.01
93.78
90.06
90.34
97.58
110.61
113.60
113.60
113.07
112.21
108.85
104.92
106.49
108.39
101.68
99.29
102.52
106.56
106.59
101.12
97.18
94.10
91.00
87.85
93.70
97.42
94.79
99.95
105.37
105.24
105.23
98.80
88.25
86.10
90.07
99.53
108.06
104.44
98.47
91.11
89.79
99.15
99.57
100.96
101.92
97.11
89.95
88.49
95.47
102.77
100.81
100.53
95.33
97.76
108.63
112.17
110.46
107.37
99.48
94.58
100.33
98.36
100.69
108.60
107.31
97.41
95.88
103.71
101.04
94.60
87.62
85.38
87.81
90.92
96.75
99.01
101.37
96.78
97.01
93.42
88.02
89.66
100.79
104.96
100.21
90.51
87.06
86.37
86.36
86.29
86.68
92.12
105.08
108.74
106.42
105.92
105.34
106.09
100.88
94.71
96.00
96.94
93.95
89.16
89.11
92.49
104.01
111.10
110.21
99.10
94.41
100.16
104.53
99.36
91.58
87.48
92.87
103.47
107.78
107.76
102.62