98.32
91.71
94.96
99.98
96.89
97.84
105.32
110.86
112.40
103.38
89.20
85.46
91.29
97.89
105.52
102.75
94.88
92.35
100.90
109.79
112.45
104.61
90.32
85.06
89.39
93.08
90.42
96.10
95.94
98.71
96.44
95.48
98.92
101.16
105.37
107.06
101.68
96.99
101.53
101.55
100.62
94.03
93.42
102.94
109.26
110.34
108.00
100.17
98.32
103.52
105.58
107.59
108.11
101.81
97.03
103.31
111.45
111.45
110.04
107.86
99.08
96.20
92.81
93.52
95.93
92.76
96.15
102.69
97.80
91.26
89.25
92.87
92.63
96.40
104.24
110.07
113.63
106.19
91.77
90.59
100.55
101.71
93.70
88.29
88.03
87.73
88.92
97.83
109.59
114.75
107.90
97.63
97.61
106.49
107.99
103.67
101.74
103.09
100.15
97.69
93.46
97.22
108.77
106.78
96.92
88.19
92.73
107.34
105.93
105.00
105.83
100.87
95.12
91.05
90.86
99.77
104.03
98.65
89.11
84.60
86.70
94.56
110.46
117.61
113.25
107.93
97.12
90.21
97.69
98.47
93.35
98.26
100.05
96.70
95.23
98.68
100.54
104.34
101.80
99.90
103.80
107.87
111.18
104.64