97.15
89.85
91.56
99.03
97.78
94.38
89.80
89.45
88.52
93.83
107.35
111.95
111.90
103.00
98.46
93.79
87.59
85.36
90.23
95.76
97.38
92.63
89.40
90.10
100.45
108.26
105.05
101.61
94.00
90.27
91.22
90.30
91.24
90.19
95.60
103.37
100.51
92.20
89.58
88.35
86.83
88.01
94.69
102.54
97.83
95.65
97.12
104.55
100.39
95.90
98.71
105.48
105.81
96.31
94.38
98.61
102.13
98.34
96.68
93.14
96.52
103.16
108.10
108.45
98.49
95.70
97.50
96.28
92.94
92.89
94.99
98.02
99.70
93.15
87.90
86.74
90.66
101.16
112.02
109.03
102.02
98.92
103.65
99.79
95.03
91.22
86.80
89.69
100.84
113.46
109.07
96.14
92.36
93.50
95.04
103.06
112.42
113.75
112.37
106.60
99.29
91.43
85.80
84.27
87.10
95.62
104.86
100.42
90.08
92.24
107.06
110.52
100.70
88.00
84.99
89.71
102.01
107.05
108.65
111.39
112.74
109.84
108.81
107.05
96.56
89.76
87.53
86.49
86.30
87.69
88.20
92.80
101.54
108.93
109.18
107.14
107.80
105.09
103.03
103.79
105.34
100.33
91.91
90.96