99.52
100.61
103.29
96.63
90.31
96.53
109.70
111.02
104.44
97.63
99.27
101.46
99.18
103.08
110.44
109.73
105.65
95.91
91.54
94.67
101.72
108.37
109.85
110.08
107.02
95.32
85.21
84.41
85.57
90.26
97.31
101.35
101.74
104.73
110.99
110.76
99.87
87.73
88.82
98.62
104.35
102.98
96.42
98.80
108.12
110.18
100.40
92.95
91.94
97.87
95.06
90.48
97.12
98.79
96.28
90.55
89.94
97.84
109.91
114.21
112.35
101.12
86.79
86.11
89.89
88.89
90.88
93.81
102.38
103.67
95.26
90.15
97.56
107.30
113.40
112.58
108.32
107.24
109.17
106.36
94.25
84.44
83.62
86.90
90.84
93.11
96.07
106.33
114.99
114.99
112.39
107.54
105.13
100.06
91.00
88.84
93.61
95.31
95.00
103.24
104.55
96.93
91.18
91.15
98.77
104.65
104.99
96.96
89.85
95.24
106.77
109.34
109.89
111.85
105.01
94.15
86.13
84.10
87.51
94.39
106.72
104.48
103.60
99.08
97.48
96.16
91.41
88.96
96.73
98.35
97.72
97.91
102.44
103.44
100.27
102.75
103.11
102.11
105.94
105.86
106.19
98.92
89.00
86.31