102.31
102.44
110.33
108.53
105.61
103.93
104.08
97.56
88.65
88.02
99.31
104.30
97.22
89.01
87.74
89.00
94.01
95.24
94.97
92.90
96.07
94.80
91.02
91.08
89.25
89.87
89.23
90.32
91.16
90.69
97.81
103.28
107.65
105.97
99.40
97.01
101.48
106.86
109.39
111.29
112.02
108.92
96.39
87.66
85.19
86.85
89.47
92.77
103.55
112.41
114.11
106.19
97.44
100.59
107.47
109.49
111.32
112.23
110.02
108.55
105.49
103.67
99.16
92.28
86.83
88.57
92.61
95.72
93.24
88.64
87.06
90.64
96.21
101.18
108.18
103.75
94.85
90.49
98.37
98.48
95.72
93.93
92.89
99.22
103.73
106.61
105.50
103.71
97.50
90.47
86.12
85.65
87.21
93.87
97.94
94.97
91.63
91.25
97.77
98.59
97.93
103.53
108.88
104.71
96.91
88.07
85.05
88.48
97.72
107.49
105.33
104.37
97.04
94.16
90.20
86.72
86.11
86.55
92.01
106.52
112.16
110.72
111.16
103.53
99.91
104.54
99.45
94.22
99.97
106.90
100.44
88.91
91.92
107.19
106.46
93.34
84.88
89.99
103.97
109.19
107.88
97.69
96.85
102.03