97.94
90.28
91.54
98.05
98.36
99.15
106.62
113.70
114.35
107.51
97.94
93.92
95.88
96.55
102.83
108.78
106.95
98.04
88.16
88.43
94.22
105.32
114.01
114.84
114.22
112.56
109.62
103.44
94.89
89.01
85.68
84.65
86.27
90.71
95.83
102.63
111.32
105.31
92.24
86.35
93.59
101.20
99.89
92.04
93.82
98.74
101.69
106.41
111.29
113.05
112.63
105.63
91.91
92.20
103.86
103.28
98.21
100.65
103.67
104.59
108.63
112.19
109.85
98.29
92.21
90.71
87.18
89.70
98.88
104.40
108.64
106.15
106.07
106.03
108.72
110.99
104.23
88.86
88.29
96.50
103.55
101.12
102.21
107.28
102.68
98.84
100.44
100.60
96.37
92.53
96.73
102.10
109.03
113.58
114.31
114.17
105.21
97.80
100.71
107.73
111.73
108.14
99.34
90.50
90.63
101.07
103.80
100.49
91.09
91.45
96.62
102.87
105.37
103.41
99.14
98.34
95.16
100.22
109.91
111.26
101.24
97.28
96.70
94.02
98.05
106.92
110.18
106.15
95.26
92.88
99.85
103.50
99.44
89.89
90.87
102.27
103.47
95.31
92.54
99.73
100.96
102.29
96.70
92.45