100.01
101.00
111.36
112.81
105.91
101.01
97.14
99.59
101.33
105.32
107.03
109.07
107.02
105.80
97.19
87.01
85.57
93.45
103.37
105.42
97.00
94.66
92.68
88.67
85.79
86.54
91.90
94.87
103.83
108.51
110.08
108.15
105.44
106.07
105.00
94.81
93.37
104.92
109.02
103.54
101.61
97.32
89.90
88.53
88.78
96.36
106.12
107.17
98.05
89.08
85.48
86.29
90.50
98.93
111.56
114.09
111.53
111.15
108.00
105.37
104.30
97.87
92.54
90.70
88.28
90.14
92.72
95.59
103.62
112.05
114.59
111.65
107.09
106.13
104.88
96.34
87.11
87.51
98.26
99.40
102.20
96.71
88.37
92.55
106.18
106.08
98.68
98.72
101.07
98.57
101.72
103.99
107.50
104.28
104.73
108.88
106.46
96.08
85.73
84.16
89.94
92.76
94.80
92.72
92.80
94.54
98.13
105.22
103.61
92.75
92.07
100.33
103.44
105.83
110.17
107.66
104.28
100.25
98.44
101.99
100.76
101.69
98.72
93.00
97.37
108.83
111.43
102.01
92.36
97.19
99.58
97.76
96.13
103.04
106.00
96.79
91.93
94.08
92.25
94.13
95.62
97.64
96.84
91.26