98.32
92.61
99.73
100.59
102.55
108.35
105.29
97.54
91.72
87.48
88.51
89.72
94.41
100.88
103.15
96.86
99.36
97.68
97.91
98.98
99.76
93.84
95.70
105.87
107.29
97.60
95.35
101.35
96.96
92.16
88.67
86.45
86.62
88.22
88.54
89.85
98.05
102.84
98.02
92.01
87.64
86.19
86.38
88.39
90.53
89.51
94.96
104.48
102.68
97.07
98.71
104.38
108.92
102.18
94.47
96.48
100.71
107.68
112.64
113.86
113.06
113.05
113.24
107.18
92.32
85.85
85.36
85.34
87.91
93.37
101.11
109.84
105.76
98.13
93.77
89.79
88.27
91.29
100.96
111.27
112.47
105.92
98.12
90.46
85.31
88.72
92.18
100.18
110.59
115.39
115.04
113.83
110.80
104.25
98.06
100.42
98.07
89.43
86.80
87.38
90.48
101.01
103.87
107.44
105.66
102.33
105.25
111.59
113.87
107.12
101.26
104.46
109.37
102.51
93.04
88.64
88.62
93.02
99.22
95.77
89.25
90.35
93.27
98.08
98.18
91.04
94.44
94.55
92.82
91.19
97.22
95.78
88.53
89.37
94.12
97.38
96.17
97.01
96.40
93.06
94.99
94.28
98.49
107.57