99.53
91.75
95.74
111.33
113.90
109.99
97.41
92.07
91.89
90.67
95.03
93.93
89.02
86.24
86.61
89.59
98.61
101.29
97.81
95.72
97.90
102.83
97.56
96.40
101.66
100.15
92.89
87.49
91.83
93.32
94.79
101.58
111.63
109.69
105.88
107.20
109.90
111.91
108.65
98.39
91.22
97.90
105.26
101.09
93.78
91.50
99.88
101.43
92.22
89.50
92.25
96.17
102.97
102.81
94.81
88.17
93.13
107.09
115.55
112.06
101.30
95.20
93.09
90.90
90.23
97.54
106.88
102.47
90.35
90.10
95.52
96.12
96.60
94.76
91.92
96.97
99.47
102.12
108.04
110.49
107.77
108.13
101.32
93.14
87.58
86.45
89.10
88.98
90.57
97.96
99.90
97.51
91.26
95.20
100.81
96.78
90.48
87.37
91.46
93.71
90.81
91.62
97.04
99.77
101.99
101.62
105.54
107.75
107.69
101.30
93.35
91.05
99.60
107.75
108.57
102.80
103.23
107.80
110.80
108.50
102.08
94.05
87.16
86.97
88.56
93.27
103.41
109.01
109.34
108.79
104.62
101.33
101.03
98.31
99.58
95.92
89.15
85.52
85.40
86.07
88.58
96.45
103.81
110.52