96.68
87.16
87.34
96.44
105.92
109.86
110.38
104.02
99.95
105.63
104.82
102.53
106.29
104.45
101.30
97.02
99.64
104.18
103.81
99.01
100.91
97.89
94.89
89.37
85.95
90.56
99.70
109.07
108.89
100.94
97.47
100.20
98.32
91.58
85.99
86.19
88.78
97.31
99.94
97.27
97.15
92.34
92.67
98.04
106.07
106.66
101.09
97.05
93.00
88.27
87.28
91.84
98.65
99.35
102.62
98.10
91.10
90.37
95.61
93.98
88.61
93.28
103.28
108.54
111.83
104.75
91.98
87.43
92.03
105.59
110.56
108.70
108.19
107.37
109.39
107.42
98.39
96.80
96.82
96.62
92.17
90.74
98.67
102.63
96.50
88.80
86.78
86.37
88.82
97.71
101.10
98.80
95.98
99.90
108.02
107.23
106.13
100.83
93.42
95.27
102.58
110.47
106.99
104.00
104.12
105.30
105.45
104.81
95.96
94.64
94.75
99.50
104.53
99.99
93.16
89.19
88.62
92.72
91.63
90.11
95.11
101.55
102.89
101.08
100.97
107.18
108.00
109.23
110.20
111.82
107.31
92.88
88.73
97.02
106.51
109.89
103.14
98.69
92.92
90.15
90.90
90.11
91.97
99.20