96.92
91.35
93.15
99.03
96.77
93.24
91.35
90.56
88.90
88.07
94.42
107.54
114.40
109.56
95.18
88.06
94.01
96.07
90.41
91.43
95.16
97.86
99.22
93.66
92.00
91.59
90.40
92.95
93.80
89.86
86.68
86.80
87.52
88.10
93.19
107.87
117.66
116.34
111.81
101.62
96.65
103.13
110.98
110.13
103.37
97.25
100.48
107.43
101.68
98.16
93.62
93.36
101.20
101.68
94.35
90.00
95.83
95.23
95.91
98.53
94.09
87.00
86.58
87.87
96.04
104.46
105.38
101.30
91.41
89.26
90.81
90.48
90.41
89.83
88.52
86.82
86.22
88.12
91.01
99.46
108.34
113.41
106.29
96.24
94.08
96.01
99.07
99.02
100.96
107.02
112.82
115.65
113.89
103.89
90.75
84.58
85.82
89.38
93.85
93.17
94.37
103.03
109.87
109.43
104.23
103.81
109.43
106.20
96.79
93.53
96.35
95.65
99.43
106.67
109.75
106.37
103.63
101.31
104.03
110.30
110.73
103.91
93.33
87.81
95.04
109.06
115.52
116.75
111.86
96.65
83.79
82.95
85.80
86.84
88.07
91.75
103.49
110.48
113.51
107.29
94.49
88.19
93.64
100.53