100.09
97.51
104.60
109.70
106.35
100.51
98.57
93.68
88.28
87.24
91.03
92.62
89.94
94.88
96.61
93.02
89.20
91.89
92.59
97.03
96.49
96.37
100.36
109.49
109.70
108.79
103.66
102.06
98.11
98.43
100.48
99.77
98.75
97.77
91.33
90.96
98.88
104.61
110.57
105.65
92.91
90.59
92.10
96.11
106.18
112.29
107.06
95.54
93.24
90.98
96.17
103.80
111.03
113.11
112.82
103.61
94.06
97.39
101.99
98.45
101.14
100.09
96.28
100.46
104.39
106.42
99.06
88.23
88.41
93.70
103.28
109.05
104.07
92.82
91.34
93.51
98.62
96.99
90.46
89.21
94.09
92.78
95.51
100.22
101.79
101.66
101.04
95.62
97.88
95.11
95.73
103.76
112.18
115.83
110.22
100.93
91.00
92.06
99.06
108.92
114.45
114.63
104.34
87.72
83.88
85.93
87.62
91.85
103.54
107.72
108.12
102.16
96.68
97.92
104.80
109.68
111.23
106.63
97.57
91.25
94.72
97.79
95.96
89.26
88.07
90.81
96.32
96.04
98.64
98.09
100.04
97.83
93.09
96.98
97.56
96.11
97.35
92.79
94.13
100.37
108.51
104.19
103.28
108.00