102.06
107.14
110.71
112.10
111.54
103.76
90.38
84.26
87.63
97.47
110.12
104.90
102.69
102.79
102.33
98.95
96.16
90.52
90.32
98.94
101.15
101.63
96.23
93.01
92.03
92.16
100.38
100.68
94.02
87.76
88.56
96.66
104.72
98.66
93.25
88.25
86.18
86.82
86.91
90.61
104.09
112.10
105.75
101.56
105.77
105.87
103.38
97.84
91.31
88.80
86.72
86.57
87.40
87.34
89.41
100.30
102.21
102.13
100.08
97.31
98.56
100.32
93.52
95.74
107.80
110.67
101.61
91.73
95.52
105.02
101.07
89.38
85.14
85.64
87.61
89.44
98.51
112.63
109.93
99.69
97.94
95.42
88.97
85.25
90.11
106.15
115.89
117.12
115.84
106.44
96.96
89.36
85.07
87.68
98.25
101.72
104.29
102.63
95.99
97.74
106.62
112.98
111.97
110.09
104.88
97.69
98.46
104.79
102.98
95.21
92.51
94.33
98.87
94.31
93.58
97.00
96.31
91.02
86.22
87.20
95.29
101.64
109.14
112.36
104.15
91.93
87.53
90.85
98.37
98.13
102.98
100.32
90.31
84.94
85.96
87.56
92.01
98.56
99.85
93.44
95.21
103.94
110.95
108.20