96.36
87.98
88.10
94.59
103.86
108.71
100.37
97.75
104.81
107.10
103.90
104.16
109.37
111.09
107.80
97.36
96.51
102.23
103.60
98.83
99.08
104.37
103.40
95.46
92.11
95.05
98.85
102.81
104.98
103.92
106.94
105.10
99.01
92.16
87.55
88.79
90.60
88.58
91.89
94.50
91.34
87.26
91.12
99.56
109.84
108.71
108.84
107.59
100.94
101.25
108.52
112.04
108.48
95.84
93.10
104.45
106.03
101.55
102.89
100.79
99.39
92.84
91.26
96.63
98.54
96.75
100.89
98.22
90.54
91.15
97.49
103.84
102.81
102.90
100.85
103.67
102.12
95.68
92.64
99.46
109.40
106.66
102.39
103.33
106.09
109.26
111.77
107.07
101.92
95.29
97.35
106.17
112.26
112.79
112.32
110.75
100.23
90.34
95.46
107.78
111.23
106.54
105.45
100.68
90.06
90.86
101.87
105.56
96.63
91.56
100.36
108.38
106.26
105.83
100.03
88.76
86.05
90.29
100.57
111.56
116.26
116.66
115.99
111.42
106.21
102.56
99.97
93.29
85.98
84.02
86.84
94.09
100.01
96.55
91.96
88.07
94.21
103.94
109.68
109.95
111.56
109.61
99.98
87.88