96.44
87.19
88.55
102.94
111.38
110.39
101.87
93.07
89.38
95.94
100.58
107.27
113.37
115.86
115.56
109.21
92.18
85.84
95.17
109.28
113.53
107.30
94.77
86.32
84.55
85.09
85.57
88.56
94.23
96.46
102.97
100.57
98.19
103.50
111.93
110.64
102.68
96.84
100.90
98.44
99.33
105.34
99.94
91.17
89.53
92.11
101.98
103.25
104.93
100.49
95.01
89.98
90.97
98.70
101.68
93.89
87.91
86.99
91.59
92.08
88.62
88.29
88.46
88.06
92.51
107.21
112.64
110.64
100.73
97.82
99.22
94.46
91.42
91.45
95.51
98.08
101.08
101.62
93.88
95.75
101.01
102.61
103.87
107.51
104.52
98.67
95.35
95.36
92.80
96.10
96.78
94.89
91.72
91.52
92.49
92.51
91.22
90.36
89.00
92.03
100.71
103.42
104.17
96.50
93.77
94.04
93.08
98.95
98.41
91.71
93.30
99.13
98.86
93.45
97.90
107.40
111.83
108.65
100.99
100.98
101.08
94.59
93.81
103.79
112.47
110.71
104.72
98.66
91.95
86.32
86.06
88.21
91.72
96.63
107.65
105.70
96.23
88.78
86.56
87.61
93.46
104.63
104.44
94.64