97.43
93.16
94.66
96.60
98.17
93.79
95.44
97.40
92.17
92.76
101.28
98.80
101.18
100.63
99.24
92.15
86.83
88.90
96.57
97.20
93.52
95.29
97.10
96.78
92.99
97.50
98.22
91.42
86.90
90.80
104.51
114.41
111.48
102.81
90.23
89.29
98.76
103.23
98.55
91.21
88.29
87.18
89.94
97.91
100.16
105.30
102.00
91.48
93.22
96.15
95.39
94.06
90.63
87.33
93.47
109.12
107.30
102.35
103.28
101.39
96.44
88.69
85.78
86.93
92.94
96.93
93.97
91.26
91.97
98.25
109.96
109.05
99.13
95.97
97.21
94.55
96.66
99.24
101.72
102.90
99.47
100.93
104.57
98.41
97.83
104.23
104.95
107.51
103.50
96.51
93.89
98.38
103.30
99.88
89.64
88.46
99.84
101.79
94.46
88.00
86.02
86.43
87.43
91.06
105.19
110.30
112.32
112.10
109.49
109.82
107.60
105.97
107.71
108.77
109.08
105.35
99.03
90.53
93.22
93.05
98.43
97.53
90.36
85.80
86.24
86.88
86.80
91.28
95.93
104.87
101.05
95.70
91.24
90.57
95.55
99.18
94.52
87.69
90.37
104.05
109.34
101.73
94.29
96.96