102.15
104.41
102.45
105.00
108.38
104.65
104.32
109.96
105.11
89.36
82.82
84.29
87.24
89.99
89.87
90.58
90.62
88.74
90.95
90.59
89.48
90.11
95.37
101.04
101.14
104.90
105.05
101.29
91.91
86.68
93.81
100.89
96.30
99.10
101.65
107.58
103.00
101.22
98.35
94.44
92.58
96.57
99.81
96.62
92.19
92.28
99.74
103.02
97.96
94.57
90.32
90.21
98.22
109.64
105.41
103.23
98.94
96.96
97.60
92.09
90.79
95.66
99.51
97.99
96.97
97.59
104.31
101.48
91.72
91.84
92.89
97.96
108.77
113.78
113.07
112.32
104.15
95.09
93.73
101.15
107.91
110.67
107.08
102.43
93.72
85.91
84.05
86.92
92.07
106.75
112.91
113.52
113.54
105.48
98.01
91.07
88.50
94.37
99.15
104.67
111.45
107.72
103.15
94.51
94.10
91.81
92.62
90.34
94.60
103.83
111.25
114.80
110.77
98.85
93.60
98.58
99.49
93.41
95.47
98.11
98.35
93.93
94.65
104.26
110.83
103.49
89.75
84.95
91.01
101.66
104.57
108.61
107.30
98.46
88.46
88.39
98.77
107.13
106.39
105.83
100.03
89.19
91.36
99.52