96.91
89.52
97.50
111.42
114.24
111.94
105.18
101.52
105.95
111.21
107.25
96.50
96.00
105.32
111.63
107.50
101.51
103.66
103.17
93.36
87.81
92.96
93.10
94.16
92.98
96.25
97.61
103.54
110.92
112.76
104.34
97.94
95.70
94.46
91.68
90.88
96.22
102.93
110.14
112.58
112.31
107.21
96.11
93.15
102.80
111.64
107.99
102.86
100.42
94.38
93.25
92.09
98.83
98.97
103.53
103.25
97.33
93.77
95.12
95.05
100.54
108.72
106.60
96.08
89.33
89.67
89.88
90.09
90.77
94.07
97.12
106.02
107.72
108.79
109.04
107.94
98.25
90.50
94.72
97.19
92.71
92.92
99.99
103.08
106.17
106.47
107.10
110.56
111.30
106.51
100.05
97.58
101.14
98.39
94.29
97.18
99.38
97.03
101.18
106.66
105.77
104.85
96.82
87.02
84.62
85.86
88.01
95.32
110.69
110.39
97.73
89.24
87.01
88.63
88.11
88.84
90.86
97.29
98.35
101.94
101.55
105.79
109.29
112.38
109.39
105.13
101.35
104.31
105.82
103.99
98.59
100.60
98.68
97.51
92.12
92.31
94.46
91.97
93.48
98.88
100.58
94.90
98.76
105.49