103.28
110.93
116.87
110.28
94.59
89.54
88.68
88.10
88.01
95.81
109.85
113.10
111.43
107.66
100.36
95.01
98.47
108.14
111.10
104.63
92.15
88.35
95.37
97.17
92.63
92.55
99.19
109.35
112.39
111.40
110.25
106.89
95.11
92.60
103.58
107.73
106.98
108.75
105.20
96.60
93.93
95.45
95.05
100.16
108.33
104.14
100.21
95.07
89.88
91.45
94.04
97.21
95.04
95.76
98.50
106.43
113.75
115.22
109.86
100.10
92.26
90.09
90.08
97.47
110.04
106.00
97.17
93.67
101.06
109.92
107.90
106.05
108.87
107.19
98.69
90.13
89.12
93.72
99.13
99.11
91.92
92.39
102.37
101.89
96.48
99.47
106.76
102.35
91.26
88.69
91.47
101.53
107.95
109.75
110.53
111.37
103.62
90.23
87.23
87.25
88.82
89.44
89.38
92.74
93.00
91.58
93.01
91.31
87.44
87.11
86.77
86.89
88.03
96.24
113.61
114.25
108.27
106.38
106.94
109.16
107.10
106.43
99.88
95.82
102.31
102.66
94.77
93.22
98.60
104.94
102.86
103.88
104.35
95.98
96.51
94.64
90.83
93.43
98.43
98.50
93.70
89.12
91.96
97.36