102.13
98.11
102.83
100.49
89.98
88.15
91.57
90.17
92.45
93.75
94.30
92.92
92.15
91.83
94.06
101.85
112.10
113.29
109.87
99.28
90.42
86.75
87.29
92.53
96.80
101.14
105.28
108.80
108.83
103.61
93.64
88.40
89.01
97.62
106.11
112.69
108.35
98.56
95.49
92.67
88.78
87.33
90.30
94.79
103.35
106.54
106.54
108.45
104.50
95.46
87.74
92.46
107.70
113.45
114.18
110.87
107.69
108.91
104.65
99.55
101.76
104.15
103.79
102.69
95.26
89.66
88.40
97.14
109.38
114.95
113.78
102.74
88.72
91.34
94.76
100.74
106.10
110.88
111.64
109.18
98.02
85.77
86.65
93.80
106.93
107.56
107.53
104.59
105.14
107.85
102.57
89.68
88.39
91.22
92.56
99.77
103.98
103.24
93.99
88.27
87.43
94.80
109.00
114.14
115.25
107.59
97.69
91.13
92.93
96.89
101.26
109.26
113.79
115.38
112.34
108.95
98.59
89.55
95.53
109.31
110.14
102.04
95.45
92.08
91.99
90.67
96.08
106.78
112.52
112.22
111.87
103.41
89.13
83.64
86.93
95.78
109.56
106.77
101.83
95.49
90.35
89.89
91.23
90.22