102.50
105.15
102.23
101.40
98.35
97.52
98.43
98.38
93.69
90.08
92.00
97.27
107.07
103.40
102.03
103.21
107.86
112.23
109.75
102.14
94.14
87.11
84.49
89.02
105.01
106.49
104.20
102.86
105.74
108.58
100.71
97.30
92.67
90.31
97.04
97.14
97.71
96.64
97.30
103.27
103.83
100.42
95.27
88.96
87.17
89.06
90.42
89.26
95.02
103.19
110.37
114.64
111.62
98.92
88.30
87.99
96.33
102.74
99.55
94.66
94.49
94.59
90.12
87.39
87.07
93.47
100.22
109.06
105.89
101.07
94.38
90.65
95.59
104.01
111.59
112.33
106.29
99.56
94.86
90.65
92.22
101.87
99.86
90.73
91.93
95.11
91.94
97.46
103.12
106.80
106.44
96.58
88.99
92.85
96.15
101.62
99.91
102.54
110.27
107.83
99.77
98.38
104.59
110.21
108.59
97.78
85.74
83.96
88.79
93.13
95.67
94.70
91.51
88.15
88.37
95.96
103.76
107.57
101.93
95.93
90.61
86.45
89.78
99.57
107.56
109.42
103.88
94.29
92.86
94.68
99.91
106.20
102.63
102.82
105.51
108.33
111.36
110.54
108.96
104.32
103.51
103.81
104.78
97.71