99.20
90.53
89.46
94.62
106.61
104.35
101.49
103.37
98.71
88.41
86.59
87.61
88.37
94.48
96.81
101.46
102.38
100.13
95.27
94.66
96.30
92.50
88.34
87.41
86.50
90.19
94.29
97.32
100.84
108.97
104.71
102.20
97.38
91.52
94.27
99.49
96.08
98.66
95.73
90.27
88.75
94.97
100.64
98.69
96.45
93.05
95.24
94.91
99.27
106.79
111.40
104.33
91.02
86.68
90.59
99.84
107.70
103.37
97.40
99.42
107.82
113.44
113.35
106.39
102.24
102.64
95.11
87.44
85.41
86.63
88.80
91.80
98.23
106.87
102.56
99.03
103.35
109.92
105.83
102.93
95.25
88.63
87.52
87.54
89.82
97.99
108.58
113.31
112.40
111.98
109.64
106.56
99.71
99.95
105.56
103.99
92.37
90.06
94.83
99.07
105.49
103.23
102.87
100.92
93.45
87.54
91.18
91.81
88.16
87.27
90.35
99.22
103.34
97.41
97.07
94.62
93.02
97.02
99.08
93.31
88.16
93.27
106.06
104.12
102.96
103.63
95.99
87.95
91.60
102.69
111.95
106.03
91.48
85.59
85.35
90.81
103.26
114.63
117.88
113.26
102.19
88.48
89.46
95.16