97.30
91.85
93.84
95.99
97.84
104.65
102.68
96.73
95.41
96.77
99.55
104.37
100.23
89.88
92.09
106.09
109.91
102.09
93.36
88.22
90.03
91.80
92.16
88.94
94.62
109.25
117.09
110.69
99.76
100.84
101.80
100.08
103.40
105.44
107.22
108.99
109.68
105.74
105.43
105.42
107.62
105.76
102.62
102.60
107.80
107.53
105.52
107.52
109.94
107.37
102.91
103.25
97.82
92.71
87.99
86.23
85.50
89.39
104.28
107.94
101.06
95.44
91.42
96.47
106.56
107.68
102.59
98.65
92.40
86.12
85.39
87.35
89.27
89.41
96.57
100.40
103.71
104.11
99.36
95.17
101.17
107.34
104.49
94.80
94.03
95.92
103.99
112.63
109.97
97.54
85.29
85.95
97.73
113.57
110.78
98.17
96.65
105.60
103.26
97.85
97.29
92.91
96.27
101.55
108.36
104.06
94.04
89.08
91.71
91.79
90.36
88.80
92.65
95.97
97.77
98.63
105.22
102.58
92.76
87.67
89.32
90.94
99.06
102.17
105.24
101.15
98.60
99.92
100.57
103.26
106.37
108.91
111.49
112.70
106.22
102.74
96.06
88.10
85.86
91.61
94.06
95.17
96.42
98.41