99.96
94.90
97.11
94.47
99.02
107.53
110.13
104.82
92.24
90.65
94.55
97.83
102.01
104.28
103.26
103.15
97.29
94.61
100.93
104.83
98.85
93.39
94.41
101.75
99.59
94.23
88.98
92.85
99.51
99.19
95.69
92.46
88.58
90.37
97.35
96.17
95.05
95.18
95.46
100.65
104.72
104.79
103.80
98.31
96.57
95.25
95.48
93.68
93.96
93.75
96.96
94.80
92.11
91.41
97.61
100.93
94.01
86.31
85.98
92.18
101.61
110.74
105.98
94.56
88.55
89.92
96.93
109.48
111.24
106.59
95.54
87.87
89.38
89.28
86.77
88.30
89.90
90.22
92.04
92.44
92.51
98.03
106.00
101.52
89.67
91.11
101.58
104.49
96.75
89.01
87.37
92.84
97.05
99.57
99.12
98.71
101.90
109.53
105.43
99.07
98.04
101.38
99.42
99.14
104.19
100.96
89.90
90.21
101.48
110.09
105.08
94.29
89.57
90.46
97.40
98.29
100.11
100.31
103.07
105.82
103.88
103.26
96.70
88.19
89.00
100.37
106.36
99.35
96.00
102.39
109.61
107.72
97.53
89.25
89.00
88.57
87.43
88.06
87.63
86.93
92.77
101.92
102.68
103.86