100.00
99.65
99.44
96.24
90.56
89.94
100.21
107.38
106.80
96.44
88.39
87.46
88.81
97.12
106.30
100.52
92.53
96.16
106.32
112.92
115.34
113.39
105.02
98.47
92.08
89.38
95.78
99.62
102.73
107.48
103.64
98.97
100.95
100.56
100.98
105.75
105.42
103.45
103.98
108.41
106.05
102.82
99.49
98.30
95.69
88.71
86.84
86.98
89.15
89.53
94.81
108.38
109.13
107.24
101.54
97.27
92.23
86.90
85.39
86.98
91.47
100.67
112.40
115.97
111.92
104.89
103.02
99.85
98.97
101.15
98.94
93.37
95.49
99.92
103.02
96.29
90.08
87.21
90.76
99.32
99.84
100.96
107.01
108.68
109.99
110.21
104.62
96.39
90.06
85.77
85.55
87.91
88.57
87.60
89.93
94.21
98.89
106.97
113.66
116.20
116.52
113.95
108.75
102.82
91.59
91.99
95.83
102.23
107.97
108.85
100.32
89.14
88.25
96.78
98.07
96.20
94.28
97.01
99.53
101.44
97.93
101.86
106.37
102.54
101.31
106.87
102.50
98.58
104.29
105.46
100.99
90.76
87.95
92.25
91.48
90.70
89.09
87.36
86.43
87.32
89.13
96.41
104.79
106.43