96.78
87.75
86.13
88.02
95.44
100.05
100.73
105.92
108.17
108.55
108.83
105.10
95.49
94.50
95.60
95.63
91.48
95.66
94.69
91.78
98.08
98.33
96.51
97.18
103.60
101.75
91.79
89.12
91.71
97.37
97.73
94.03
91.42
88.00
86.95
86.53
89.03
94.01
94.05
92.57
92.92
99.13
101.77
104.35
108.98
111.18
110.04
103.07
93.93
90.29
90.19
93.82
95.96
100.42
101.71
99.22
98.79
96.08
91.99
92.15
97.23
104.38
108.15
110.94
104.26
95.13
93.96
96.92
92.14
89.18
88.74
95.63
106.88
110.23
101.71
90.20
87.98
88.38
90.15
90.70
96.59
106.35
105.63
102.79
105.42
103.49
103.77
104.50
106.63
100.22
98.71
103.27
97.73
97.34
100.39
94.86
96.78
95.04
92.59
94.73
93.97
100.30
99.17
93.90
93.25
102.61
108.36
106.95
99.11
87.95
85.52
94.13
103.50
100.54
93.77
91.15
95.96
100.24
99.44
95.88
99.37
101.10
102.46
107.50
110.00
103.43
92.73
95.09
95.59
93.62
93.70
102.56
101.05
100.48
107.19
107.32
103.35
96.89
94.56
95.48
91.77
96.90
101.26
97.12