103.04
100.29
103.06
97.95
90.03
89.62
98.53
105.50
104.58
97.23
92.99
89.62
88.35
88.49
88.03
93.93
104.80
112.08
109.18
96.35
92.63
93.54
100.80
99.94
103.31
101.30
101.50
96.54
93.10
96.64
99.27
105.05
103.15
94.70
95.89
94.12
90.92
97.83
110.44
114.81
110.45
103.13
98.73
93.17
88.47
89.88
92.81
101.79
109.60
104.93
97.04
92.29
94.44
93.26
88.24
85.31
87.96
100.43
115.78
111.42
102.36
95.96
97.48
101.55
96.82
97.73
106.31
102.45
89.83
85.44
85.51
86.63
87.67
87.30
86.51
86.83
93.28
106.77
114.58
106.32
95.07
96.20
100.75
103.72
107.96
104.09
96.24
93.07
99.87
107.74
112.27
111.06
108.77
109.54
102.42
90.57
89.93
91.15
99.07
102.03
101.11
95.59
90.07
86.83
90.49
93.72
90.83
87.06
85.79
86.89
90.94
96.23
100.54
101.51
100.45
100.32
96.53
95.67
102.94
108.11
111.83
107.81
95.78
95.21
97.00
95.66
92.75
95.97
100.52
96.22
93.28
96.26
102.45
105.97
107.22
105.23
103.99
106.36
105.37
94.94
90.22
88.57
88.88
88.27