98.84
98.34
101.07
101.46
93.71
94.29
96.57
105.01
113.02
110.71
103.82
97.91
91.34
89.74
93.90
94.48
89.48
93.18
98.03
103.28
103.04
106.98
109.97
110.44
102.05
88.69
83.54
86.43
91.98
98.34
106.14
110.85
112.31
104.55
95.33
94.84
99.32
96.21
98.12
105.16
109.64
112.46
111.08
99.13
85.02
87.46
94.55
93.70
99.09
107.84
103.77
92.61
92.06
95.82
100.19
98.88
96.52
95.93
103.96
108.84
106.76
99.99
89.19
85.55
88.61
94.49
93.33
93.49
94.61
98.12
106.86
111.79
104.76
93.10
89.13
93.82
92.83
89.04
95.36
102.63
105.22
108.45
109.65
100.39
89.54
87.20
87.17
92.79
103.01
109.92
113.54
110.64
106.80
98.55
98.25
105.89
107.58
108.15
106.73
98.53
86.91
87.40
93.71
99.87
101.00
103.32
106.49
104.34
97.37
88.27
87.64
88.98
94.40
102.06
98.67
101.31
109.80
114.54
112.45
108.47
107.03
109.19
112.18
106.29
92.58
84.57
89.75
103.93
109.01
105.60
98.27
90.17
87.04
94.69
98.31
93.76
97.92
106.28
107.44
103.52
97.66
92.19
98.04
108.60