99.64
95.04
94.87
93.92
99.50
103.39
106.01
109.27
107.45
96.53
87.02
89.98
93.82
91.05
87.19
92.37
105.36
108.53
98.42
86.58
86.41
95.09
108.98
116.08
110.76
98.31
96.32
93.40
96.90
104.17
103.64
95.20
88.16
91.09
104.61
108.61
104.51
99.12
100.61
98.83
101.87
102.08
99.35
100.92
106.78
110.95
107.50
95.92
89.89
97.36
107.75
112.95
105.46
99.35
101.82
96.63
88.38
88.49
96.08
99.30
101.17
103.19
100.71
99.92
95.49
94.17
97.55
95.08
98.51
101.44
103.33
102.36
94.04
88.86
87.23
89.77
93.20
97.90
107.13
103.77
97.11
95.88
100.24
106.27
108.08
108.44
102.77
90.66
88.06
95.08
101.86
99.92
92.91
94.42
99.19
103.44
97.93
95.79
95.05
89.87
92.12
96.52
100.48
104.85
106.78
109.62
104.25
100.26
97.38
101.12
100.12
99.03
102.79
103.06
95.36
95.77
106.45
110.21
105.19
97.47
93.91
98.65
96.30
99.69
103.04
98.00
95.58
98.70
98.32
99.97
101.55
99.45
92.01
91.86
94.11
102.91
106.59
110.12
113.70
108.82
92.58
85.06
87.24
89.24