97.50
94.20
105.07
103.87
95.38
98.58
102.15
94.80
93.27
104.13
104.80
101.64
93.40
90.94
89.37
89.02
93.04
95.77
104.71
110.36
108.73
97.51
88.22
88.59
97.07
109.20
108.29
108.47
112.21
113.19
112.84
111.64
105.25
92.85
85.76
91.36
96.58
102.79
104.62
107.77
108.64
99.67
88.42
91.16
104.30
112.60
115.57
113.45
104.64
91.84
85.58
85.71
90.12
95.63
107.67
111.71
109.43
109.56
112.38
114.49
112.43
105.41
102.72
100.42
99.95
102.17
98.53
89.81
90.14
93.30
100.55
101.00
92.19
85.33
84.71
89.26
93.35
98.33
105.60
110.43
106.38
101.77
104.35
110.62
114.66
111.13
106.44
103.71
104.09
102.16
95.94
94.90
102.82
101.08
98.70
99.25
98.31
95.98
96.31
99.96
98.65
90.42
92.82
97.44
97.79
100.85
100.37
98.43
98.52
97.93
98.10
92.87
96.17
103.55
106.84
102.41
95.65
88.27
88.84
95.12
98.49
101.46
105.21
103.00
95.83
87.63
89.11
92.25
94.16
91.98
88.03
89.02
97.79
109.55
115.57
115.49
113.35
110.65
104.51
96.74
89.89
92.41
96.43
92.34