98.52
95.62
102.45
112.28
110.15
96.97
89.33
95.00
101.11
96.27
99.13
103.84
104.02
107.48
109.36
103.36
97.33
100.13
104.17
101.46
102.90
98.28
95.08
98.05
102.17
107.57
102.65
93.03
88.71
91.12
93.12
92.15
95.95
99.79
102.82
99.28
99.01
103.09
106.45
109.88
112.87
112.98
108.27
94.22
86.92
88.26
92.79
91.62
96.04
95.40
92.32
88.79
89.00
92.92
95.51
101.69
102.00
97.79
90.21
87.80
89.32
91.32
92.54
90.11
88.70
95.92
101.63
107.41
112.30
105.64
92.20
88.51
89.87
89.70
92.91
98.54
108.32
104.90
103.78
102.60
98.77
91.90
87.26
86.22
87.53
88.71
96.97
99.50
92.85
87.58
88.34
89.18
95.91
96.02
95.01
93.16
91.72
99.48
108.12
111.51
108.59
106.93
108.84
103.06
96.41
101.63
104.80
106.91
111.04
107.50
102.45
102.34
101.97
97.19
98.85
108.30
106.21
103.46
103.79
100.03
101.14
108.71
104.94
92.69
90.49
95.99
105.71
105.40
94.13
92.04
93.55
90.99
92.37
100.58
111.64
115.36
107.86
94.89
95.12
95.35
100.40
99.09
99.66
98.93