103.07
100.37
105.68
105.31
93.87
89.35
90.00
88.72
87.85
88.12
93.42
106.97
108.09
103.82
99.84
101.28
108.22
111.26
107.91
102.22
102.38
99.50
93.34
94.01
102.13
101.22
95.58
93.55
94.68
100.38
96.91
100.12
98.31
99.71
107.45
102.99
100.84
97.44
92.47
96.91
95.81
89.07
90.70
94.98
91.90
86.77
85.38
86.02
88.76
92.47
93.78
99.57
100.41
95.63
88.29
88.18
94.15
107.97
114.01
114.25
107.55
103.70
104.79
106.93
105.21
99.94
101.57
98.71
96.58
100.62
97.03
93.49
92.62
99.58
108.50
110.69
101.47
89.48
91.32
99.94
106.61
108.23
108.00
101.62
99.70
105.45
112.18
115.40
114.59
105.34
94.27
95.52
102.02
98.82
91.37
95.29
97.88
92.48
95.74
104.22
111.59
111.88
111.42
111.81
108.56
99.95
92.64
86.91
86.03
89.62
90.85
88.36
92.51
96.81
97.85
105.54
103.32
101.02
101.89
97.27
92.63
87.83
86.35
91.64
101.43
106.06
108.76
108.98
103.90
98.30
89.96
89.15
96.39
97.17
92.11
94.41
104.60
106.08
102.85
95.00
87.70
87.38
88.84
90.37