98.96
95.34
103.63
103.53
102.01
103.77
98.78
92.68
92.23
102.25
108.75
108.87
104.87
103.27
96.71
95.22
96.22
91.01
86.49
90.12
101.49
106.53
103.22
92.67
90.03
96.81
98.43
91.90
90.08
89.31
97.05
107.79
111.38
102.24
87.42
83.38
84.96
87.71
96.52
100.82
102.74
109.24
113.43
106.98
100.49
103.13
99.73
96.36
92.33
89.01
87.64
95.15
96.64
92.99
88.33
89.79
95.53
106.06
113.53
115.39
114.13
110.68
104.39
91.32
89.31
90.38
96.79
99.56
104.60
111.83
113.80
113.81
105.48
93.62
85.69
85.86
89.73
95.02
101.87
109.46
112.61
104.41
100.90
97.13
92.37
93.42
98.14
98.80
94.73
97.59
101.09
106.62
112.60
115.64
114.40
109.09
106.81
109.26
103.01
89.43
88.67
90.36
96.05
106.11
105.94
107.29
107.17
97.95
90.96
94.57
104.91
101.79
91.40
90.01
95.98
106.39
112.17
110.95
104.99
101.94
97.74
95.11
98.34
100.73
102.20
97.20
96.72
98.04
94.02
94.58
104.93
112.67
115.46
110.92
104.89
99.91
91.82
85.03
83.81
86.65
90.97
96.56
104.33
102.28