101.13
105.20
108.36
104.70
96.13
92.73
96.60
107.18
114.68
112.48
102.92
95.26
91.69
92.94
97.04
95.55
94.94
103.41
112.22
112.83
103.35
93.87
95.57
97.46
91.98
89.85
91.60
91.44
93.21
104.22
102.95
103.63
101.05
102.66
102.46
101.79
102.55
100.26
93.74
86.82
86.66
87.41
92.53
96.57
95.67
94.10
90.83
87.82
88.53
93.25
100.16
99.52
102.68
98.37
88.96
90.81
100.43
108.23
102.50
94.89
88.55
89.95
96.04
99.59
106.82
102.00
95.38
100.54
98.88
89.14
86.14
87.03
87.07
86.22
86.60
87.99
93.83
99.02
105.51
103.69
104.90
105.18
100.11
92.85
89.72
91.30
92.17
95.88
98.10
97.59
93.77
95.83
102.36
99.19
97.65
99.04
95.40
99.55
108.43
112.70
107.42
102.26
99.24
92.12
89.74
89.29
87.62
87.09
89.02
89.96
88.99
89.59
88.94
87.33
91.09
95.41
98.62
102.48
101.25
99.69
98.72
98.81
95.12
91.76
97.82
108.14
109.80
109.92
110.27
107.44
106.60
107.33
105.32
104.30
107.53
110.34
108.42
108.03
102.87
89.58
83.66
84.64
86.93
89.11