100.21
98.86
107.88
114.46
114.69
109.00
102.01
98.13
94.80
92.84
99.56
101.39
104.15
102.29
98.97
100.38
105.28
101.06
92.30
94.72
100.86
101.45
105.83
111.76
107.50
94.92
87.83
85.85
89.64
101.66
110.81
111.12
104.29
92.85
91.31
99.50
102.10
104.58
98.99
95.67
100.67
98.17
90.14
92.46
105.74
105.94
96.87
90.57
98.06
105.44
111.01
113.68
108.90
101.64
92.78
87.63
92.99
103.40
102.36
96.43
100.69
106.28
103.01
101.41
96.38
96.20
101.47
101.07
91.65
88.75
97.05
98.63
94.86
92.28
90.05
91.81
91.84
89.35
95.36
109.63
116.71
116.55
107.23
89.99
82.91
86.89
95.75
97.56
97.04
94.29
95.86
102.42
110.67
105.87
103.04
106.23
111.45
113.39
107.24
103.29
103.27
104.07
108.20
105.95
98.90
95.11
93.22
92.78
93.54
100.25
109.99
111.41
111.59
107.56
105.80
102.07
102.59
97.88
88.99
90.86
103.60
109.41
103.52
102.70
107.62
106.40
104.96
104.36
99.61
101.06
105.52
107.86
110.43
108.00
98.56
89.09
91.27
98.22
94.27
88.97
92.36
100.39
98.26
93.07