98.46
89.91
88.52
97.67
100.56
106.11
108.53
107.04
102.46
96.90
90.48
88.20
95.30
105.39
110.77
108.95
105.68
97.95
90.84
93.56
101.78
104.04
99.39
101.68
106.26
110.73
104.19
99.34
97.48
96.40
97.95
95.35
99.31
103.43
96.65
87.02
86.93
95.65
107.01
106.96
102.07
100.44
102.25
108.31
103.08
89.90
85.64
87.15
89.56
90.04
93.30
96.27
92.50
90.53
94.52
93.68
92.34
96.31
97.93
104.78
103.67
93.88
89.45
89.85
96.68
96.45
98.93
96.04
88.97
86.84
87.79
91.02
92.97
97.14
105.62
113.57
110.35
95.74
85.06
84.86
92.50
98.40
106.70
110.20
105.94
93.21
89.60
98.70
100.12
92.41
85.68
84.39
85.37
86.91
91.25
106.12
111.07
112.70
110.73
105.47
94.85
90.26
93.99
100.58
100.25
96.92
102.49
100.95
94.74
95.90
106.28
108.25
97.71
88.08
88.53
90.09
91.04
93.28
96.52
96.07
93.64
96.35
103.32
107.65
104.82
99.20
92.86
87.50
87.52
88.36
88.88
91.98
95.49
96.19
91.53
89.95
91.01
89.92
93.42
99.55
97.31
94.37
99.20
102.99