102.18
106.33
114.14
108.17
103.81
108.04
109.12
110.05
105.61
99.83
93.82
88.52
89.85
92.54
90.73
93.18
96.44
98.85
103.83
104.47
99.08
98.61
99.26
92.18
86.09
89.55
102.48
101.45
98.55
94.82
93.82
96.04
94.93
101.19
108.56
108.61
105.96
105.88
103.90
96.12
95.75
94.66
100.26
102.84
104.87
99.37
93.63
88.46
87.43
94.77
103.66
99.22
90.79
94.56
96.39
94.41
98.16
97.96
93.89
97.96
103.30
98.99
97.33
92.46
88.43
86.87
89.33
96.88
97.03
96.02
94.05
96.41
92.93
94.22
97.29
93.25
95.59
100.32
97.09
99.50
108.51
108.28
106.82
97.78
90.35
90.08
98.28
99.17
92.13
93.29
100.59
102.88
106.94
102.21
91.59
85.14
87.22
96.74
99.77
94.16
96.80
100.65
105.90
107.15
107.05
99.51
97.71
99.95
100.68
104.75
108.51
107.59
108.19
101.61
99.17
102.65
104.33
102.98
102.45
100.76
97.44
92.75
90.69
98.63
105.50
108.15
108.16
105.18
103.10
96.99
96.66
96.42
90.85
86.44
92.24
103.49
110.41
105.63
101.58
100.47
105.86
108.39
106.01
94.67