101.02
97.12
99.82
96.58
93.92
97.33
95.56
95.99
103.71
109.72
110.21
110.30
105.42
104.67
107.69
110.06
110.04
108.22
107.58
110.03
104.67
101.31
96.45
90.70
86.03
89.71
98.52
106.21
105.54
102.57
100.68
100.05
97.10
91.06
87.76
88.60
90.30
90.05
88.91
88.73
90.05
95.69
105.51
110.21
106.37
105.66
105.51
103.44
95.81
97.71
101.12
106.25
111.68
113.45
112.46
102.12
92.72
89.36
92.54
96.45
94.70
96.99
105.30
109.02
103.52
100.61
99.79
96.56
99.65
104.79
103.50
101.22
96.84
93.60
97.48
107.19
110.22
106.20
102.52
105.03
107.28
98.89
86.67
83.54
84.84
88.64
91.20
91.60
88.98
90.53
98.54
99.49
93.50
91.21
91.42
90.81
98.05
108.98
108.32
108.67
104.34
102.63
102.74
97.86
99.30
108.55
113.43
113.79
110.29
100.87
94.79
90.67
88.36
88.45
91.60
98.42
107.65
111.72
103.69
99.90
99.09
94.07
94.50
94.92
92.72
89.18
94.83
109.38
112.23
111.05
104.45
92.94
90.68
90.03
87.68
90.39
93.67
93.65
97.53
95.39
92.86
91.50
88.70
91.36