101.85
96.62
99.93
98.88
93.92
91.59
89.13
86.84
89.27
91.25
89.54
90.00
97.81
101.72
100.57
99.70
98.15
101.49
101.64
99.84
98.74
93.82
90.70
89.27
87.46
92.47
97.48
106.17
109.56
105.45
105.05
109.87
105.26
96.29
95.62
94.29
88.12
89.43
94.09
96.08
92.05
97.49
104.87
100.83
99.23
102.86
97.21
93.65
91.97
95.08
105.40
111.78
106.84
102.15
97.77
95.33
91.64
90.21
89.15
88.91
92.85
105.54
112.31
105.90
91.51
90.50
100.65
101.32
98.20
102.53
101.72
94.34
96.01
105.49
113.11
113.25
102.36
94.58
99.91
104.02
101.82
98.15
93.86
96.14
95.00
90.75
96.95
109.84
106.68
97.43
95.21
98.35
99.32
98.06
101.89
97.44
92.70
96.88
105.95
103.26
98.82
98.82
100.80
96.71
88.83
92.67
96.56
100.61
98.29
96.26
92.07
88.90
86.90
86.12
86.36
87.30
90.73
92.79
96.58
103.00
100.52
100.24
102.51
102.27
106.19
104.73
106.05
103.19
103.27
102.86
101.57
100.92
104.53
103.68
96.28
94.30
93.07
98.74
99.73
101.83
95.78
88.06
86.20
86.62