102.65
105.54
111.06
114.61
115.18
114.97
109.68
97.53
95.63
96.99
97.13
100.12
99.62
101.24
106.36
111.87
111.15
104.23
101.73
100.91
96.96
92.65
98.05
108.30
114.06
111.51
104.79
99.42
97.39
92.21
92.78
101.39
110.13
110.32
110.46
107.02
105.57
109.41
113.20
114.34
107.66
91.00
88.44
96.31
104.82
101.06
98.34
101.04
107.23
105.08
104.55
99.22
88.64
87.49
88.00
86.66
91.31
98.48
99.36
102.64
98.38
99.24
105.50
109.93
111.64
109.21
98.13
93.05
95.24
92.56
88.03
87.77
91.40
101.44
107.88
104.06
97.38
100.14
108.14
104.70
91.73
89.12
92.36
94.77
97.79
106.58
109.81
103.80
100.61
93.82
90.25
89.10
89.56
99.13
111.82
112.28
102.85
98.83
98.66
104.30
101.50
102.25
100.63
97.94
96.20
90.63
86.16
85.93
86.20
86.50
89.55
100.41
107.14
107.54
104.03
94.08
88.92
94.23
104.54
101.25
93.18
94.89
106.13
113.35
115.92
115.08
112.48
110.35
110.77
108.86
106.74
97.63
93.65
93.70
101.39
103.85
97.46
91.07
91.49
93.34
91.54
96.23
99.10
96.14