100.03
100.42
102.39
102.67
102.15
102.06
94.77
90.27
91.75
99.85
98.04
89.53
92.05
99.77
108.69
111.01
107.40
98.90
96.40
93.30
92.41
94.34
99.85
108.06
102.76
100.69
99.93
96.43
99.99
104.61
106.38
107.04
105.77
106.04
99.38
90.32
91.96
101.46
101.29
94.57
87.30
85.70
85.74
88.98
97.70
111.73
114.00
103.66
93.64
94.86
99.42
104.55
103.67
95.06
95.83
103.70
107.28
106.49
104.22
104.30
103.09
105.22
110.03
106.52
100.39
93.10
94.80
94.15
98.05
101.69
100.62
97.48
102.71
109.11
107.19
106.21
109.52
109.46
105.69
98.33
91.27
92.54
93.99
100.44
109.98
112.05
104.27
89.34
85.18
88.06
93.41
105.56
103.61
97.76
92.04
88.98
88.73
90.08
91.45
90.64
90.60
99.43
102.00
102.85
101.24
93.68
87.61
85.39
86.40
93.50
107.68
111.13
101.64
98.92
96.79
95.97
92.60
93.44
93.73
100.57
104.74
108.63
101.90
94.15
91.52
89.38
87.56
87.19
89.53
89.85
94.60
98.89
97.13
95.30
95.40
97.76
103.28
101.00
100.78
103.98
109.90
113.49
112.08
104.27