97.77
94.85
96.24
101.69
97.14
99.11
98.41
91.01
92.75
93.83
95.41
92.41
93.46
93.86
90.15
89.09
98.45
102.15
99.80
101.00
104.20
100.02
91.58
94.12
98.75
97.07
95.59
97.95
96.12
90.04
89.94
93.60
100.88
110.44
115.25
113.71
102.28
92.15
90.78
97.38
98.73
95.85
100.99
103.43
94.88
86.01
85.49
93.43
110.20
107.99
97.27
88.91
86.46
93.08
97.88
95.26
92.99
97.67
101.31
107.38
106.81
100.77
99.72
99.83
99.24
102.25
109.42
114.45
111.15
108.19
109.03
101.34
89.69
93.00
103.15
110.14
103.70
97.32
100.01
97.71
98.72
105.16
110.80
108.30
101.67
91.50
85.96
86.84
90.68
95.32
102.78
109.77
106.21
96.40
93.20
95.27
101.21
109.54
112.93
109.68
107.91
100.21
96.18
96.06
95.15
90.21
86.67
85.84
89.50
97.35
96.54
99.09
104.94
108.24
103.85
102.10
104.42
103.53
96.47
87.22
84.89
90.82
93.08
91.52
90.09
88.09
88.17
96.98
106.26
102.23
98.58
104.17
103.01
94.55
86.73
86.40
90.84
96.26
100.58
105.49
99.99
99.42
95.60
90.08