96.82
91.76
92.73
95.52
104.14
111.44
115.25
111.95
103.21
91.91
93.51
104.35
109.62
101.77
91.65
86.48
89.67
100.12
104.79
108.13
104.77
92.56
86.97
95.05
106.37
107.59
98.18
96.59
95.72
89.24
88.82
90.59
96.58
107.91
110.95
104.46
90.88
86.89
89.17
100.04
107.42
100.87
92.66
88.01
87.74
89.17
91.60
99.03
105.59
106.84
106.51
109.57
104.07
91.67
89.19
90.35
98.74
104.88
100.28
101.56
99.52
98.52
99.77
106.59
107.17
101.04
90.18
88.32
88.52
93.37
98.78
108.29
113.54
112.25
107.33
96.66
94.64
96.79
101.08
105.72
103.81
102.17
102.55
95.18
86.62
88.79
91.26
89.48
87.65
89.40
90.65
89.41
87.56
86.56
88.57
100.08
107.16
104.42
95.20
96.55
101.89
109.46
111.62
109.91
109.08
102.31
89.19
89.05
102.74
105.85
98.39
87.65
84.62
90.78
105.19
114.51
111.89
103.91
94.05
97.11
100.50
102.18
106.67
108.34
107.12
103.61
98.49
92.81
90.26
94.33
93.58
98.94
107.59
112.09
110.78
109.74
110.56
104.67
92.63
87.37
87.52
86.56
91.13
97.29