96.96
89.66
95.11
99.74
96.15
96.51
94.87
93.13
89.77
89.56
92.11
95.16
104.90
106.27
106.25
110.29
110.37
108.43
103.04
93.93
85.99
84.83
86.29
87.99
91.76
96.44
99.26
104.97
110.17
108.41
104.35
99.75
97.59
103.72
102.08
103.04
101.86
92.13
90.65
97.80
102.94
97.35
97.45
98.82
96.97
93.55
99.50
103.49
102.30
102.89
107.71
108.57
106.06
95.34
93.80
100.39
100.18
92.51
90.84
89.73
90.42
94.66
97.63
99.67
104.69
107.95
110.56
104.98
100.19
104.95
108.14
102.54
101.11
102.47
103.84
98.78
99.63
100.43
98.41
98.42
101.71
96.72
87.75
87.78
91.82
92.79
92.35
94.07
103.59
103.96
97.34
99.92
102.99
107.32
102.15
95.87
99.38
109.03
113.04
110.23
108.59
106.23
99.63
91.88
87.10
88.39
94.70
96.97
94.84
101.24
108.87
105.37
91.97
86.48
89.03
94.39
103.31
102.61
98.54
90.83
91.64
101.09
103.63
103.67
97.41
98.89
106.62
110.30
105.47
95.73
91.19
87.76
93.33
107.05
105.07
102.46
96.77
95.20
99.84
108.58
108.73
103.67
94.10
94.23