101.56
103.18
110.82
114.20
105.21
99.33
102.18
105.24
106.75
104.44
105.13
110.18
111.91
103.42
97.27
102.16
101.46
102.87
108.13
106.65
104.09
100.43
92.36
89.47
90.65
96.70
104.98
100.99
95.19
97.27
101.78
105.85
104.61
106.48
102.69
99.83
93.41
87.53
91.96
105.53
112.02
113.58
114.12
111.23
100.30
88.85
87.78
91.16
101.49
106.44
106.67
101.88
97.06
99.35
98.71
101.89
101.50
94.65
87.38
89.61
95.16
101.60
102.48
96.21
94.55
100.37
104.64
99.03
95.88
98.58
98.92
97.73
102.32
107.64
109.90
110.50
110.28
104.51
101.77
99.60
101.23
101.54
105.91
105.20
106.60
107.32
101.04
95.95
95.08
91.98
88.25
89.99
96.89
100.17
105.83
111.73
113.70
109.32
106.01
101.51
98.29
101.12
97.72
94.06
90.60
94.85
105.37
113.73
114.26
108.38
105.38
99.99
92.40
86.81
85.80
89.29
97.42
106.27
106.02
96.82
94.43
102.73
106.74
99.95
91.57
89.22
87.83
92.08
102.32
105.24
107.96
111.36
113.95
115.27
113.95
107.93
102.41
99.06
91.71
87.28
87.72
93.15
98.16
105.56