97.01
92.50
97.95
105.35
108.40
107.62
108.83
112.30
111.19
103.25
90.76
87.74
97.52
97.92
102.02
109.05
113.93
110.90
96.45
86.13
87.49
90.85
93.59
97.84
102.88
98.53
96.74
94.52
92.91
98.51
96.59
93.93
101.08
102.43
105.31
99.29
97.45
102.81
110.01
111.66
102.45
88.87
86.85
94.66
103.02
111.23
110.97
110.54
103.73
93.30
86.56
91.06
92.67
98.59
101.49
99.38
95.12
88.72
93.32
94.42
92.21
92.85
91.95
89.11
94.79
108.48
109.63
104.25
102.27
99.17
99.10
93.94
87.76
85.26
87.04
94.79
111.69
111.01
99.90
87.08
87.94
101.59
103.38
98.13
95.35
95.55
103.77
106.06
105.08
107.83
107.28
96.62
87.62
86.93
95.79
98.31
99.28
94.39
95.62
99.67
102.66
105.62
110.77
105.99
99.45
100.31
105.38
102.98
93.64
87.86
89.29
89.71
95.57
102.57
102.28
95.00
92.90
99.79
110.78
108.54
106.17
109.45
106.95
102.39
98.41
90.75
89.27
92.00
91.68
96.27
103.64
107.95
110.02
103.96
98.52
98.35
92.67
89.26
96.43
100.64
105.98
108.13
101.65
91.46