96.48
88.19
91.00
106.95
106.56
103.87
105.43
109.21
105.65
98.22
88.87
84.54
85.73
87.51
88.32
89.48
94.08
103.36
108.47
100.61
99.67
102.72
100.20
96.50
94.88
102.63
106.23
99.43
94.73
91.21
87.63
91.72
93.89
101.76
108.38
106.30
96.87
88.19
90.30
96.02
97.53
100.67
101.14
105.88
102.46
99.21
98.32
98.16
103.49
99.78
93.98
98.94
108.42
108.19
97.33
92.03
89.34
86.39
87.25
95.38
100.04
95.65
97.73
94.70
92.11
90.07
91.68
100.21
102.70
106.98
111.72
113.38
113.87
105.39
94.82
93.68
94.62
98.57
106.66
110.80
110.07
110.68
104.18
95.67
93.46
96.47
105.77
109.69
104.32
98.90
100.35
108.10
111.21
112.06
104.56
94.62
86.75
91.24
103.91
102.68
98.17
100.41
101.60
104.12
104.49
99.08
90.80
86.33
86.94
87.86
90.03
100.11
100.72
96.04
97.26
95.72
89.32
85.54
88.44
98.43
112.95
109.03
103.38
100.27
100.94
99.34
94.65
96.77
106.38
105.32
97.59
97.70
106.77
105.38
104.60
98.52
96.63
96.41
99.17
104.51
105.85
101.34
93.30
89.62