99.86
91.55
94.67
102.40
106.68
106.65
109.59
113.07
113.17
109.29
106.26
103.78
95.97
96.20
94.44
92.63
96.97
103.27
98.32
89.09
85.59
87.24
94.31
110.10
113.05
104.58
90.72
84.46
85.14
88.35
89.98
90.48
88.71
87.40
93.72
103.00
111.59
106.52
92.41
86.51
93.98
99.81
99.30
93.57
87.48
89.65
101.50
106.07
97.67
90.28
89.39
87.93
88.54
89.72
91.19
95.43
107.32
108.45
104.51
94.51
93.90
103.33
100.94
98.14
92.17
96.40
101.23
96.46
94.31
94.13
91.08
88.24
92.36
105.91
109.77
102.13
93.06
91.70
91.08
91.68
92.93
100.77
111.95
110.43
102.17
89.89
85.37
85.71
86.37
89.48
96.52
100.17
102.31
104.27
108.25
108.72
105.70
95.83
92.21
92.11
98.11
98.26
99.89
104.21
100.18
90.59
91.99
101.97
110.27
107.62
94.80
89.79
90.44
88.59
89.98
90.51
95.58
100.54
105.89
106.65
105.08
96.40
86.21
84.96
91.07
102.27
108.40
105.53
105.35
106.48
103.31
100.49
97.55
91.99
88.93
89.23
91.29
101.32
105.00
104.60
98.71
100.31
98.63
101.71