97.02
89.20
96.45
112.95
108.63
96.09
91.22
93.53
101.71
99.23
97.28
98.74
100.24
106.56
110.37
109.60
100.60
95.83
95.34
99.96
100.80
104.67
101.37
97.16
92.11
88.94
91.65
95.74
99.27
98.19
102.40
108.67
107.59
103.32
101.56
96.32
93.18
96.12
99.48
94.24
90.63
98.09
110.13
112.97
104.57
93.98
93.35
93.13
96.40
100.80
96.73
94.35
101.74
106.49
102.66
98.47
99.98
104.06
109.50
112.07
105.74
90.88
85.41
93.38
99.23
106.44
111.70
113.61
110.25
104.94
94.92
94.01
95.00
90.54
86.03
85.82
87.10
89.25
91.18
101.50
104.87
106.62
106.03
102.76
94.84
91.03
90.54
90.67
90.97
92.70
93.60
97.73
104.85
104.49
102.78
100.84
103.58
106.82
99.65
87.13
83.65
85.78
91.96
96.53
98.76
96.29
97.70
99.97
98.84
100.35
99.56
95.89
100.32
101.39
92.80
93.82
106.38
113.36
112.84
109.06
96.88
93.58
97.99
102.58
100.28
92.79
93.56
96.87
98.67
98.16
104.66
112.45
115.28
108.41
91.48
83.91
84.36
89.41
94.10
103.05
105.00
104.96
109.18
110.14