100.24
92.82
95.88
105.22
108.20
101.11
100.54
107.36
104.87
98.39
90.61
87.11
87.02
90.48
97.84
107.62
104.28
100.21
98.89
100.04
102.49
107.30
108.47
100.63
94.74
92.18
91.17
94.74
100.17
100.54
92.36
88.53
94.07
96.29
102.84
100.09
101.19
99.28
103.35
109.78
109.42
103.20
90.64
90.74
101.87
110.20
107.63
106.08
100.54
97.29
94.92
96.02
93.37
95.33
105.64
112.80
110.89
109.42
100.65
93.07
97.03
105.85
111.92
111.48
107.10
100.87
96.19
92.63
93.82
103.94
112.07
114.87
113.87
109.36
99.59
93.03
92.75
93.67
91.12
92.57
100.47
107.76
101.69
95.35
100.05
107.89
103.11
97.68
94.51
93.95
97.46
93.93
97.73
101.12
96.70
92.64
91.51
95.97
94.87
91.22
91.17
91.29
98.59
109.92
108.16
104.20
96.24
93.54
90.63
88.31
89.76
100.64
108.43
106.93
101.10
97.70
93.87
96.98
101.67
98.31
93.99
91.78
88.74
89.88
100.04
102.15
102.37
104.10
109.69
106.27
94.47
86.35
86.21
88.74
97.52
108.82
110.49
107.87
98.36
90.04
86.24
89.95
91.36
88.62