100.01
98.37
108.93
113.99
106.16
98.05
95.07
99.27
97.57
91.67
90.08
90.62
95.04
95.90
101.02
107.55
108.32
99.62
91.74
89.00
88.02
90.81
90.95
92.61
103.57
107.03
99.49
98.26
105.34
101.10
96.34
93.46
96.21
104.61
102.38
94.79
97.19
107.37
110.39
101.23
98.46
102.87
105.68
106.51
108.70
106.88
99.42
90.98
88.88
88.95
95.22
99.19
100.54
102.16
106.26
110.84
113.01
107.80
98.64
94.62
100.74
105.73
103.00
97.48
94.46
94.80
94.72
92.98
98.71
107.50
111.59
106.05
102.04
104.54
103.12
104.45
109.28
111.56
112.99
113.15
109.87
100.35
87.22
85.96
87.26
90.68
98.69
109.91
107.89
101.87
103.19
98.51
99.78
104.36
107.24
107.03
108.03
106.00
106.84
105.45
100.15
90.35
84.81
85.87
90.65
98.61
110.94
111.99
102.48
99.80
101.88
107.73
104.53
99.28
93.76
87.85
91.05
93.81
98.29
96.81
91.45
90.95
91.92
92.91
99.95
106.11
104.01
100.28
98.79
95.66
98.53
97.53
96.10
92.81
94.30
102.54
112.01
116.13
116.56
109.06
90.37
85.05
85.90
92.43