102.41
107.15
109.81
104.24
97.80
99.31
107.12
112.87
112.52
109.05
98.65
96.68
106.64
106.25
103.42
100.09
97.95
97.09
93.22
96.44
106.83
114.00
114.69
109.76
99.93
89.99
85.07
85.13
88.77
96.54
106.96
110.58
103.14
96.42
95.67
97.01
94.22
99.57
105.26
110.06
111.49
110.85
101.52
93.86
89.91
91.10
92.78
90.73
92.46
94.99
93.02
99.24
98.34
93.55
88.90
89.85
92.22
101.75
102.83
100.74
99.95
99.23
104.62
107.76
103.65
97.90
101.20
105.58
105.39
103.13
94.30
91.16
92.51
91.64
92.74
93.83
96.02
94.29
91.25
93.44
102.63
104.69
103.59
102.94
100.14
97.14
90.20
86.23
91.09
93.31
93.64
95.91
95.89
99.80
100.87
101.05
99.90
99.96
95.58
96.65
96.51
93.55
96.92
100.73
98.88
101.45
98.03
99.03
95.41
92.91
97.05
105.24
101.16
97.82
98.36
93.08
89.89
95.28
97.94
102.57
99.10
94.10
93.60
99.11
107.70
109.61
102.16
90.12
85.72
88.24
93.32
96.97
105.25
103.16
105.01
109.78
109.60
106.56
101.97
95.71
99.46
104.82
102.64
94.32