99.47
97.26
101.39
103.34
103.60
106.87
101.32
89.77
84.43
86.39
91.61
98.72
99.00
94.60
88.62
92.00
105.36
114.81
115.93
113.71
110.00
100.25
92.25
95.69
107.21
114.41
115.05
112.56
107.63
104.32
107.23
110.49
103.37
88.20
84.27
89.00
100.24
105.10
99.73
91.75
86.31
85.96
87.63
93.65
100.93
106.74
110.74
109.91
109.37
104.44
94.39
89.97
96.37
101.26
106.69
102.61
90.74
88.89
97.36
103.19
105.14
99.81
99.00
102.37
100.70
98.99
101.17
98.64
101.05
103.36
106.81
107.96
105.50
102.03
98.19
98.66
100.32
105.07
103.48
97.97
96.54
104.45
107.59
105.89
95.45
88.75
93.61
94.41
93.06
98.01
106.93
113.72
115.91
108.91
92.60
85.43
90.10
100.10
102.20
99.71
92.66
87.56
89.92
98.84
111.70
111.84
99.59
86.73
84.10
87.19
97.10
110.77
113.38
102.95
96.20
90.92
87.04
89.66
91.48
95.62
105.90
113.01
114.79
105.94
91.63
90.48
94.95
104.81
101.40
90.54
86.86
86.18
87.96
96.99
104.59
101.37
92.20
87.02
92.40
108.08
108.62
102.68
92.28
90.10