102.71
107.65
110.38
101.59
89.31
90.04
92.97
94.14
101.00
111.12
115.80
110.33
104.72
95.46
93.61
103.82
112.02
113.42
107.87
103.66
102.88
95.98
88.61
86.41
85.82
86.79
93.76
100.66
110.13
107.51
106.68
107.85
109.03
100.67
95.99
93.07
91.02
94.12
98.94
105.22
104.79
104.39
100.15
94.81
90.95
87.63
88.56
89.55
93.46
99.47
104.31
102.31
100.43
95.19
98.56
107.42
103.66
100.39
93.47
86.04
89.22
101.22
107.56
99.40
96.85
96.28
93.51
90.44
90.17
91.80
93.44
95.85
96.69
98.47
101.80
108.51
104.29
91.22
85.26
86.55
87.27
93.33
97.12
98.12
94.51
98.55
109.92
111.23
101.39
91.41
94.35
107.37
113.31
110.74
107.01
98.21
95.69
94.85
90.46
87.97
92.83
92.77
98.39
99.54
105.39
111.59
112.10
103.61
98.12
101.98
108.20
111.21
105.07
101.77
106.17
101.93
92.28
94.50
107.22
104.42
102.74
105.00
104.13
106.82
103.01
93.96
88.65
94.67
95.21
89.07
85.90
87.36
93.44
103.80
112.17
112.17
102.97
91.70
85.96
85.16
85.76
85.87
88.77
100.63