96.90
90.05
99.76
116.69
112.99
108.95
104.44
93.06
86.07
86.19
86.52
92.26
97.53
97.38
92.62
94.46
103.10
106.65
110.31
107.10
105.27
105.82
108.36
110.74
111.70
103.18
88.04
85.61
93.97
98.57
102.95
103.81
98.09
93.04
87.80
92.41
104.76
114.20
115.94
106.94
92.47
91.46
104.62
112.68
107.32
95.49
91.49
96.72
104.56
106.63
101.97
90.89
84.21
84.86
88.75
99.11
106.81
102.87
102.83
100.35
101.54
99.87
98.57
98.32
101.39
108.05
107.26
106.79
105.28
98.41
94.45
97.19
94.50
88.08
90.84
96.30
104.60
103.34
95.86
93.24
98.88
97.63
95.66
99.62
103.04
104.87
107.93
108.07
104.91
93.87
91.23
92.76
90.01
87.67
86.12
88.14
90.55
94.29
92.47
94.02
92.37
89.92
90.30
94.24
100.34
102.66
105.93
102.26
94.94
92.93
95.74
97.61
96.84
96.22
90.71
95.16
101.79
109.64
109.19
105.28
103.28
105.32
105.23
99.29
95.49
95.20
96.07
96.94
101.94
101.67
101.01
99.80
101.91
104.95
98.92
99.30
96.12
88.75
88.39
99.67
100.96
95.47
94.46
96.98