99.63
98.83
102.08
95.50
88.64
86.04
88.59
92.87
96.03
93.97
91.71
94.51
105.08
114.10
113.05
102.05
88.77
91.87
106.56
104.01
94.61
97.34
101.97
95.12
87.71
86.77
95.46
109.15
105.30
102.71
98.26
93.46
96.87
98.91
101.22
106.94
107.92
105.75
107.52
102.43
101.07
106.82
104.22
97.63
88.71
92.15
101.88
104.27
97.50
91.29
94.54
105.80
112.67
106.10
96.40
93.93
95.44
96.41
102.93
104.38
96.12
94.28
102.78
102.71
98.09
99.55
105.01
106.28
105.08
99.83
90.77
86.01
87.49
91.04
100.95
103.06
102.55
95.14
86.75
86.06
89.88
100.79
101.94
96.03
99.08
102.26
106.51
112.18
107.86
97.41
91.08
87.01
90.68
94.68
103.99
109.93
113.38
113.23
103.51
94.51
92.11
92.84
89.65
88.67
97.62
110.50
113.81
104.24
98.93
93.26
88.77
90.22
92.86
93.01
97.84
104.45
105.36
95.85
85.73
83.99
87.42
97.60
102.57
100.90
95.87
92.48
96.35
96.29
94.69
99.81
96.75
99.29
108.43
110.98
106.17
98.48
92.47
88.43
86.76
89.38
98.66
108.27
114.03
110.27