99.52
99.54
109.05
104.22
90.92
92.39
96.05
96.30
96.81
104.99
104.62
94.40
92.56
100.02
110.11
113.46
106.98
91.94
90.51
96.73
94.46
89.60
90.56
97.27
101.04
94.71
90.22
92.43
98.31
102.79
99.78
94.88
100.57
107.79
108.48
104.98
103.62
100.87
95.73
99.16
100.01
99.27
103.49
103.12
102.39
99.42
92.34
86.01
85.42
87.20
88.47
88.59
88.35
87.52
89.24
99.63
109.33
105.20
104.29
107.27
108.38
107.50
104.52
105.14
109.29
112.46
111.95
102.91
88.02
86.15
89.42
93.44
95.04
98.47
104.02
105.65
101.70
95.43
95.42
101.00
104.63
103.23
98.03
98.86
94.63
94.61
103.23
100.88
94.26
88.76
90.64
100.19
98.44
89.60
91.28
98.77
97.65
92.88
94.02
98.03
97.24
103.18
109.52
102.99
90.96
87.41
87.18
86.71
89.38
91.84
90.99
88.44
87.41
87.85
93.50
97.85
101.87
96.40
90.91
96.94
104.06
105.51
106.16
104.67
100.14
102.20
105.02
105.86
106.03
103.79
95.81
94.17
97.58
101.86
97.95
99.21
96.62
94.55
94.65
95.37
100.74
109.56
111.00
109.01