101.56
97.45
105.00
104.45
100.06
98.47
95.02
89.76
92.13
102.54
107.66
102.38
103.01
109.34
105.61
94.46
91.23
92.99
93.66
101.04
109.20
113.50
113.38
109.98
97.64
88.62
87.38
93.12
105.01
111.88
113.59
110.62
108.84
109.37
104.15
98.55
94.28
93.28
99.86
109.94
106.17
93.00
90.39
91.28
89.00
87.96
94.83
98.17
97.69
98.23
101.30
99.83
93.71
95.60
98.53
96.65
89.88
87.11
86.18
88.50
92.56
102.27
105.51
100.75
93.35
94.67
101.22
109.73
107.08
101.17
98.10
95.46
89.50
85.14
86.59
90.85
102.55
113.58
115.02
111.45
100.03
88.30
87.54
98.45
111.73
115.54
113.23
109.78
110.22
112.57
113.27
106.55
97.20
92.65
96.78
95.99
96.90
95.84
91.22
91.59
97.42
97.35
94.38
88.90
91.33
93.42
90.63
91.30
95.14
100.74
101.14
94.52
89.11
93.49
103.40
109.37
101.78
92.49
97.07
106.55
108.67
110.67
106.72
94.59
91.86
101.24
103.97
100.24
93.19
93.11
100.58
109.48
109.53
109.13
109.20
109.67
106.62
94.91
87.97
87.38
92.34
101.32
104.12
108.33