99.78
99.81
108.37
107.89
99.24
93.26
88.16
85.18
85.78
88.23
88.61
91.59
95.12
99.08
102.33
98.39
98.63
103.14
109.85
109.14
102.83
101.48
106.75
111.62
112.69
109.06
103.22
103.37
103.63
102.45
102.76
107.10
109.04
105.43
100.31
92.95
91.67
97.94
106.23
110.01
110.72
101.69
87.26
84.40
89.18
92.18
102.04
113.53
116.05
110.87
100.62
91.98
92.53
92.82
88.34
85.27
87.76
89.40
96.67
106.63
109.34
101.55
96.71
96.01
100.35
97.51
93.12
89.23
87.21
88.18
96.79
104.12
101.99
103.99
106.38
107.78
108.81
102.45
94.76
93.51
90.75
94.40
105.60
102.44
100.02
97.08
97.36
101.43
99.95
91.32
92.63
103.22
104.95
105.61
108.61
103.73
93.80
85.96
85.86
86.52
88.99
99.17
108.27
113.93
111.70
100.28
91.25
87.38
88.87
91.27
92.16
91.56
90.75
90.57
91.60
92.56
96.76
108.35
107.85
105.19
104.87
102.32
103.68
105.14
100.96
96.30
91.48
86.67
85.48
86.74
87.56
88.57
90.33
92.96
94.40
92.72
95.76
96.79
97.02
104.10
109.15
101.51
97.70
102.98