100.15
98.22
105.91
106.82
97.02
89.27
87.99
89.89
93.32
95.18
100.08
99.69
91.68
93.24
101.06
102.78
106.68
108.38
110.34
111.06
110.26
104.38
97.83
91.26
89.34
89.82
94.83
94.30
91.52
97.46
99.15
101.20
99.65
102.09
99.10
90.10
85.06
85.76
88.31
89.61
89.25
93.85
97.54
105.20
111.75
105.76
95.33
88.70
89.31
90.91
96.16
94.27
94.90
92.36
97.91
108.99
106.62
96.54
97.26
108.27
114.52
111.22
103.09
99.42
99.56
104.55
108.37
108.92
103.61
99.90
100.87
98.47
96.77
91.13
86.14
90.18
100.69
109.34
103.09
101.61
108.95
111.59
112.20
112.36
106.26
100.56
92.50
89.76
89.81
97.68
105.01
105.90
104.27
97.20
97.85
101.55
96.02
93.76
97.12
101.17
101.89
105.86
100.72
90.52
88.81
92.73
92.95
90.24
87.69
93.64
109.83
116.23
113.38
107.82
106.73
105.65
102.58
103.09
108.99
110.75
111.13
109.40
108.92
102.44
92.50
86.34
86.48
87.03
87.09
93.08
101.95
104.13
108.46
102.84
90.98
91.68
93.89
92.65
88.48
90.13
98.07
107.65
108.12
97.30