99.06
91.82
90.14
98.88
107.52
102.45
96.80
92.72
91.09
91.61
93.96
101.34
98.63
89.76
91.85
105.40
106.01
106.81
104.63
102.46
95.79
91.13
87.19
86.59
87.08
86.70
87.62
90.17
100.69
105.18
100.85
92.17
93.82
94.77
93.26
94.44
92.38
97.36
100.89
99.79
98.91
96.46
89.46
88.31
90.61
97.82
109.48
112.87
110.38
99.87
88.68
87.60
92.61
91.87
89.33
86.81
91.27
95.84
101.52
105.88
101.10
100.98
99.52
98.08
100.81
105.56
110.11
113.38
114.11
110.83
108.91
110.90
111.55
106.72
97.42
92.99
94.06
96.96
98.08
102.87
109.96
109.93
108.92
110.05
107.45
102.51
99.13
103.06
107.68
108.34
109.54
109.93
108.46
102.04
90.45
86.85
87.30
89.09
88.49
88.09
94.18
96.72
98.78
98.36
101.85
105.91
107.64
110.40
105.30
99.83
96.20
91.08
94.16
104.51
101.56
92.73
93.24
99.88
101.70
98.77
96.66
103.06
103.09
103.63
103.83
96.71
87.32
84.98
87.04
87.34
88.57
97.08
112.31
113.64
110.68
108.80
109.30
102.15
88.63
89.66
92.05
88.17
88.32
91.80