100.16
91.99
89.05
92.13
104.37
111.04
103.94
99.84
104.68
104.43
102.51
104.23
99.90
99.93
107.48
109.50
107.51
101.72
100.77
102.23
94.50
87.86
86.16
87.52
96.62
100.72
99.99
94.06
96.77
103.43
102.10
104.11
106.53
105.63
104.55
108.37
113.02
112.39
104.72
93.43
86.46
90.94
102.47
103.13
100.95
105.50
100.92
96.35
100.02
97.81
94.24
89.48
93.27
104.70
104.00
102.61
107.67
103.25
102.22
108.92
111.84
111.58
111.74
107.05
103.46
104.77
105.72
103.40
99.04
92.43
87.66
89.81
93.83
100.78
99.01
92.50
95.37
99.83
99.75
95.15
98.56
108.86
107.60
99.14
94.21
93.89
100.69
102.53
100.78
104.20
107.31
102.87
103.30
98.82
98.80
101.35
100.12
91.46
92.27
101.16
111.04
115.32
112.16
106.51
94.98
87.88
85.45
84.77
88.68
99.00
106.91
103.69
98.13
92.42
87.12
89.31
97.13
101.14
98.22
90.46
86.95
88.30
96.90
98.78
91.43
87.24
88.38
97.69
109.86
104.77
92.66
92.18
93.40
95.43
95.61
93.49
99.35
100.83
104.80
110.29
108.34
103.25
93.10
91.47