99.04
99.48
108.92
115.01
108.16
95.52
87.61
87.43
93.70
104.18
100.15
93.21
93.43
102.35
104.97
108.13
101.30
88.61
83.93
86.46
91.57
103.43
110.07
111.59
111.26
107.99
106.37
107.33
101.20
90.21
90.53
102.14
101.32
92.09
90.38
97.26
99.33
105.23
104.31
99.22
97.65
96.67
92.32
86.90
88.00
90.85
93.48
99.93
100.10
92.58
91.31
96.12
94.73
94.80
102.91
110.31
114.05
107.70
99.53
99.22
107.03
113.61
115.83
113.05
102.38
98.37
100.65
97.06
97.42
97.78
94.02
89.85
87.02
93.42
109.62
116.84
117.07
113.99
106.34
98.23
101.29
100.71
101.05
104.63
102.60
92.26
92.51
95.11
92.78
94.77
103.57
103.83
95.23
88.53
85.84
86.02
89.51
93.07
95.76
99.25
100.90
100.35
103.81
98.20
92.49
89.04
87.05
88.58
89.43
88.22
90.07
99.47
110.06
106.25
103.13
103.28
105.45
107.63
103.55
98.76
91.02
93.92
106.61
113.28
113.77
108.59
95.14
89.94
94.76
105.01
105.53
97.53
90.15
93.69
104.04
107.17
108.20
104.15
92.03
84.72
85.13
91.50
106.86
110.64