100.25
95.45
95.33
100.97
101.08
94.25
95.03
97.45
94.16
92.78
101.99
101.19
91.48
85.36
89.43
92.06
95.63
106.91
108.55
106.08
107.15
100.86
92.57
93.35
91.46
92.90
97.63
95.09
88.35
88.85
89.69
91.18
92.44
92.79
91.87
99.49
106.16
105.83
97.22
98.37
102.50
98.78
97.88
101.30
108.57
108.16
108.46
101.18
88.57
88.18
99.76
102.13
104.64
104.44
102.39
98.64
98.70
100.53
95.00
90.77
95.49
99.68
104.47
105.33
106.93
108.32
105.87
94.20
88.88
91.50
102.46
111.13
107.32
93.09
84.67
86.65
88.46
89.19
89.83
90.37
95.99
102.47
110.45
108.24
107.08
99.08
98.40
99.49
104.00
103.80
106.63
103.44
92.62
91.22
96.11
104.81
108.64
104.16
97.09
96.71
95.54
91.82
96.15
98.70
95.56
97.10
98.22
93.98
96.59
100.58
99.76
94.76
95.48
94.13
92.94
97.15
107.27
111.25
111.93
108.84
106.27
108.86
108.24
105.76
106.56
108.68
108.48
101.85
96.11
93.48
90.27
92.97
97.95
97.80
93.42
87.65
92.17
105.00
102.30
93.67
89.20
96.77
105.31
110.13