97.54
91.75
100.61
105.90
99.16
91.00
87.02
89.68
100.43
104.69
101.96
101.80
108.41
113.04
106.42
97.03
89.98
88.77
94.69
103.33
105.53
106.14
100.39
96.91
97.12
101.87
99.47
97.57
93.17
94.04
92.53
91.95
91.54
89.67
93.69
103.53
109.28
107.85
100.08
98.04
103.88
105.87
104.85
101.58
102.75
100.27
92.16
89.68
94.55
103.86
99.60
96.81
104.27
109.42
109.24
102.65
97.80
97.94
92.79
87.65
87.76
88.59
96.88
105.87
110.58
109.17
108.52
110.91
112.72
105.59
99.51
99.74
101.38
96.32
92.99
94.55
101.90
98.99
94.76
97.34
96.35
94.61
94.82
95.95
103.36
107.12
102.91
100.29
105.83
108.54
108.35
107.93
105.00
93.73
84.61
83.53
86.65
90.67
94.88
95.95
94.81
91.17
87.20
85.71
86.15
87.55
90.21
98.50
100.65
97.64
100.92
101.63
99.86
93.14
94.91
105.50
107.33
108.59
111.17
110.17
103.93
93.39
92.26
100.41
98.58
98.15
104.95
107.99
107.02
106.96
101.14
91.15
89.16
88.82
88.00
88.87
90.04
91.33
90.10
94.07
106.38
112.63
106.74
104.64