99.69
94.86
92.54
95.19
96.12
93.65
100.53
110.56
106.61
103.44
104.85
109.84
110.60
110.37
108.77
109.48
112.00
105.44
90.20
89.67
92.15
90.11
91.82
90.33
96.07
109.31
108.32
104.80
102.38
105.34
107.85
102.58
100.03
101.02
97.21
99.82
99.56
98.37
99.45
100.59
95.84
95.51
97.53
98.38
98.87
97.53
97.57
98.98
103.51
101.43
103.93
107.09
107.83
104.65
96.51
93.66
96.03
92.01
88.59
94.39
96.96
93.74
98.26
96.77
98.25
104.05
106.59
103.96
96.48
87.90
90.14
95.56
104.10
103.07
92.46
91.34
92.28
89.20
87.45
92.79
106.94
114.67
113.12
100.54
95.61
102.56
109.44
110.85
104.08
97.47
90.08
87.72
89.29
98.58
110.44
115.37
107.84
102.52
100.76
99.66
96.75
94.36
96.06
95.72
96.11
91.57
93.73
93.17
88.48
86.93
90.59
91.44
89.85
93.78
93.85
90.29
89.97
90.21
90.68
90.00
92.85
93.54
90.91
90.34
96.25
98.84
101.81
100.76
93.09
92.72
98.57
107.18
108.71
104.36
98.79
95.74
99.87
103.03
104.01
97.51
94.42
96.09
92.30
93.85