103.38
98.73
95.14
90.87
88.18
87.45
86.97
90.26
91.88
95.74
94.58
100.93
103.27
102.53
98.01
102.03
100.22
90.89
87.43
94.40
105.36
107.42
100.45
100.42
98.37
91.09
86.64
88.88
93.78
97.68
100.00
102.25
106.95
111.68
109.87
107.42
98.00
96.61
104.28
102.99
97.08
100.90
101.15
96.90
89.56
86.93
86.33
87.45
95.00
109.13
105.97
100.47
103.95
107.67
107.43
107.68
101.83
94.42
91.77
93.03
91.52
90.19
97.16
110.19
109.50
98.72
95.52
94.83
89.41
87.08
92.83
101.48
103.11
96.78
88.03
86.00
89.33
92.30
93.04
96.44
101.76
99.21
102.01
102.14
98.60
92.01
86.58
85.31
85.67
85.84
89.03
92.30
100.27
112.23
112.65
101.32
86.58
83.36
86.48
91.99
93.74
91.84
95.96
99.08
97.19
95.80
98.46
106.35
112.04
110.54
103.07
98.75
104.99
109.08
104.80
94.94
93.56
96.56
93.79
97.09
103.71
111.20
109.38
106.61
102.50
103.64
107.50
107.46
102.12
91.34
85.76
88.88
97.81
96.97
91.85
95.40
103.89
104.47
100.19
98.18
104.78
104.12
100.74
99.36