96.60
88.87
88.23
95.14
107.24
106.88
101.99
101.56
96.74
95.17
100.23
98.77
101.22
99.94
93.03
90.04
92.60
97.05
107.02
106.86
99.47
88.82
88.98
99.33
100.23
102.26
107.96
112.31
112.49
106.24
99.36
94.04
89.95
89.15
90.80
91.64
96.99
106.77
109.48
109.09
109.49
108.59
98.50
86.66
84.39
85.72
90.74
98.93
111.37
110.68
108.86
104.44
96.07
91.34
89.19
89.60
89.22
91.45
98.87
98.60
93.79
98.76
103.14
107.28
101.21
91.81
89.08
90.64
100.60
103.23
95.14
86.93
91.43
95.77
94.53
93.08
97.88
106.99
106.13
102.27
100.54
98.02
99.52
101.27
98.07
98.01
102.87
108.41
110.50
108.79
97.30
87.28
85.52
91.52
96.75
105.70
108.50
109.43
101.04
87.92
83.72
87.99
92.02
98.51
98.05
94.04
89.25
86.49
90.44
97.30
105.04
110.32
108.75
105.70
100.67
99.66
102.33
104.61
103.25
101.24
103.48
108.79
104.10
101.17
105.13
109.92
104.22
96.08
90.86
95.91
107.64
113.06
111.91
109.19
108.76
106.96
101.03
91.57
89.07
90.54
97.66
110.04
110.91
109.82