102.58
101.91
96.93
91.61
93.54
97.23
101.21
108.96
107.14
95.16
92.58
98.98
99.93
102.20
102.98
100.66
99.97
99.93
104.65
104.30
95.25
89.96
95.42
96.53
90.78
89.60
89.89
90.14
90.69
91.82
98.98
108.17
112.19
109.11
101.63
92.79
91.86
97.60
97.71
100.08
98.67
92.12
86.53
85.33
90.13
93.70
99.65
101.28
102.72
103.51
103.57
103.98
96.41
87.87
85.84
85.97
88.19
99.23
105.26
110.76
109.17
99.04
97.16
96.15
97.65
95.45
98.42
98.08
94.32
96.30
95.34
100.55
101.61
96.68
95.94
102.38
102.70
103.91
97.58
98.67
105.59
110.94
104.53
101.37
101.19
102.98
105.77
109.66
107.20
102.01
92.17
86.24
86.18
93.74
97.86
100.79
99.30
98.15
101.59
104.45
105.99
109.58
103.46
97.89
94.74
98.53
103.67
105.74
108.22
110.44
111.24
107.87
106.25
101.13
96.09
97.51
94.83
91.88
97.05
96.00
99.53
97.20
97.39
94.00
96.62
102.68
103.51
101.43
105.10
111.66
108.14
103.44
97.54
96.66
102.32
106.99
108.35
100.36
97.46
105.27
104.13
93.04
92.34
95.09