101.75
100.58
103.79
109.88
112.47
108.01
95.62
91.19
97.04
101.81
108.48
107.44
96.12
92.50
102.76
102.54
101.47
107.11
112.19
113.35
111.02
101.45
87.31
85.07
90.63
94.89
92.50
88.54
87.21
86.67
87.55
93.30
100.14
105.05
109.09
102.25
91.21
94.06
100.71
101.68
100.97
99.82
99.90
97.30
91.01
87.89
88.54
98.30
104.02
106.35
101.48
103.14
109.71
114.06
111.98
99.67
93.75
101.18
102.13
104.80
109.14
112.04
109.07
95.91
86.41
85.61
91.85
106.29
112.59
107.82
95.63
89.25
92.96
105.53
113.97
114.64
111.51
109.30
101.65
97.27
99.33
104.97
105.66
104.21
96.67
92.99
95.58
99.26
100.61
99.10
94.48
92.97
90.30
86.56
91.05
99.55
108.22
103.01
92.74
91.88
93.33
89.69
92.16
91.42
88.68
88.44
90.79
93.72
99.07
98.26
91.01
93.59
106.61
109.13
100.38
90.11
91.80
92.22
90.69
88.28
93.66
106.79
113.21
115.25
114.94
108.04
97.46
90.45
93.08
104.99
103.96
103.39
104.01
97.58
98.07
95.24
87.76
85.88
92.31
105.56
114.46
111.59
98.96
87.67