102.15
96.88
93.39
92.85
90.31
90.81
89.50
92.70
106.04
114.76
111.86
106.13
96.03
94.66
103.80
106.50
98.32
87.55
88.45
98.64
100.12
98.58
93.78
91.14
87.99
88.71
88.33
88.48
89.85
90.12
98.76
103.93
96.40
91.47
96.94
105.46
101.13
100.97
98.16
99.98
98.86
100.32
97.46
100.72
103.73
95.71
88.09
93.69
106.90
109.63
110.25
103.04
90.56
88.05
91.91
93.02
96.48
103.41
106.68
99.40
94.66
101.67
111.32
106.68
97.85
89.80
90.55
89.76
92.04
100.15
111.49
106.81
91.24
86.09
93.34
108.08
114.67
107.92
101.72
105.90
112.44
114.65
114.07
105.07
87.40
85.42
89.16
88.26
87.07
92.32
101.30
104.17
98.47
97.84
103.16
98.59
97.27
93.91
95.35
105.02
109.00
103.37
97.68
97.93
96.10
93.39
92.14
92.30
94.32
103.99
108.97
108.35
106.80
101.91
92.68
92.98
93.01
92.50
90.76
95.65
105.62
107.61
103.06
100.85
95.24
90.71
88.00
91.13
99.54
102.73
105.35
106.30
100.77
92.93
87.49
93.62
102.42
110.48
112.21
111.92
104.41
97.18
101.36
104.98