97.61
90.56
96.81
104.74
98.15
98.23
103.02
107.07
102.78
101.48
99.13
94.82
95.67
98.16
98.56
92.64
87.35
88.66
98.34
98.40
99.37
103.24
101.79
93.30
87.08
87.64
91.17
97.09
106.34
112.90
110.90
104.13
92.59
85.74
91.06
100.09
102.49
94.27
95.68
105.14
107.36
104.94
104.75
98.78
88.75
85.11
85.78
86.39
88.77
97.95
106.89
111.16
106.72
94.72
91.42
90.39
95.37
94.20
94.01
100.97
109.48
113.15
111.76
108.42
107.37
102.76
97.16
89.66
87.56
90.09
96.96
98.14
95.01
99.93
106.56
100.84
98.34
103.12
101.29
102.81
102.75
101.63
94.38
90.86
88.59
87.42
89.32
93.94
104.27
102.02
96.77
93.68
100.78
107.30
103.52
98.64
99.03
97.49
95.45
89.84
87.13
87.70
87.57
89.54
90.03
94.00
100.75
105.59
108.63
108.82
102.84
91.14
90.48
103.21
114.11
116.57
113.30
108.78
104.85
101.87
102.02
97.06
99.41
108.02
104.55
100.18
101.26
101.31
103.31
105.39
104.32
105.11
105.19
104.49
96.96
89.21
89.26
91.18
93.85
97.78
94.93
99.73
98.43
99.83