97.07
92.39
97.95
102.17
101.99
107.58
108.46
105.76
107.55
112.02
111.46
101.80
92.75
91.32
91.73
95.78
98.89
99.83
103.22
105.49
98.00
93.36
98.11
106.66
103.79
95.07
87.60
86.20
87.42
91.26
94.15
93.56
96.83
97.63
96.25
97.47
92.65
95.63
108.02
113.23
105.09
93.23
96.23
99.88
92.38
92.01
93.28
90.52
89.53
91.80
92.54
100.55
101.76
97.16
99.73
107.34
111.60
107.10
100.89
91.48
85.81
90.05
102.20
110.69
112.56
113.39
109.40
95.65
86.64
92.76
105.57
109.29
111.26
111.23
104.14
95.47
96.33
106.23
113.48
113.70
107.98
93.16
89.11
101.10
113.29
116.18
108.26
101.28
95.35
96.14
95.94
101.36
106.69
108.33
101.22
95.00
101.25
101.86
92.54
85.67
89.97
99.63
101.53
96.81
97.29
94.08
98.45
107.69
113.29
113.35
105.61
100.11
96.38
91.63
94.30
96.04
92.80
91.08
95.09
104.12
112.16
113.73
113.30
112.92
108.46
95.78
92.46
92.00
95.28
96.12
93.61
89.40
87.68
86.84
86.21
87.98
90.88
97.73
104.75
111.69
115.37
116.16
114.35
107.67