99.58
92.52
96.79
110.42
115.72
107.91
93.71
89.29
90.81
99.83
103.97
102.35
103.11
98.99
99.89
96.14
93.23
97.86
96.09
93.16
93.66
102.21
110.64
109.70
97.84
87.51
84.58
87.03
93.49
102.56
103.45
100.45
101.90
108.83
104.00
93.36
91.59
99.82
107.13
112.16
106.57
90.72
85.12
91.58
99.27
104.38
97.72
91.68
94.78
98.64
93.75
89.22
91.18
95.07
97.49
96.66
94.03
89.85
90.49
90.28
87.98
87.75
93.20
94.80
97.89
107.89
113.08
112.00
111.14
109.37
100.35
97.23
102.42
101.85
102.38
105.97
108.41
110.42
102.39
94.33
97.89
98.66
100.92
103.20
104.13
108.39
105.82
104.96
109.28
108.76
98.04
95.32
105.79
107.23
103.89
104.91
106.18
97.53
95.88
104.34
108.92
107.69
103.22
98.87
99.58
95.91
96.34
105.75
112.04
108.34
99.00
93.53
90.21
90.09
88.51
93.57
96.60
100.32
97.50
100.58
109.21
108.02
95.12
85.47
87.64
97.46
108.87
111.97
113.33
110.22
101.56
95.12
95.00
97.80
95.98
99.87
109.13
111.63
105.21
100.88
105.82
106.46
101.47
97.22