96.77
88.05
89.21
94.09
99.76
102.45
108.46
104.52
100.47
93.59
86.31
87.36
88.86
91.54
101.70
113.60
116.34
112.81
108.22
104.61
102.18
105.27
101.70
96.18
93.03
94.66
93.84
92.56
100.34
111.73
114.22
107.28
101.90
96.14
87.75
88.26
99.43
105.54
108.28
102.93
90.88
91.23
105.19
110.06
104.94
101.29
103.44
105.30
97.31
88.11
88.55
88.80
91.18
98.82
109.34
107.36
104.51
98.66
92.80
89.77
91.57
102.81
104.60
106.45
103.26
104.95
109.27
105.60
93.14
84.45
86.66
98.37
111.53
109.54
97.57
87.46
85.55
86.83
94.84
106.87
114.40
115.34
106.48
99.13
100.09
100.50
92.96
87.91
89.83
100.96
106.95
99.48
93.27
95.05
96.37
99.25
99.31
96.01
92.94
88.13
88.92
92.15
90.47
87.80
87.90
87.66
88.61
92.12
93.96
98.11
104.88
105.76
104.41
102.03
102.91
99.33
92.19
87.83
93.44
100.90
105.68
102.19
100.59
101.99
106.15
110.34
111.28
111.49
111.65
103.15
91.25
87.77
91.30
97.94
103.63
99.10
99.64
96.05
89.42
90.28
98.85
99.68
104.09
111.54