99.36
96.41
99.15
97.31
101.07
106.29
102.90
98.29
98.36
99.49
100.09
92.94
91.14
100.95
103.59
103.71
104.92
107.38
106.11
97.01
95.26
97.27
96.40
92.28
94.00
94.60
94.81
102.24
106.02
99.14
91.86
91.78
91.12
91.08
100.30
106.23
109.21
107.39
96.93
88.55
85.57
87.54
96.90
110.40
105.59
92.81
85.43
88.20
91.39
89.72
94.46
106.72
108.93
101.43
95.20
90.44
87.57
86.44
90.79
96.84
94.05
95.25
104.69
113.59
109.81
103.21
100.52
95.82
97.43
99.50
92.93
95.66
95.31
94.29
98.09
103.39
102.08
102.49
103.88
97.59
98.23
101.88
107.95
112.79
111.05
108.33
109.42
111.49
113.08
111.04
100.26
92.20
95.87
101.34
103.23
95.47
86.67
87.04
92.43
103.56
106.66
109.97
109.24
109.61
110.49
109.65
101.67
97.20
95.86
90.15
90.30
92.21
94.69
100.40
109.05
113.56
111.16
100.96
91.91
97.61
97.42
95.70
99.28
108.33
113.16
111.31
109.42
105.70
100.29
96.07
99.47
103.70
106.23
105.43
99.49
89.95
85.27
85.67
91.42
94.04
91.18
97.14
100.37
99.76