98.98
93.02
91.71
94.81
93.44
94.57
92.44
89.83
94.28
93.66
92.64
91.48
91.98
95.23
99.84
105.02
108.85
111.26
109.19
103.03
101.73
96.40
95.31
99.85
98.20
96.90
93.38
97.12
98.59
104.50
100.00
88.46
84.65
85.58
86.53
89.77
93.44
103.00
105.01
97.81
95.60
98.98
104.17
110.09
104.29
92.01
93.62
103.45
108.84
112.23
111.17
101.28
87.60
86.64
94.95
104.40
110.40
106.62
101.92
105.44
109.30
108.72
100.85
99.34
107.44
109.32
105.74
106.01
102.91
103.92
102.22
94.55
94.56
101.92
100.56
96.42
101.75
101.08
102.46
103.55
105.71
102.69
97.68
96.18
91.30
87.29
91.38
103.80
114.50
113.73
110.12
99.49
95.35
92.56
94.53
96.78
96.06
90.13
89.33
92.70
104.24
105.93
102.92
96.20
96.10
103.35
101.07
99.64
101.95
99.60
94.54
88.14
85.86
88.28
88.79
92.17
100.97
99.31
99.32
99.08
100.31
104.41
107.64
108.32
101.12
89.54
84.21
84.11
85.95
86.89
91.73
106.07
104.24
93.00
94.06
107.10
107.99
106.83
102.99
96.23
90.89
88.87
91.78
99.40