100.56
94.45
93.80
100.57
105.64
104.89
96.36
90.76
95.77
103.80
109.63
103.08
100.31
96.85
91.24
94.62
97.07
98.46
100.08
106.98
110.69
109.53
102.51
93.71
96.43
97.74
91.31
85.61
87.97
89.79
89.23
89.90
89.51
94.25
97.46
102.18
108.71
108.21
107.96
100.34
88.18
86.61
96.34
101.91
94.61
91.50
88.84
91.58
95.44
96.34
98.86
105.42
110.02
106.11
102.60
103.88
103.63
104.04
108.53
106.48
104.99
98.17
93.63
90.95
90.33
98.84
109.28
111.71
102.49
93.55
87.82
87.27
89.91
89.26
94.92
104.33
100.21
100.31
100.11
101.83
101.67
96.52
91.03
91.51
99.02
101.90
96.88
98.06
101.71
106.06
108.32
105.92
104.46
96.34
92.41
101.08
110.17
106.91
97.13
87.77
84.73
85.51
91.21
108.26
111.56
112.15
112.95
106.59
91.08
87.63
88.48
87.33
86.41
87.80
96.31
111.06
111.97
108.16
96.25
88.47
93.73
100.71
104.13
107.98
111.54
105.86
96.43
89.21
88.04
91.73
98.74
101.42
106.21
101.48
99.80
104.23
103.51
98.71
91.91
86.56
87.57
93.09
97.07
97.55