97.15
89.65
95.34
101.19
94.34
87.40
91.96
98.10
100.62
102.57
103.67
95.64
96.67
100.50
103.70
100.12
95.10
93.54
90.57
86.42
90.57
100.79
104.19
103.13
103.25
99.65
102.62
104.59
107.64
103.11
100.16
102.83
106.64
108.32
109.48
110.23
105.90
92.25
89.40
94.25
104.53
111.71
114.06
109.06
95.47
91.19
90.24
89.44
93.29
103.81
103.47
93.80
89.17
90.78
99.02
99.88
98.31
101.40
102.19
101.46
94.15
91.32
92.35
91.50
90.12
88.89
93.06
100.02
105.21
101.26
93.59
95.80
99.17
101.46
97.51
96.42
98.13
106.00
111.94
107.00
93.14
85.44
90.48
95.03
103.61
103.28
105.72
104.98
99.01
90.80
89.50
99.85
100.95
103.89
101.82
100.91
94.57
91.71
91.96
97.22
94.47
90.96
90.58
91.34
90.59
96.76
98.69
104.86
104.74
97.37
92.91
98.91
98.15
100.42
106.92
112.55
108.74
104.29
104.27
104.64
99.13
94.15
97.29
107.73
109.87
111.03
107.34
94.51
88.30
92.89
92.81
98.09
107.87
113.48
107.25
98.99
95.41
99.88
101.19
94.89
90.76
96.08
107.44
114.74