96.61
88.56
90.41
105.00
108.82
105.27
107.08
110.89
108.99
106.85
105.73
99.06
97.47
104.94
112.28
110.77
100.10
92.01
87.00
86.18
92.83
106.25
107.26
98.43
89.34
92.46
98.25
100.00
104.81
111.88
113.12
105.10
97.20
98.92
101.24
94.99
87.61
86.32
94.29
102.23
106.40
108.39
109.69
108.50
101.85
90.56
86.40
88.61
92.71
91.40
90.96
96.48
108.82
106.58
94.83
90.80
91.15
96.09
100.63
96.85
98.49
104.83
108.84
107.81
109.12
108.95
109.31
104.47
101.58
102.06
99.68
102.93
106.04
103.27
102.44
96.92
98.06
102.34
106.44
105.79
107.93
106.13
102.57
102.14
102.34
104.39
105.95
109.48
110.54
105.38
96.22
88.22
88.25
91.27
95.50
105.40
108.50
99.00
93.83
97.11
99.50
104.85
110.97
112.99
106.13
95.48
89.22
88.75
91.36
90.06
90.16
90.90
89.63
88.63
93.32
107.48
111.31
109.32
109.72
102.80
90.23
87.79
98.10
99.72
94.40
99.09
98.43
102.46
99.51
101.86
98.53
96.23
95.58
92.18
87.87
93.26
100.22
104.97
106.67
99.43
89.65
85.03
85.51
86.12