102.75
103.77
102.13
103.84
108.06
110.72
103.24
89.74
85.13
88.30
100.04
110.30
115.07
108.38
95.83
94.94
105.80
113.39
112.71
111.44
105.24
95.74
96.56
105.79
107.04
97.03
95.60
93.81
88.39
88.96
88.57
87.91
94.57
96.25
102.24
108.48
103.00
96.32
100.38
98.70
100.47
101.03
99.42
97.78
102.79
99.56
90.87
90.41
94.71
94.20
92.20
89.91
91.51
98.43
108.52
106.83
100.89
100.50
99.93
94.77
98.30
100.93
95.06
89.13
92.36
94.36
97.88
104.94
109.48
109.53
104.37
96.68
90.42
93.29
105.94
104.47
104.21
99.50
100.84
105.52
108.80
106.84
96.78
96.30
103.28
102.88
92.27
91.86
100.63
107.14
111.54
113.90
106.27
96.38
98.09
104.24
110.23
112.70
112.49
102.39
91.43
85.67
87.82
91.00
89.64
93.38
95.40
92.11
94.89
95.39
96.89
103.09
100.58
102.81
103.42
96.01
89.09
87.17
88.25
93.67
99.68
98.18
96.39
90.90
86.19
90.76
94.82
102.27
99.75
98.09
93.43
89.19
89.80
93.12
96.88
104.16
100.80
98.50
100.08
106.43
106.77
105.10
101.20
96.93