97.84
94.71
95.92
94.82
93.97
93.75
90.82
97.26
97.68
94.46
100.08
108.91
112.57
105.11
93.78
93.58
99.99
108.68
110.76
103.20
96.34
94.01
94.91
92.96
98.44
102.23
105.67
108.11
108.09
107.93
101.87
101.29
96.68
89.56
88.71
95.61
98.21
100.39
102.03
96.10
95.40
98.39
105.46
106.09
99.17
94.92
91.47
94.99
97.04
94.45
89.88
90.21
92.72
90.87
95.78
99.44
93.75
95.82
102.93
104.07
106.70
109.02
110.16
101.46
94.04
89.25
89.09
88.45
90.64
89.71
88.46
93.60
98.09
105.92
109.68
103.96
91.86
91.38
97.05
102.79
106.08
103.69
97.27
90.73
90.95
99.58
101.04
105.54
106.93
109.48
112.70
111.92
107.39
96.58
95.12
98.74
96.04
90.09
90.61
95.50
102.87
111.52
113.07
106.70
100.20
92.95
94.40
100.27
100.73
92.73
85.61
85.93
92.64
101.04
108.49
114.01
113.45
108.61
106.50
102.38
91.21
89.95
90.19
95.04
100.06
95.44
93.16
93.27
91.38
87.88
90.54
98.30
106.98
110.50
108.51
109.30
111.75
109.98
100.36
87.47
84.18
88.39
98.05
105.80