100.17
98.15
105.85
113.20
114.30
109.03
104.89
107.79
109.20
109.05
108.05
104.68
100.12
90.60
89.47
100.47
110.70
114.00
109.37
101.46
95.91
101.36
106.28
104.03
102.98
103.93
108.60
112.98
111.63
100.09
85.87
86.44
93.33
100.51
110.33
111.63
104.90
95.52
86.91
87.34
93.99
94.65
91.18
94.05
94.90
96.79
93.39
97.73
109.06
107.82
105.29
108.49
108.46
98.07
88.20
85.38
86.53
86.65
92.26
98.56
99.03
94.99
88.47
87.48
90.65
91.59
96.49
102.04
100.22
92.05
86.32
85.25
85.26
86.28
88.75
93.18
100.13
96.63
89.27
91.20
103.31
107.49
100.39
92.74
96.79
102.45
102.12
100.55
105.18
100.41
89.70
92.13
96.60
103.60
101.61
90.97
90.98
90.88
93.91
105.07
113.03
110.50
101.19
91.82
91.89
99.69
109.34
114.23
110.39
95.64
90.10
90.50
95.79
95.14
94.73
100.55
110.55
114.10
114.66
107.49
94.88
93.15
94.69
94.07
88.92
85.57
87.64
97.73
112.36
117.53
110.46
101.92
91.39
88.16
88.05
94.46
99.51
107.39
113.08
109.55
101.35
99.39
95.65
87.74