103.21
101.26
98.78
102.38
100.31
100.99
106.61
110.27
112.41
111.01
100.63
90.47
91.90
100.92
105.84
109.59
104.03
95.75
97.41
96.68
99.64
99.31
97.72
95.36
89.29
91.87
105.20
107.48
104.48
98.62
90.15
87.89
88.10
92.64
94.96
95.99
91.75
91.20
100.13
99.22
102.72
99.51
93.54
89.19
87.04
87.77
89.67
94.19
94.72
100.26
105.18
99.50
97.07
94.94
92.18
88.46
90.09
91.67
92.56
92.64
97.72
109.09
107.94
107.74
110.92
108.77
104.53
105.00
99.43
88.44
86.20
87.84
88.53
90.17
89.66
94.57
95.78
101.47
103.67
98.11
89.87
94.53
102.41
106.44
100.45
89.77
87.31
89.43
91.46
90.71
92.07
99.01
98.16
92.13
89.85
97.05
102.95
108.94
112.42
106.91
96.26
87.43
85.91
86.21
87.89
87.81
86.94
86.85
89.55
91.35
92.10
96.08
106.38
112.15
113.16
112.02
108.51
102.99
101.23
103.70
109.38
107.47
101.73
99.62
105.44
105.62
104.05
98.56
96.36
96.51
90.63
92.09
104.07
114.01
108.79
101.57
98.32
91.92
93.43
99.33
102.18
102.66
95.91
87.25