102.25
100.40
97.12
100.50
97.75
91.84
95.27
100.87
102.13
94.64
86.82
87.81
96.87
99.87
92.68
86.79
90.62
102.50
105.11
100.98
91.82
85.84
89.72
94.03
96.27
104.92
113.02
114.14
108.69
94.14
89.65
94.23
95.64
93.54
90.51
94.33
105.88
105.88
100.49
99.68
106.79
111.80
107.09
99.60
100.42
101.64
100.27
98.47
92.10
86.43
87.03
90.89
103.16
107.15
101.24
92.76
92.70
94.13
91.01
94.33
103.22
111.07
113.57
114.04
109.59
98.79
93.12
100.54
107.49
108.40
102.93
96.62
92.00
90.47
89.47
91.81
94.21
100.55
106.10
107.37
98.75
94.73
102.02
111.56
106.49
101.64
97.65
101.97
110.46
112.43
106.86
94.93
86.60
86.89
96.85
98.94
94.02
96.15
98.57
96.62
97.62
95.54
91.04
97.06
96.63
94.98
95.63
102.98
102.50
95.69
88.67
89.11
92.07
92.79
90.48
87.91
89.43
89.43
88.52
87.28
89.83
101.90
104.43
103.57
106.48
110.59
109.22
98.55
88.57
90.95
93.51
95.41
102.87
106.38
110.35
112.25
110.94
100.76
86.63
83.61
86.80
88.43
95.79
99.04