101.67
94.98
91.00
93.17
99.78
101.40
95.82
99.05
104.93
104.10
101.25
95.84
95.67
101.12
103.11
101.46
100.49
96.02
94.47
100.54
99.39
92.18
92.29
95.29
92.12
97.26
100.25
95.66
94.67
101.34
101.73
92.20
85.33
90.07
93.88
102.67
108.09
100.53
98.57
98.42
101.30
108.87
109.11
101.68
98.25
98.04
100.70
107.07
110.44
109.90
106.96
106.97
100.98
90.42
87.41
95.76
109.79
109.02
106.92
107.80
109.49
111.36
109.71
107.10
104.27
104.84
97.89
88.13
84.46
88.75
94.71
104.32
105.12
103.51
104.67
109.99
109.04
104.89
93.84
91.35
91.48
95.47
105.04
107.52
109.73
106.12
94.66
94.76
102.36
105.24
102.09
95.53
97.96
95.19
98.41
103.52
103.35
97.68
97.60
104.86
104.14
94.02
88.34
87.86
90.99
95.86
96.67
92.98
90.65
96.04
98.65
92.45
92.65
103.01
107.12
106.46
100.36
91.84
93.23
100.44
103.39
101.43
105.12
103.15
101.66
99.22
103.63
107.99
100.64
97.29
104.13
110.77
113.73
109.68
104.60
94.96
88.31
92.04
100.85
108.70
111.17
104.88
96.38
96.72