97.16
90.36
99.93
113.61
117.08
116.68
107.36
93.92
91.56
90.92
86.82
86.67
94.92
109.89
110.66
98.76
96.00
106.47
108.65
105.21
101.15
98.91
92.56
89.02
93.34
102.39
102.91
100.20
103.25
100.18
100.01
96.99
91.03
87.51
89.53
100.98
113.11
115.70
110.74
98.20
93.00
97.62
94.75
96.54
100.93
104.26
103.69
102.42
98.46
97.08
101.70
103.92
97.04
92.31
94.55
92.34
94.20
94.57
93.60
96.12
100.83
108.00
109.19
99.82
95.98
99.06
96.60
100.67
98.81
90.66
91.16
90.97
96.67
99.41
93.91
93.90
103.04
101.40
94.71
87.65
85.61
89.48
91.49
89.63
88.38
87.19
89.96
101.90
115.93
118.87
118.15
109.48
92.16
84.36
84.99
86.31
88.04
96.10
112.81
108.99
100.08
101.60
103.51
98.61
89.50
90.13
101.97
109.08
105.67
96.41
95.41
102.86
105.26
102.11
98.12
101.55
108.90
111.62
103.25
93.23
89.01
92.85
96.38
98.46
103.64
103.46
95.50
94.19
104.61
105.41
105.06
107.78
110.07
111.13
103.57
88.66
87.51
93.24
99.78
104.48
103.59
100.84
99.39
102.57