100.78
94.43
99.98
109.27
108.63
102.77
91.38
84.72
85.36
89.30
99.62
109.67
109.57
109.93
109.44
100.08
91.81
88.07
87.07
94.22
101.44
105.44
105.83
107.12
108.27
108.09
104.21
99.60
103.64
109.79
111.54
106.41
93.82
89.17
94.21
98.95
94.80
97.65
102.00
108.60
110.55
110.15
108.58
109.47
105.94
95.52
91.89
99.58
100.62
91.81
90.07
100.88
109.94
104.86
90.73
84.87
89.09
100.10
111.91
113.48
113.21
111.27
102.53
94.55
91.28
90.58
93.88
99.64
103.11
102.19
96.07
98.86
104.24
98.24
93.53
95.16
96.04
93.52
98.90
107.75
102.46
90.78
88.82
94.77
94.43
96.09
105.98
112.06
111.88
111.53
109.88
109.47
109.48
109.35
110.15
107.91
103.72
94.92
87.89
90.05
95.50
100.83
105.10
100.39
97.39
97.57
103.31
106.53
107.56
107.43
101.43
92.75
90.38
98.19
104.86
108.88
102.01
93.11
92.21
93.44
93.39
92.51
100.41
103.79
108.51
108.08
102.88
97.76
99.60
106.76
101.55
98.02
94.30
89.69
87.18
90.02
90.32
93.80
105.18
113.23
111.98
99.57
87.68
85.16