103.14
108.91
114.91
112.10
97.88
93.71
98.41
98.93
103.53
102.31
92.47
87.15
92.67
97.32
99.58
98.26
94.46
94.40
99.43
98.79
99.52
105.55
110.41
105.07
102.61
102.01
93.53
88.91
93.83
95.71
92.68
93.88
96.53
99.61
99.81
102.94
101.86
105.28
109.17
106.23
102.71
104.82
99.26
87.24
88.87
102.36
105.75
103.93
98.32
97.22
99.40
100.23
102.08
107.92
112.43
111.90
105.32
98.47
100.35
103.81
99.37
91.52
86.46
89.56
94.60
95.27
102.53
107.42
109.35
109.44
107.96
106.18
105.27
108.27
105.47
94.33
89.41
91.92
92.21
93.74
90.86
88.33
86.44
91.05
107.15
109.40
100.48
88.04
87.31
89.13
89.65
92.49
93.20
89.67
86.62
85.51
87.91
92.31
96.51
98.80
93.74
87.27
85.31
87.60
93.14
95.55
96.13
101.63
110.46
114.39
115.50
110.53
97.66
94.12
104.26
106.12
107.75
108.68
109.83
103.58
91.20
86.96
87.28
92.72
97.57
106.86
103.16
95.26
96.17
106.22
107.98
98.19
92.03
93.53
103.20
111.20
110.03
103.27
100.03
105.76
103.07
97.85
91.66
92.26