102.15
97.80
94.45
90.76
95.25
105.44
112.92
114.66
111.74
100.50
87.63
85.86
87.45
92.32
100.93
109.52
109.52
98.86
96.93
106.86
114.32
112.40
107.05
101.47
96.30
89.60
87.03
90.80
95.67
100.18
108.17
114.32
109.29
100.99
102.67
107.41
110.29
109.09
104.57
96.25
96.58
100.45
105.57
110.76
110.99
109.14
107.59
106.98
99.34
89.13
89.81
89.91
90.45
97.60
97.12
94.14
100.27
99.63
101.04
100.39
93.12
86.58
85.04
87.55
90.83
90.23
88.15
87.03
86.69
88.70
95.95
103.90
103.95
95.18
86.62
85.57
90.27
92.64
95.75
100.42
107.08
112.02
105.30
93.18
87.39
90.65
97.70
107.18
102.77
97.36
98.06
102.91
109.04
111.81
113.55
111.93
108.52
100.17
93.94
88.33
86.01
86.28
91.19
101.90
107.32
109.32
108.59
103.69
92.02
86.96
92.87
106.75
111.00
110.78
109.62
101.97
91.73
88.27
88.80
92.11
98.04
99.39
97.32
95.63
102.37
104.25
98.57
88.93
91.10
95.51
93.72
88.72
90.90
93.09
92.82
91.81
98.64
101.53
99.59
100.39
101.94
102.29
100.55
96.67