99.67
92.92
95.40
96.72
100.32
100.60
105.54
108.87
108.21
107.80
110.65
107.74
102.12
96.99
94.19
101.11
105.63
102.48
104.29
106.10
108.31
106.07
104.69
107.62
106.84
105.11
107.16
107.14
101.87
99.43
95.06
90.26
93.30
98.88
105.00
103.64
99.50
98.33
101.28
103.95
101.34
96.04
90.89
95.42
98.80
99.56
98.24
102.93
104.97
100.07
96.31
91.16
87.29
85.75
89.50
101.04
111.87
105.87
96.27
88.33
89.36
94.82
104.43
104.02
102.74
102.12
105.56
100.90
90.84
91.60
92.43
88.56
89.41
90.32
92.31
99.46
110.19
113.15
114.17
108.91
97.61
88.42
93.33
100.49
102.69
101.16
104.54
107.52
101.45
92.03
93.62
93.19
98.99
110.63
111.51
106.49
94.10
90.53
91.73
89.76
94.84
104.37
109.66
103.63
90.16
90.43
102.95
103.45
101.28
93.65
87.70
86.97
91.33
96.11
95.76
90.73
92.81
96.66
102.96
99.84
100.03
100.38
105.79
104.22
99.42
95.17
88.72
85.41
89.73
94.42
99.72
108.49
105.46
101.93
102.24
107.57
111.29
109.58
99.56
92.58
97.85
97.37
90.45
86.62