101.49
98.28
97.53
92.54
95.00
102.21
101.47
95.54
87.91
87.17
91.55
101.77
99.59
92.42
95.22
94.32
98.96
108.09
107.00
107.10
108.33
107.71
97.55
87.41
86.43
88.63
89.37
90.68
95.02
99.68
106.11
112.07
108.45
103.03
103.56
99.66
92.83
92.58
90.81
92.00
90.82
92.50
103.99
111.70
105.46
94.72
90.16
93.75
105.72
109.69
108.68
100.01
91.98
95.43
96.30
92.49
96.69
99.06
93.71
94.94
105.99
114.43
110.33
105.90
107.23
106.05
94.54
90.91
90.98
93.85
96.37
98.99
100.11
102.31
99.86
95.34
97.89
100.17
99.04
97.41
102.84
108.11
111.63
113.05
109.67
100.85
96.29
96.20
94.02
97.82
103.25
103.49
96.17
92.61
99.61
107.40
111.58
112.26
109.36
97.48
85.64
88.27
102.43
111.43
106.04
95.64
94.73
94.17
88.42
90.13
91.16
90.44
95.26
107.23
108.61
99.84
88.69
85.82
92.06
97.31
104.32
104.00
102.91
102.93
96.36
96.34
99.83
97.22
94.13
97.53
104.57
110.40
107.75
95.73
89.02
89.59
93.42
91.38
94.23
93.57
97.37
97.79
101.74
97.91