98.98
92.74
97.12
104.28
104.42
102.29
105.83
107.41
99.47
95.94
98.05
100.63
96.31
90.08
92.71
95.36
96.23
100.14
104.85
103.39
95.70
88.08
90.79
103.49
110.53
106.25
103.68
102.20
100.23
102.03
108.49
113.79
113.28
103.87
94.17
90.69
94.87
105.15
110.71
110.75
109.31
109.09
101.53
98.07
102.61
109.39
107.02
95.68
93.93
103.37
108.22
104.69
95.73
93.09
91.11
91.50
99.48
109.81
107.14
101.23
91.51
90.95
98.15
104.98
109.97
111.76
107.45
96.30
92.14
89.31
94.27
106.58
106.34
98.48
97.58
99.80
97.06
96.27
97.04
97.60
97.99
98.95
100.96
96.75
94.51
93.85
92.64
91.48
98.25
103.93
104.93
98.98
98.12
98.66
103.88
101.14
99.37
103.44
98.92
90.24
93.31
104.60
112.76
110.27
100.04
92.68
89.41
86.62
86.21
86.82
86.55
86.09
90.36
100.91
112.67
116.63
113.52
110.94
111.77
104.76
97.88
95.09
95.55
92.19
94.75
103.15
101.32
99.13
95.83
100.49
101.70
100.72
97.59
100.06
100.93
102.08
97.57
88.59
85.79
90.47
102.48
110.81
113.39
110.90