98.62
97.73
99.10
94.82
89.80
86.72
87.00
88.71
89.58
91.19
100.32
107.44
104.58
98.93
90.86
91.21
92.95
89.22
90.38
96.74
100.90
101.99
106.15
109.89
110.70
105.32
102.09
100.05
91.33
91.48
102.31
110.00
112.82
107.72
104.25
108.04
102.66
88.47
83.30
84.53
88.00
90.78
98.60
99.78
103.99
110.30
107.79
104.05
102.13
94.80
93.71
101.40
109.98
112.93
106.20
91.69
90.95
92.05
88.64
90.55
102.99
112.99
115.49
112.40
106.13
97.56
98.62
102.66
102.37
100.65
101.77
105.66
101.86
97.54
95.50
89.92
91.25
103.39
105.31
107.26
108.46
110.86
106.25
103.34
100.96
98.65
91.02
90.69
98.27
108.54
109.14
100.67
88.70
85.79
86.13
87.40
95.34
107.77
105.30
98.86
97.20
95.87
101.28
103.78
102.67
106.29
112.10
113.66
106.94
103.09
97.15
95.86
101.60
104.65
108.04
105.70
99.43
94.94
99.64
97.47
90.43
85.52
85.46
86.51
88.30
93.19
96.02
98.52
95.93
99.98
105.41
99.53
94.10
90.10
92.37
92.00
90.72
91.33
96.59
98.82
100.98
107.61
102.72
90.76