98.73
93.58
91.82
93.94
102.20
107.64
110.44
108.06
104.70
102.82
104.82
108.64
103.50
99.33
98.26
94.76
93.95
93.01
99.25
108.71
106.75
98.77
97.80
105.71
106.53
104.95
95.62
89.40
93.74
102.46
104.44
100.36
103.05
109.23
107.91
100.69
90.67
91.90
94.60
96.80
104.56
104.05
104.09
98.31
88.84
88.74
95.03
104.46
110.92
111.43
111.16
107.65
102.63
102.16
101.13
103.11
100.82
101.72
103.86
101.58
100.52
95.93
96.17
94.11
90.29
94.46
103.84
109.10
111.45
110.18
108.03
102.93
101.24
95.68
96.74
94.63
88.12
90.22
94.77
101.25
101.10
95.35
88.06
85.75
88.93
95.41
107.91
111.67
103.41
92.00
86.92
85.81
85.44
88.64
92.96
91.90
89.44
91.79
92.86
89.73
87.67
91.73
99.74
110.06
110.18
110.77
104.59
98.82
91.97
93.11
96.82
101.55
98.23
92.06
86.71
87.09
89.83
93.88
106.01
108.44
98.87
89.80
89.80
99.16
110.85
115.78
111.83
101.90
94.30
99.82
103.17
106.98
103.91
94.75
89.16
88.48
93.30
99.58
104.04
106.50
109.67
111.00
104.21
93.39