100.87
94.39
98.54
110.08
111.66
103.71
92.64
85.66
90.03
103.94
107.20
109.24
103.72
94.39
95.12
93.01
93.53
101.88
99.82
93.26
93.32
92.53
89.96
86.89
86.98
90.30
96.95
107.41
105.97
97.99
95.27
98.35
107.23
104.31
102.60
101.37
96.95
90.94
86.10
86.53
95.00
109.53
110.19
104.41
92.10
86.11
92.31
96.15
95.77
99.65
98.29
98.17
94.20
94.76
101.21
98.36
99.30
107.71
110.70
110.92
107.12
98.71
95.48
103.27
102.17
99.71
102.91
107.06
100.88
96.40
91.17
85.97
87.65
96.97
102.67
102.37
104.33
109.78
112.25
105.02
92.79
89.46
90.55
88.89
94.74
102.07
109.44
110.10
110.89
110.34
104.19
90.62
85.32
89.44
90.49
95.82
94.94
100.35
109.80
109.72
109.71
109.20
106.57
100.43
99.52
99.29
93.53
96.02
105.10
112.23
107.19
93.74
85.77
89.03
97.50
104.33
98.79
94.68
97.42
101.63
107.11
105.92
106.53
111.08
107.86
97.65
87.77
86.67
86.67
90.74
98.80
104.80
99.50
97.14
100.44
104.65
103.59
102.81
98.78
93.24
87.70
86.24
90.07
103.70