97.55
88.00
85.78
86.86
89.02
89.98
93.65
105.84
108.75
99.60
91.21
90.76
99.25
109.60
107.46
94.09
86.39
88.78
97.22
104.43
101.66
102.61
97.50
99.07
102.07
99.51
99.00
101.56
101.35
99.80
97.67
92.15
95.48
106.62
112.24
105.59
93.04
87.01
85.48
87.95
88.44
91.41
100.61
100.40
95.15
89.87
89.16
98.25
103.63
103.89
99.00
101.73
105.42
109.04
111.96
111.92
109.44
102.88
94.53
94.97
101.74
97.76
92.68
96.31
99.66
98.51
100.34
104.36
108.56
111.62
106.84
104.49
101.23
99.56
95.62
99.34
99.61
98.89
98.13
94.89
92.85
93.30
90.34
91.26
89.92
87.80
86.85
88.07
88.00
87.34
86.94
87.29
88.54
88.36
88.95
89.08
87.84
90.42
91.71
91.15
95.74
102.80
104.47
96.01
94.45
102.84
104.34
98.07
99.08
105.66
103.23
97.15
98.60
103.90
105.57
104.26
104.67
100.70
97.48
100.78
96.59
89.75
86.94
93.81
109.13
110.38
104.73
98.01
89.65
90.09
101.21
100.68
94.09
94.90
101.52
104.00
103.50
104.39
103.48
102.02
99.52
100.92
107.52
112.85