99.47
93.67
93.59
101.36
98.71
93.86
95.99
101.97
107.11
101.62
101.14
104.98
108.82
104.63
100.74
92.94
95.34
98.57
104.46
101.94
99.59
105.52
105.62
102.24
101.08
102.59
97.62
88.04
87.13
88.53
93.77
102.17
105.07
103.70
98.03
99.88
98.40
90.93
85.46
84.88
88.28
98.59
112.59
116.47
108.61
100.89
102.70
99.91
95.33
95.17
92.09
89.86
89.15
94.88
106.83
103.07
95.36
93.65
101.52
110.02
112.56
112.93
109.02
98.81
92.20
90.64
97.25
102.84
101.93
94.51
95.69
94.25
91.01
91.27
98.39
105.90
108.61
107.22
107.50
104.29
97.78
100.69
103.66
103.04
98.26
96.38
91.16
87.64
85.95
86.02
86.65
88.25
89.87
97.71
110.26
110.80
107.77
107.94
109.08
110.47
112.66
112.70
104.02
88.94
85.86
92.83
97.14
94.16
91.78
97.91
99.03
93.74
98.27
109.18
114.86
116.49
112.94
108.57
102.93
92.89
86.22
87.59
98.94
104.23
107.19
104.70
99.70
90.35
88.77
90.65
93.56
94.16
91.66
95.03
100.38
102.90
107.94
111.07
106.20
104.13
107.40
104.61
94.39
91.45