101.01
98.90
99.86
100.54
102.10
107.22
103.91
92.81
88.75
96.95
101.92
103.64
105.97
104.50
100.78
99.91
101.25
95.08
96.72
106.48
109.65
110.03
103.58
97.19
91.56
87.75
92.28
103.06
104.14
105.46
100.99
102.68
105.43
108.34
108.39
108.61
103.83
98.43
90.31
84.87
85.44
87.90
88.49
91.32
97.53
104.90
103.37
104.97
107.51
100.74
92.60
93.67
104.20
112.31
114.67
110.02
95.27
88.29
93.80
103.91
111.10
106.82
95.70
92.58
102.91
102.77
91.32
86.26
86.92
91.03
100.16
100.06
99.85
99.72
99.08
104.88
108.85
105.50
94.16
88.46
88.27
93.60
104.63
113.55
110.94
102.48
92.56
94.23
104.72
112.05
107.29
98.62
89.89
92.95
96.66
99.83
102.69
96.46
92.89
101.59
108.14
105.56
104.74
107.45
103.42
99.88
94.59
96.44
97.65
99.80
98.44
90.37
87.05
92.60
97.56
104.68
110.19
110.22
110.12
103.14
89.28
84.57
86.46
91.50
99.70
102.28
108.07
107.75
99.33
92.68
97.67
109.08
112.46
111.29
101.05
91.68
97.11
109.09
112.98
110.80
109.60
109.64
103.95
98.62