100.08
99.82
109.96
113.08
105.38
93.62
93.64
93.83
99.51
101.39
99.05
100.36
96.01
96.57
103.30
109.97
106.14
96.05
88.31
92.63
94.77
97.58
93.26
95.03
92.84
95.80
103.09
99.69
99.61
102.42
96.92
98.82
98.24
102.69
98.88
97.21
100.60
103.52
97.73
93.16
92.61
92.17
91.12
90.41
91.77
97.36
100.62
96.71
90.54
90.68
90.55
92.05
98.54
98.97
100.99
96.44
94.96
93.57
88.63
86.21
91.91
100.19
99.75
98.85
96.39
91.54
97.38
104.69
109.99
111.87
113.28
114.55
114.52
107.33
94.91
87.97
90.59
98.63
104.14
98.07
96.25
100.13
100.95
93.87
86.06
87.59
98.54
109.66
112.82
105.97
93.60
92.60
103.82
105.09
99.67
92.09
88.94
92.81
95.44
90.68
87.70
87.20
89.54
95.67
103.65
108.86
111.96
109.25
103.84
96.75
99.99
98.18
89.44
90.22
100.33
104.74
106.90
110.58
108.29
104.26
102.29
95.18
96.45
96.70
101.40
104.69
99.92
98.32
99.48
104.73
110.67
111.49
109.35
103.00
102.94
100.67
93.14
90.36
87.94
86.22
86.07
88.30
95.86
96.66