100.30
100.88
104.75
104.74
96.87
95.85
102.46
98.50
98.10
100.73
99.52
98.09
102.13
101.45
102.19
104.20
101.28
100.31
106.87
105.30
103.16
101.16
97.58
97.69
105.71
110.10
103.77
93.45
88.34
92.39
101.28
106.14
104.29
106.63
111.35
110.16
100.52
94.92
100.54
103.48
103.06
94.53
94.24
102.72
108.20
109.35
109.96
105.41
93.35
85.11
88.80
91.25
91.78
90.22
89.35
91.95
100.73
100.14
92.28
88.91
92.70
96.67
98.36
103.99
105.44
97.04
93.03
100.02
107.88
111.86
106.12
103.38
103.22
105.11
100.73
101.03
108.30
110.93
108.49
104.12
93.09
84.59
84.10
89.66
93.46
92.36
97.18
105.62
102.88
93.89
86.14
85.56
91.66
100.12
100.06
102.62
100.95
95.37
90.63
95.35
95.73
96.26
99.66
104.05
98.79
88.34
85.01
87.42
87.92
91.22
99.39
105.78
107.08
109.41
112.37
114.06
112.80
112.00
106.87
97.83
97.06
93.96
93.39
94.65
98.78
99.91
95.71
95.71
103.22
109.69
110.07
99.35
94.93
99.34
107.31
108.08
97.65
87.32
89.66
98.38
100.80
100.94
106.15
105.99