97.42
92.62
97.30
109.84
110.54
109.68
103.68
102.04
104.63
103.75
95.69
87.86
86.68
90.57
91.40
89.96
92.39
101.50
99.99
92.92
93.62
100.09
106.56
111.43
112.77
107.13
96.71
88.48
89.12
96.10
101.39
105.91
111.58
106.79
96.88
88.69
87.81
91.35
94.22
92.16
92.02
97.08
105.04
109.25
107.92
108.15
109.22
103.44
100.01
93.49
91.30
92.79
100.03
109.74
112.41
109.82
97.79
91.34
89.24
87.74
93.54
108.57
116.83
117.15
108.20
100.93
100.72
95.63
86.75
85.74
94.92
104.09
101.33
102.31
100.46
102.83
103.75
106.40
104.77
99.41
95.82
93.13
87.94
90.49
103.94
109.43
102.16
89.76
84.28
85.78
92.91
107.70
106.20
101.61
92.74
87.06
92.83
95.72
90.32
90.48
93.18
93.64
97.99
108.04
111.08
102.16
95.62
90.36
91.22
89.93
95.72
108.49
114.46
114.29
113.86
108.89
99.90
99.61
108.29
113.96
114.96
109.83
104.03
96.68
90.32
88.59
97.07
106.23
106.25
98.59
88.37
85.16
85.53
87.11
89.52
89.78
89.34
93.08
97.43
94.98
90.44
96.60
111.07
117.24