101.35
100.23
103.81
106.78
110.45
110.93
109.12
110.01
111.79
111.75
107.18
96.80
86.18
85.90
95.49
103.51
109.24
103.50
97.29
96.63
95.74
93.32
89.76
88.74
87.75
86.22
86.83
89.78
95.88
96.11
96.31
97.89
94.38
89.66
88.23
88.94
95.43
107.78
110.82
108.05
99.40
88.65
91.65
100.66
102.23
104.11
100.52
98.45
93.69
97.43
105.75
110.12
103.59
96.84
89.59
85.08
90.14
104.79
112.16
113.02
111.64
108.08
100.39
88.73
84.73
89.24
101.85
108.55
108.48
100.50
89.79
84.85
85.68
90.06
103.96
115.14
117.21
116.20
112.82
111.03
107.43
101.87
93.52
90.06
92.63
98.19
107.63
107.33
100.21
96.76
104.33
104.86
103.65
108.16
111.10
111.89
104.78
97.97
92.76
88.03
86.48
93.95
101.09
101.96
102.62
105.87
105.64
105.37
102.69
93.13
88.91
92.03
99.19
99.14
92.83
89.23
91.49
93.60
92.12
89.79
87.94
89.78
96.79
99.21
98.30
101.54
98.53
90.49
91.98
103.23
113.32
110.10
105.13
101.51
94.77
92.12
99.22
106.48
103.78
98.45
99.84
102.25
105.89
99.92