101.09
100.58
109.31
111.77
111.47
105.31
100.11
101.32
99.24
96.29
95.78
97.78
92.61
88.48
90.63
96.30
105.10
104.07
102.19
94.50
89.82
90.21
98.79
107.45
113.03
112.83
111.10
101.45
87.25
84.06
87.14
94.36
106.81
115.00
109.30
95.15
90.85
96.82
96.62
96.39
92.19
93.10
96.45
92.45
97.12
101.91
105.99
111.42
111.45
100.75
94.90
91.38
93.80
96.12
98.43
106.33
105.13
104.58
98.86
91.49
94.16
103.07
104.98
103.16
98.17
94.12
91.30
88.52
92.13
95.89
92.47
91.65
93.34
98.94
97.79
95.33
101.75
101.01
101.36
95.68
96.62
96.60
97.54
102.72
99.12
100.51
97.11
88.19
84.30
86.64
93.08
98.20
98.71
94.36
94.70
102.64
99.29
92.59
97.04
104.95
111.09
108.23
102.27
96.11
99.03
101.21
94.05
93.22
92.33
96.03
104.05
112.24
114.65
109.89
99.67
87.79
88.61
91.63
89.09
91.10
101.54
102.80
97.81
92.50
93.44
93.76
97.39
103.17
104.71
106.27
108.62
108.41
100.01
88.97
85.47
88.06
99.16
112.02
112.45
106.16
102.75
104.60
99.79
100.05