98.39
95.00
104.51
114.55
114.33
106.61
103.64
101.13
104.13
102.34
97.76
92.33
86.95
86.82
92.50
98.14
104.64
108.15
111.30
108.10
96.61
95.83
98.22
100.89
99.52
93.09
88.94
89.46
90.32
94.07
92.69
89.39
92.63
96.85
102.05
100.99
102.30
102.81
105.62
109.92
104.77
95.04
92.48
91.11
88.74
91.80
95.07
100.33
97.42
99.52
105.81
107.98
106.16
105.48
104.62
96.67
93.43
95.01
92.89
92.62
92.11
91.91
96.40
97.24
92.72
92.39
92.91
92.02
97.25
96.37
89.28
88.57
98.50
99.56
97.09
92.98
98.16
99.38
98.20
99.83
102.14
106.62
100.37
90.73
87.86
93.44
106.99
112.79
104.53
92.88
86.84
93.22
109.07
108.41
101.24
93.86
96.92
94.84
89.56
89.16
99.34
99.61
101.86
109.94
115.17
114.16
111.73
102.91
97.52
96.16
99.35
97.31
92.85
89.63
93.74
94.51
98.87
103.05
107.45
107.66
107.27
105.52
100.67
90.30
85.87
87.19
89.20
92.04
91.35
88.23
89.24
93.48
93.98
99.95
97.12
95.72
94.91
96.01
92.46
87.41
87.76
88.52
95.16
105.20