99.63
94.68
104.27
115.76
110.46
106.13
100.80
98.03
100.08
104.19
104.97
105.09
100.77
97.54
91.34
88.96
88.69
97.09
108.64
108.20
103.01
100.62
101.47
99.88
91.45
90.10
89.28
87.41
93.42
102.66
111.12
110.24
108.12
100.76
91.68
95.71
102.88
100.83
92.66
91.87
90.73
89.67
96.96
106.40
111.58
113.33
114.37
108.16
97.26
90.45
87.48
92.01
105.38
106.03
94.73
91.22
90.28
89.23
89.14
94.49
107.90
111.55
104.40
100.83
94.44
92.97
90.02
90.61
91.46
93.13
100.34
101.14
102.27
103.54
101.31
98.79
100.85
104.52
103.91
99.42
97.11
99.72
98.87
94.21
94.20
102.40
103.07
99.95
91.94
88.95
91.31
101.11
105.13
103.87
105.49
109.07
102.92
88.81
89.64
95.88
100.23
95.70
89.13
88.31
89.34
89.53
89.02
94.79
99.72
96.25
95.07
98.84
101.68
105.51
103.50
104.55
101.60
91.19
89.01
93.26
99.19
98.37
102.00
99.75
102.66
107.79
112.11
109.49
105.62
100.15
90.68
84.43
86.58
89.74
94.18
93.57
90.93
88.83
86.99
87.55
95.99
113.30
109.81
105.20