98.69
93.33
98.06
105.73
110.75
110.66
100.65
93.59
92.84
94.61
103.23
111.50
111.24
107.03
98.48
89.69
89.33
97.02
108.29
111.69
112.54
112.22
110.67
102.50
92.99
88.49
92.74
101.04
106.97
108.50
107.85
104.46
102.82
107.41
105.60
99.44
95.16
92.79
95.36
93.26
91.65
95.13
94.02
92.24
93.04
91.73
88.77
90.78
102.40
113.38
116.77
116.68
113.01
99.59
91.72
97.71
100.60
99.84
101.58
100.01
99.27
103.52
102.54
102.34
101.84
103.64
98.74
99.34
95.61
90.98
97.47
98.79
95.20
91.52
88.52
94.49
101.24
96.25
94.43
92.61
88.00
89.88
102.27
109.08
108.94
104.41
99.00
93.08
90.72
96.01
106.57
110.86
110.51
101.35
88.27
84.06
87.75
93.96
101.30
108.96
110.98
112.31
106.28
101.04
100.15
100.23
102.00
99.99
91.97
85.73
89.05
98.64
110.29
112.96
111.74
102.88
93.04
89.05
89.43
90.02
96.24
103.85
107.65
100.06
96.76
95.86
94.31
98.65
108.94
106.38
95.30
86.60
91.30
95.93
97.35
95.56
90.66
88.14
88.66
88.31
89.52
92.96
91.90
93.76