101.55
96.44
95.40
103.87
107.17
107.48
109.11
105.24
97.82
88.52
91.64
97.27
103.43
100.12
92.30
96.50
103.45
109.97
106.04
98.03
93.02
92.00
92.15
95.81
102.53
110.57
109.25
108.24
103.98
95.25
90.95
88.95
88.80
87.81
91.00
102.38
101.04
102.23
97.20
96.83
99.24
106.90
107.66
103.50
101.65
100.94
97.69
99.79
106.32
106.75
104.92
103.65
97.31
90.42
94.22
99.78
95.46
87.51
84.65
86.93
89.76
92.29
102.15
106.65
101.46
91.17
88.76
89.10
95.15
95.56
101.10
104.33
96.60
88.76
85.72
88.47
92.08
96.02
104.82
102.53
92.39
85.64
90.03
102.48
102.66
104.24
101.86
94.57
87.60
91.98
96.17
103.40
99.74
99.58
98.66
95.59
96.65
95.47
91.91
90.01
95.17
100.62
105.84
108.07
104.86
93.73
89.14
89.13
94.25
94.58
99.00
96.99
90.17
89.67
96.17
101.84
96.21
87.91
90.56
100.93
111.24
115.80
110.28
98.95
97.08
94.33
91.57
98.41
108.53
111.81
107.80
95.02
88.85
93.03
103.17
110.42
113.56
110.48
108.15
101.14
90.61
85.72
86.84
91.39