96.46
86.86
87.50
101.58
105.21
96.47
87.82
86.93
88.13
87.26
90.55
102.15
114.72
113.60
101.78
89.99
85.59
90.32
103.97
106.93
103.71
99.60
98.56
103.99
105.60
103.59
104.81
110.25
113.78
113.02
104.26
98.61
101.66
98.13
96.28
99.49
97.81
97.60
96.62
99.21
107.15
108.82
105.39
105.82
108.15
109.68
107.04
97.97
88.98
86.15
87.60
94.80
106.52
111.73
109.64
99.66
97.10
98.73
105.24
107.91
105.67
95.01
92.18
102.54
106.25
101.61
92.69
87.66
87.26
86.75
92.00
94.48
102.53
101.92
102.17
100.18
100.04
96.78
91.48
95.40
108.28
110.32
105.71
102.34
100.73
99.54
99.65
98.44
103.95
108.27
107.85
102.39
101.32
98.32
101.54
97.98
91.84
91.80
90.47
87.89
89.96
94.28
104.61
111.96
112.69
110.95
108.57
98.68
88.32
85.12
86.36
92.92
98.01
93.66
89.84
87.17
85.70
86.45
92.36
106.20
105.96
102.90
97.13
91.08
93.38
98.80
102.64
105.27
109.76
105.02
93.28
88.47
93.79
99.43
107.17
110.09
104.82
93.51
85.80
88.02
101.38
105.83
99.25
90.30