99.31
90.75
93.74
99.67
99.01
100.65
100.07
103.22
102.11
97.30
92.78
87.62
87.23
90.01
93.32
93.34
96.06
98.41
93.00
95.24
97.92
96.22
96.93
94.92
90.34
92.02
92.89
100.28
109.29
103.88
97.14
100.94
106.90
111.22
110.18
106.82
97.15
86.14
85.30
87.40
89.86
98.34
100.30
93.04
91.70
95.29
96.66
92.90
91.14
93.64
91.66
97.58
107.38
107.85
96.94
91.30
90.21
98.59
105.98
105.59
98.82
93.69
95.62
95.72
94.11
96.08
94.49
92.15
89.98
90.78
97.47
102.74
109.58
111.00
110.41
111.07
112.37
106.24
93.08
86.58
86.85
91.64
102.40
113.90
108.96
103.53
106.62
103.93
99.91
104.15
107.10
104.80
93.93
86.82
87.16
96.16
99.38
93.15
89.60
91.14
94.75
93.55
90.07
96.86
103.41
98.93
93.57
89.05
91.92
95.63
92.34
94.49
95.81
99.80
96.70
100.08
104.17
109.06
107.16
95.03
84.84
84.00
86.43
92.52
99.33
99.76
101.15
100.02
95.98
99.83
104.99
107.58
109.52
106.48
97.79
87.42
84.14
84.93
86.53
87.51
92.29
107.56
116.85
116.12