101.21
100.24
104.37
109.01
110.62
111.13
104.52
97.12
100.58
107.67
111.93
109.28
96.97
84.78
87.43
101.61
101.63
96.77
94.52
93.89
90.39
89.74
90.99
91.73
96.48
106.18
113.02
107.97
92.47
86.48
87.94
92.86
99.47
104.49
99.59
96.58
102.12
108.86
107.67
100.09
92.91
96.71
102.01
100.46
91.06
89.74
101.23
103.77
93.62
87.13
86.37
87.10
87.52
88.56
91.82
94.07
94.48
96.76
105.54
114.09
112.13
106.73
105.77
100.57
90.03
90.93
98.62
106.00
112.35
112.00
109.82
105.30
104.71
108.22
103.57
101.99
102.04
105.73
108.67
103.01
96.27
91.09
96.88
109.20
115.53
117.05
114.43
108.07
102.90
98.07
95.13
94.97
102.25
111.55
109.35
104.01
95.88
96.93
104.62
110.73
106.47
92.54
85.64
84.85
87.74
89.32
91.08
92.21
96.62
108.60
111.33
101.45
90.32
93.07
97.16
93.28
93.22
97.21
99.75
104.41
109.15
104.25
98.03
102.37
108.20
106.41
100.57
103.00
104.52
94.98
94.48
98.14
95.67
92.71
92.40
98.36
97.92
100.59
100.01
98.65
104.35
102.76
96.73
93.48