102.25
105.95
107.33
105.71
99.39
98.91
94.86
87.36
84.66
86.22
87.44
91.42
92.25
90.02
87.65
91.90
104.56
106.46
101.93
101.13
98.15
98.82
97.28
101.55
102.36
99.43
103.86
110.74
110.31
108.05
102.87
98.33
97.00
99.03
102.84
109.05
103.96
95.12
91.06
97.82
103.07
99.17
93.65
92.92
95.93
104.98
108.42
106.39
107.90
107.53
104.97
104.96
100.98
96.88
90.06
87.04
86.69
91.71
107.08
111.44
109.82
109.87
102.23
89.78
84.04
86.17
87.22
86.71
89.10
95.92
106.72
111.39
114.18
108.49
97.37
96.52
97.17
93.28
94.38
93.37
92.09
93.70
92.03
88.73
88.75
94.58
103.24
105.36
103.58
101.16
103.66
107.73
108.84
106.50
97.37
87.17
89.08
90.38
94.89
106.58
110.65
104.00
91.21
88.55
93.42
98.55
98.37
97.87
104.64
104.84
99.67
102.01
101.49
98.67
91.22
88.19
93.05
105.85
107.07
101.22
95.80
95.38
96.42
103.46
105.55
108.43
104.29
92.89
86.48
90.88
93.49
95.75
93.08
97.50
108.63
113.05
106.52
90.51
87.05
96.80
100.77
95.51
94.59
95.99