101.37
97.41
97.81
107.06
112.65
105.27
89.26
87.07
90.28
93.99
98.43
100.13
99.50
92.12
92.37
103.83
113.35
110.06
95.46
90.58
100.42
112.22
113.01
107.47
103.87
103.81
103.21
95.87
87.18
87.11
89.49
96.74
107.13
111.14
112.68
113.57
113.32
112.15
105.93
92.90
85.83
87.22
92.21
97.01
94.16
90.07
96.74
100.28
103.15
108.99
109.95
103.31
99.84
98.21
94.63
92.63
89.38
89.61
89.09
95.84
96.52
91.21
86.61
87.63
92.57
95.60
102.20
104.12
105.26
106.55
101.13
92.16
89.36
91.64
92.32
89.92
91.19
100.57
110.01
107.78
96.00
92.62
100.01
103.63
99.25
98.28
105.64
109.17
111.53
106.44
100.97
104.73
103.67
100.36
100.46
95.95
98.69
106.72
105.24
97.42
96.05
101.66
104.03
106.09
106.84
101.89
97.60
94.87
88.93
86.64
86.23
88.22
95.03
102.58
100.53
96.63
102.43
102.95
94.55
93.80
99.14
97.97
100.21
100.72
99.62
105.00
112.40
114.25
107.82
91.37
85.60
94.41
99.64
102.46
106.57
107.55
101.57
101.45
106.69
111.62
107.55
95.34
88.14
88.12