96.46
90.14
92.42
100.33
104.11
96.36
90.76
88.78
88.81
96.84
98.04
99.30
99.26
98.72
100.60
104.12
108.63
106.98
106.04
108.26
112.01
105.94
98.47
90.56
91.03
100.49
101.18
94.29
96.20
103.74
104.75
102.76
104.05
103.63
105.51
110.55
110.68
108.32
102.76
92.16
91.96
96.24
101.45
108.72
108.01
108.72
106.81
95.46
85.64
84.22
85.52
85.86
86.70
90.69
102.00
109.28
106.01
95.31
88.38
88.67
89.00
94.16
94.61
101.81
102.22
104.51
107.14
108.74
108.17
108.02
106.49
101.90
99.09
103.98
102.14
92.85
86.41
91.56
98.34
103.84
106.14
106.88
98.89
92.28
89.38
89.04
97.91
104.91
100.13
91.84
94.30
102.26
98.88
99.44
98.22
91.16
89.72
90.81
96.97
102.64
105.76
102.76
101.46
96.56
88.94
92.79
95.63
91.61
86.65
88.37
94.95
107.15
115.21
116.26
110.32
99.73
89.42
88.76
97.40
97.72
90.54
92.58
92.86
96.50
104.77
102.14
95.59
97.27
107.92
106.25
97.15
88.81
93.56
99.68
96.66
97.35
104.25
110.91
106.67
101.66
100.06
100.66
104.73
105.00