100.95
97.82
106.47
112.88
106.10
91.46
84.18
84.54
86.14
89.28
93.99
101.65
103.56
95.96
91.92
91.80
90.64
87.80
93.24
106.12
110.93
112.02
105.95
91.55
84.20
86.93
96.51
108.82
112.55
103.94
88.81
86.00
93.75
105.11
101.76
94.78
90.66
98.19
104.71
108.89
105.69
100.61
100.19
94.77
88.27
85.35
86.26
90.37
93.70
93.29
91.44
89.91
93.20
103.23
109.89
107.92
98.54
89.15
91.64
96.22
97.82
98.61
93.09
86.95
87.56
97.65
99.34
93.38
87.56
90.78
94.55
100.32
107.04
103.95
100.67
103.51
107.45
110.05
103.07
98.47
98.45
102.87
107.33
100.21
90.35
85.83
86.40
90.78
99.37
101.61
104.03
109.48
107.52
99.17
99.87
107.66
104.95
100.35
96.29
90.55
94.12
102.87
106.17
108.52
104.40
95.45
96.89
103.46
109.65
109.15
106.85
101.72
95.43
90.28
91.24
96.80
104.63
101.68
97.15
102.19
107.42
104.65
103.30
97.02
95.63
95.69
101.68
107.73
100.96
89.88
86.62
92.02
105.52
110.59
101.29
90.29
92.12
95.30
98.08
106.23
110.18
112.17
112.75
112.36