97.15
89.16
90.69
100.58
107.30
101.75
100.73
103.51
106.79
101.72
90.96
91.33
101.40
104.62
104.39
106.89
111.32
109.38
101.15
89.00
86.04
87.11
92.19
97.25
97.17
99.69
104.94
111.22
111.87
110.58
110.85
103.68
96.23
101.05
102.03
96.38
90.17
90.51
100.20
106.32
104.31
104.55
99.41
95.06
92.48
97.72
101.09
98.56
98.94
94.43
87.13
87.51
90.87
99.43
103.19
96.12
87.32
85.12
86.37
88.55
91.87
97.82
96.38
90.73
91.80
102.30
106.81
110.84
112.80
108.78
97.82
88.12
86.63
89.48
89.98
89.20
92.41
96.89
105.61
109.92
104.50
100.48
94.43
87.72
91.00
101.08
108.08
111.25
108.71
100.51
98.72
101.76
99.13
93.23
93.80
96.12
102.66
104.27
104.28
104.79
98.89
95.06
101.70
109.02
108.20
102.40
95.32
95.38
100.56
101.00
96.63
94.08
97.62
99.29
92.11
85.91
88.62
97.14
96.07
91.94
96.65
104.35
105.70
105.90
100.58
101.82
104.13
99.16
90.00
90.44
97.21
96.00
89.39
86.84
88.64
89.42
89.81
91.45
90.00
88.84
91.80
101.29
108.41
100.95