99.64
92.64
96.63
99.42
99.87
94.10
90.32
88.54
94.05
98.15
102.57
101.88
99.02
97.84
100.07
99.01
96.04
94.32
99.17
97.24
95.66
99.30
106.78
106.55
103.54
97.02
95.43
101.18
105.93
105.61
95.60
94.82
101.36
107.57
105.78
97.51
97.13
107.12
113.52
114.77
113.54
106.59
98.81
101.33
99.76
94.90
91.31
92.14
92.75
89.19
88.29
90.87
93.40
93.22
95.45
99.69
95.48
98.79
106.05
101.05
100.63
104.62
100.37
100.79
107.97
103.67
91.18
89.16
88.82
94.96
104.11
109.57
107.35
101.36
96.19
89.41
86.10
88.14
93.42
100.72
101.79
101.38
99.52
97.81
96.48
100.28
102.34
98.86
97.82
98.22
97.87
94.06
88.07
85.29
86.10
90.07
100.82
107.06
111.46
104.83
94.31
87.37
90.93
100.15
103.05
97.67
95.04
91.36
89.70
92.20
95.98
96.37
94.81
89.48
91.45
103.23
109.39
112.91
112.53
111.23
108.54
108.99
107.61
104.25
103.10
98.36
97.05
92.43
96.53
101.65
99.02
101.77
109.34
109.02
98.33
94.57
96.62
93.47
91.58
97.12
107.28
112.86
114.17
106.20