99.28
91.18
93.90
98.27
96.74
100.44
108.85
107.99
107.58
100.04
92.67
96.57
100.39
97.20
97.35
95.95
99.38
102.91
101.91
98.49
99.75
95.47
89.28
86.58
86.08
85.97
87.73
90.19
97.19
105.63
112.55
115.09
110.83
102.10
96.40
89.85
86.12
85.71
85.98
89.08
90.49
89.59
92.54
99.04
98.94
103.35
103.87
105.50
102.92
100.14
95.19
91.41
93.96
99.42
97.81
93.15
96.89
94.88
91.53
94.18
92.10
90.42
92.37
102.42
106.60
105.85
106.79
109.71
104.30
102.58
107.41
108.67
107.34
103.64
95.96
87.84
88.20
97.62
100.17
101.04
94.16
93.81
91.85
89.56
95.09
101.09
101.43
97.19
96.05
101.86
108.19
111.89
113.94
114.83
114.06
112.75
106.55
103.80
102.32
99.74
102.11
98.59
99.53
94.95
90.05
87.02
92.69
104.19
111.49
109.04
103.82
94.99
86.77
85.21
92.19
109.63
111.32
99.54
89.47
89.59
90.95
88.58
94.38
109.61
115.66
110.35
101.76
101.97
98.64
98.44
99.07
94.95
95.15
100.60
101.36
100.06
94.56
97.22
98.76
92.45
94.82
104.94
102.28
93.10