97.92
90.29
89.62
94.87
100.83
104.66
101.14
100.30
103.44
104.80
103.03
100.81
101.88
95.52
86.53
84.69
86.29
91.57
97.88
95.20
92.55
88.88
91.72
101.05
112.48
116.26
116.63
115.99
109.98
98.67
88.86
88.12
97.70
99.99
99.47
97.82
98.53
98.24
98.05
96.03
91.44
94.02
96.21
91.65
88.14
92.24
98.07
96.15
99.09
107.72
108.10
99.03
88.26
87.38
90.07
88.64
88.11
88.61
93.02
98.72
95.47
93.32
96.18
105.58
110.97
109.81
109.76
103.53
89.24
84.33
91.58
102.47
107.48
111.14
106.56
93.61
87.27
92.49
107.25
113.01
111.33
102.92
88.84
87.77
92.53
99.98
110.55
109.64
100.52
98.79
107.58
104.37
94.48
96.56
102.36
104.31
108.38
109.48
106.03
101.29
96.52
96.98
94.75
94.69
93.31
100.04
102.32
100.97
96.86
92.07
97.03
106.08
113.07
107.22
93.17
91.76
91.77
90.31
93.31
98.39
95.09
98.02
102.75
99.20
96.93
96.78
92.26
86.86
87.69
93.51
96.68
98.84
95.40
92.59
97.08
103.82
107.92
104.49
102.43
99.12
98.77
105.70
111.38
113.39