102.94
104.46
108.91
110.30
108.10
103.26
96.41
99.58
101.38
94.81
89.83
95.77
105.33
107.24
99.24
91.96
95.55
96.08
99.09
102.38
108.60
109.21
102.11
101.23
103.15
102.31
101.05
101.08
103.10
102.82
99.96
96.88
97.35
93.05
90.57
87.85
86.28
87.52
93.56
103.04
100.02
100.21
105.64
104.17
103.95
105.04
107.44
105.83
103.43
100.24
101.62
107.91
108.35
105.88
105.40
100.72
92.71
89.51
92.37
97.70
100.33
103.35
103.13
97.59
97.17
99.23
98.48
102.98
108.48
112.63
114.49
113.80
105.51
99.93
97.61
94.86
97.37
102.69
102.73
105.51
109.38
105.19
102.45
107.04
108.95
108.47
107.39
104.82
94.87
93.13
93.00
99.08
100.29
103.04
99.91
92.06
94.91
107.18
114.90
114.00
106.28
101.86
99.61
94.56
89.61
86.73
85.33
85.34
85.56
87.55
91.62
95.71
95.33
97.60
107.09
113.02
115.54
115.89
107.19
93.81
85.94
90.96
102.41
106.56
100.66
89.15
87.62
90.50
91.92
93.47
92.74
91.58
91.76
89.80
91.16
100.95
113.70
109.15
105.55
107.08
109.86
103.47
90.45
90.82