96.37
87.95
92.94
104.32
103.93
100.29
95.08
90.44
91.27
90.56
89.96
93.27
94.74
98.40
102.53
99.45
90.63
86.29
86.36
87.08
91.33
97.85
106.10
104.80
98.46
89.96
86.88
91.09
92.73
90.63
93.69
106.48
113.46
111.22
110.15
110.54
111.68
108.55
98.32
88.09
86.66
91.08
102.36
108.16
108.06
109.20
108.14
108.00
110.13
109.41
100.71
87.39
85.33
86.70
93.83
104.05
105.91
102.72
93.76
89.28
93.78
106.13
110.20
111.97
109.17
107.79
102.69
91.65
90.97
95.12
97.23
99.55
97.38
92.61
87.26
88.87
95.51
101.33
96.63
96.00
102.99
106.75
107.22
103.52
93.77
95.20
106.23
111.36
105.92
92.73
85.47
88.01
100.49
104.36
103.01
98.22
97.46
99.32
106.30
112.02
108.98
104.19
103.99
102.31
103.04
101.75
93.57
93.61
94.57
99.90
104.30
98.39
90.92
91.86
92.78
94.47
101.28
102.81
100.62
95.79
97.75
103.79
102.80
102.67
107.41
103.25
93.69
88.99
97.29
109.93
115.62
111.64
101.89
93.61
89.82
95.90
100.21
98.26
92.07
89.82
98.50
110.57
110.80
104.99