99.90
101.43
114.32
116.27
105.37
88.30
84.53
87.93
88.37
87.03
85.90
87.11
94.69
112.80
116.37
115.58
111.42
108.94
101.00
89.46
85.04
89.45
91.74
97.51
100.31
105.54
108.21
108.12
105.98
98.76
90.55
87.94
92.34
92.05
92.99
92.59
89.66
94.09
98.47
93.36
90.41
92.53
93.35
92.32
89.65
87.89
88.39
92.54
106.38
106.33
106.17
105.29
101.48
99.87
98.93
99.06
101.66
102.55
106.29
106.34
97.70
95.94
98.21
104.43
99.82
92.71
96.33
98.20
103.28
102.47
98.25
89.98
84.71
84.48
85.22
86.76
87.73
92.70
100.87
104.02
106.66
111.14
114.45
115.93
112.57
106.67
99.41
89.66
88.07
98.34
112.07
113.09
108.09
95.06
84.69
85.39
93.13
94.50
91.39
87.32
89.09
92.80
100.15
101.93
93.67
92.65
91.70
93.39
101.14
105.78
106.54
97.97
86.66
84.00
85.77
88.12
91.07
90.84
97.17
110.42
110.13
98.23
88.72
86.04
85.63
86.59
86.95
87.06
88.39
88.88
92.20
93.30
92.93
101.84
107.37
105.49
103.47
102.93
96.13
86.65
85.32
86.19
91.14
94.86