100.36
98.52
107.46
107.38
106.01
102.01
94.68
90.14
97.70
110.93
115.47
111.13
97.20
93.52
97.58
106.35
106.05
104.17
97.39
95.84
101.04
99.38
92.61
90.29
88.16
88.14
91.62
97.65
105.72
105.37
96.07
89.97
93.03
105.65
106.91
107.04
107.30
105.85
99.18
91.43
89.58
96.49
108.72
113.44
107.39
101.38
92.61
94.83
96.19
97.59
100.61
98.11
90.60
91.84
97.04
94.79
92.60
101.13
109.57
104.53
94.67
92.06
92.96
93.07
90.43
92.26
92.42
88.63
86.34
85.80
89.95
104.72
117.20
111.75
97.30
93.11
95.54
103.84
112.60
107.12
91.08
83.43
84.30
85.56
86.47
87.53
89.33
96.00
99.04
101.56
108.00
110.80
110.48
103.22
94.59
90.78
97.87
104.18
101.81
94.76
96.11
104.23
100.01
89.90
84.85
86.68
92.48
104.41
115.01
116.88
114.38
104.15
89.49
83.98
86.83
90.01
89.37
87.29
87.04
87.66
88.28
92.31
103.02
110.46
112.48
112.93
110.85
107.74
96.82
94.35
102.48
110.79
105.98
91.77
83.94
88.31
95.71
97.41
104.77
113.01
116.44
113.52
107.11
103.47