97.42
88.15
89.22
98.63
112.22
117.26
117.89
113.68
101.59
89.80
86.98
94.81
100.26
94.26
86.96
86.94
93.06
96.01
99.49
107.65
105.10
96.03
94.29
100.88
108.05
108.83
100.25
97.68
100.22
106.54
108.73
108.02
98.88
87.47
90.39
96.45
103.37
101.14
103.64
101.26
93.05
85.99
87.87
95.13
104.02
106.72
104.74
107.45
106.50
100.28
89.27
84.79
86.05
92.01
108.34
115.38
115.67
109.19
103.19
104.36
102.92
100.98
105.68
104.83
101.94
100.52
100.04
102.91
103.29
100.83
99.11
98.34
104.74
103.05
91.05
88.87
93.60
104.74
105.81
98.82
95.56
90.74
87.65
87.20
89.30
98.56
107.05
106.88
108.78
106.78
103.73
102.47
100.06
96.57
94.23
89.83
94.34
98.95
97.71
98.68
97.11
91.34
90.94
98.38
99.81
92.45
87.52
92.00
97.16
93.57
97.31
101.20
98.44
98.74
94.89
96.76
106.40
111.27
113.31
114.31
109.59
102.87
99.28
95.35
90.61
95.50
99.81
102.31
98.30
94.47
101.25
109.80
112.86
109.79
103.32
94.75
95.47
104.01
108.94
108.55
98.40
87.16
83.90
85.53