102.74
104.36
111.90
115.03
109.36
100.29
101.78
98.56
88.79
85.58
87.24
90.18
90.57
95.15
98.01
95.52
97.40
99.69
94.92
88.02
92.44
99.45
101.14
105.55
99.92
90.13
85.37
90.12
100.59
99.34
92.04
91.66
99.16
109.38
106.88
94.30
85.48
84.33
85.77
88.43
89.36
90.03
92.55
99.11
109.93
113.09
109.69
99.10
91.39
96.66
105.26
100.88
92.94
93.89
92.22
90.68
96.77
106.55
109.62
105.62
102.55
100.49
102.48
97.19
88.70
89.51
95.81
94.61
89.53
94.22
102.96
104.05
103.92
106.71
110.22
111.88
111.97
105.58
95.17
97.12
103.16
96.58
86.56
86.09
88.09
92.02
94.67
94.40
101.82
108.81
108.12
100.25
94.57
91.50
96.51
108.54
108.36
107.96
108.02
100.08
95.57
92.64
98.71
97.99
98.92
105.20
106.37
100.06
91.94
86.93
85.09
85.44
86.28
90.83
102.55
102.81
102.72
107.21
111.34
104.63
100.29
105.73
107.14
104.80
99.69
89.94
90.94
95.22
91.76
90.18
95.20
97.32
95.94
100.71
109.45
106.73
97.22
86.93
84.63
90.08
95.32
97.48
98.47
98.74