102.43
100.36
104.78
105.03
100.99
92.97
92.27
101.80
103.13
94.10
86.27
87.60
94.24
98.40
103.53
99.98
91.84
89.15
97.62
104.32
102.53
93.90
86.02
84.74
86.58
87.81
89.29
90.68
92.32
101.01
109.06
113.79
114.87
110.88
101.49
94.94
89.68
89.28
93.33
97.77
98.90
92.13
89.42
93.75
92.90
90.96
88.35
90.15
100.13
105.18
99.59
101.10
101.76
95.84
87.25
89.60
97.90
108.42
113.96
112.56
110.95
106.64
93.51
84.67
84.01
86.87
97.06
105.84
102.06
94.16
95.56
106.61
113.43
113.68
104.26
96.11
92.65
88.07
86.45
89.38
97.76
110.82
106.84
101.53
101.93
100.43
95.00
90.05
92.33
95.63
91.85
95.22
97.94
101.32
98.94
99.47
100.26
98.18
102.00
103.77
96.41
96.35
104.81
104.02
101.32
105.20
110.09
111.77
107.07
101.64
102.66
100.86
103.54
108.16
111.19
112.81
112.02
107.77
100.53
98.59
102.22
106.33
105.79
102.76
95.65
88.12
86.77
93.27
98.82
95.98
89.49
89.54
89.78
94.38
98.86
100.40
96.61
101.26
103.89
108.08
109.78
100.35
90.58
91.42