97.68
91.47
98.69
101.40
101.74
96.35
96.41
98.43
96.13
93.33
89.83
95.44
104.22
100.98
93.97
92.02
100.49
107.57
102.69
102.47
106.48
108.55
102.22
99.50
94.21
95.44
96.74
103.62
105.64
107.32
106.32
106.34
109.16
106.54
100.52
95.80
92.39
91.98
91.63
98.64
98.37
90.09
91.47
92.84
94.51
102.78
108.69
112.14
114.04
112.26
110.80
110.48
100.98
95.89
102.13
101.57
100.80
96.41
94.53
89.83
93.68
94.03
90.84
96.34
97.32
100.64
98.34
101.61
105.27
103.39
98.94
95.07
91.37
92.48
90.40
92.06
101.26
111.22
115.87
116.59
113.28
108.20
106.06
105.97
108.30
106.56
104.21
99.07
92.63
87.38
90.27
92.01
99.84
109.05
110.56
111.05
108.08
95.46
90.28
94.96
98.58
97.34
103.03
111.60
108.07
102.34
104.45
104.47
103.82
107.52
105.38
93.16
84.29
88.55
98.30
104.01
99.83
91.27
89.22
91.84
96.73
95.59
101.51
106.81
107.76
102.39
94.60
87.08
89.01
97.78
103.61
96.66
94.22
99.47
106.68
112.25
109.00
96.11
89.71
90.04
92.93
100.14
105.55
99.50