101.08
98.51
105.58
111.67
108.72
101.20
92.50
87.40
94.04
98.74
94.80
94.93
104.53
112.68
109.14
98.34
95.83
105.17
102.61
92.74
86.72
91.91
101.82
109.88
106.66
98.06
99.61
99.10
100.42
107.16
106.16
98.87
99.79
102.54
95.20
88.11
90.82
99.17
96.58
88.40
89.93
93.17
100.16
98.12
95.33
96.74
92.58
86.93
86.25
87.64
89.87
99.44
103.20
104.90
108.22
109.04
107.24
98.09
92.40
99.68
99.25
93.01
97.87
104.88
105.51
95.76
87.26
84.80
89.15
100.25
111.31
114.33
106.98
95.55
89.94
87.73
87.86
88.40
94.75
102.33
109.36
103.47
95.50
93.11
92.86
98.72
96.54
93.32
100.89
101.78
103.17
107.27
102.14
96.40
97.55
94.69
90.23
87.67
94.29
98.50
95.04
89.36
88.81
96.78
97.50
100.08
105.22
109.76
112.64
111.83
109.66
98.89
87.63
90.96
104.88
104.51
98.39
97.49
93.14
91.48
100.80
104.38
99.70
96.23
101.28
103.11
104.52
107.14
100.87
99.94
100.59
101.66
101.45
102.70
98.55
89.82
91.82
101.02
101.51
98.80
99.54
103.92
104.87
103.50