100.92
93.65
91.19
89.00
86.59
86.36
90.35
94.72
97.33
104.61
101.22
91.96
86.15
88.45
93.68
96.12
92.57
88.82
93.69
108.22
111.75
111.22
107.22
105.12
107.00
108.68
101.44
90.63
86.35
86.51
88.85
92.90
95.65
100.29
99.25
100.11
102.37
102.55
99.01
95.63
91.55
87.62
88.12
92.08
99.12
96.73
89.99
89.70
95.03
104.66
112.85
107.59
99.77
90.62
90.30
90.84
87.97
92.62
98.69
103.62
97.43
94.68
91.11
89.25
94.02
95.93
102.53
106.64
110.43
108.81
106.05
107.12
102.68
101.01
99.81
100.47
99.26
103.66
103.00
100.92
103.98
107.59
101.20
94.08
97.87
100.14
95.06
91.87
100.16
111.49
111.94
108.55
102.59
97.76
101.03
103.56
102.94
104.37
101.17
101.44
96.42
89.06
86.02
85.26
88.34
99.01
101.84
93.39
93.06
96.08
98.05
105.97
109.70
112.06
110.41
105.20
96.95
93.33
100.94
101.31
102.64
97.97
99.93
103.92
98.41
90.14
89.39
89.40
92.50
95.03
99.15
101.81
105.39
98.80
97.77
106.41
104.88
94.45
89.97
97.82
101.17
98.97
95.73
92.74