99.09
98.66
104.50
101.59
101.23
103.53
107.09
106.26
100.28
95.09
100.21
100.93
96.59
97.61
103.62
109.48
111.96
109.36
108.76
100.78
92.44
89.10
90.50
101.04
107.06
104.00
94.74
89.76
96.16
96.16
96.83
100.23
106.75
111.93
107.87
98.53
97.60
103.18
105.55
105.58
105.49
96.82
95.71
95.95
92.67
95.32
99.55
102.64
96.01
92.12
93.46
101.19
105.11
104.33
95.49
96.58
100.43
101.05
98.24
100.45
107.68
104.02
99.52
96.63
98.29
106.42
108.95
107.20
103.48
104.65
102.30
103.51
105.08
100.02
93.75
94.86
99.56
101.95
103.87
105.43
109.59
111.14
112.37
112.14
112.23
109.89
104.81
94.79
90.70
98.34
101.96
98.47
90.94
85.53
86.41
88.85
88.57
93.39
108.21
114.49
112.69
111.90
109.87
107.10
101.35
92.10
94.20
106.42
112.11
110.90
106.86
100.24
92.83
89.39
89.01
91.22
96.86
108.46
113.17
112.49
110.19
108.04
106.48
107.01
106.79
108.83
109.48
107.08
96.76
87.45
85.88
91.10
100.62
102.25
95.85
90.85
90.88
96.46
108.64
116.02
117.08
114.94
112.17
110.85