97.31
87.97
91.19
98.18
94.83
91.83
91.92
100.04
103.81
99.41
102.74
107.04
100.48
94.94
98.18
99.52
102.24
107.36
106.02
95.54
91.43
90.21
96.45
102.31
97.48
96.93
92.74
92.09
101.74
111.49
107.15
96.16
94.60
96.10
103.07
105.63
109.33
113.20
108.98
96.61
91.41
94.92
92.40
95.99
96.65
90.07
86.89
89.47
98.58
104.79
107.16
106.85
108.66
110.54
105.83
101.14
101.92
108.29
112.03
109.61
108.08
105.56
101.70
92.01
85.12
87.56
94.43
105.19
112.57
110.16
106.47
108.36
111.91
107.74
95.13
86.22
88.74
91.63
97.46
98.61
103.36
101.13
101.05
104.95
100.34
94.64
88.66
87.57
93.60
99.62
105.06
101.19
94.01
90.72
97.50
102.53
96.16
89.51
90.62
96.11
106.17
107.76
106.06
105.47
103.64
97.44
88.79
87.91
90.45
95.58
106.88
106.26
96.27
96.50
103.61
106.62
99.39
99.32
103.19
99.76
92.81
94.90
97.25
101.69
104.31
108.83
110.33
100.68
88.59
91.83
105.67
110.68
104.49
98.59
97.65
92.26
91.75
97.46
97.68
96.14
97.24
96.66
100.73
108.73