97.56
88.98
89.08
89.84
97.38
109.11
110.08
103.19
93.45
94.80
105.89
110.59
104.89
95.13
88.48
87.39
88.38
95.57
99.96
104.05
110.48
106.37
103.41
96.70
89.75
88.26
94.01
93.63
96.92
96.14
98.06
93.67
88.14
86.15
87.45
92.57
93.55
99.18
100.71
106.83
108.57
103.58
102.83
102.46
106.39
111.14
104.57
99.53
102.33
97.18
91.41
87.73
87.61
96.27
110.46
110.56
100.77
94.55
99.69
99.98
92.67
89.39
91.38
89.95
96.03
109.14
113.30
104.75
93.85
88.81
95.28
108.90
109.77
105.58
107.02
102.88
99.68
93.25
86.75
91.28
93.60
91.28
88.14
88.82
92.53
96.81
97.61
91.47
88.25
86.55
89.18
101.12
116.07
115.84
108.02
92.22
88.14
88.56
88.66
89.65
90.40
90.29
92.78
93.39
96.79
104.59
110.31
107.36
101.74
96.66
100.78
106.21
101.82
101.89
106.63
107.50
108.28
101.09
91.97
95.74
100.95
98.63
98.54
94.60
99.18
103.21
104.68
103.76
104.95
107.15
101.74
98.12
94.03
94.81
100.84
109.18
111.94
110.89
101.18
93.89
100.68
99.15
95.40
100.50