100.08
92.36
95.10
104.78
106.75
109.86
108.07
103.17
103.75
108.13
106.69
95.80
92.33
96.35
99.22
102.88
100.51
101.04
96.10
90.02
93.31
106.80
113.98
114.65
108.12
94.66
86.50
89.07
96.33
107.72
110.18
109.65
110.92
110.02
99.23
85.78
87.05
99.39
100.81
98.09
95.82
93.55
91.39
89.17
92.05
91.82
97.04
97.85
94.59
99.08
101.86
95.53
92.94
94.91
103.06
101.10
102.57
107.40
108.54
102.38
99.24
100.76
104.24
106.39
100.78
100.49
107.40
112.31
109.36
97.68
91.31
99.28
98.97
96.39
96.83
94.26
99.50
107.84
110.58
105.47
101.91
103.67
103.24
103.16
106.94
111.38
112.29
106.51
102.23
106.31
111.89
110.56
108.39
103.02
100.68
101.69
101.55
98.72
100.24
97.63
93.23
88.03
89.90
99.21
103.79
101.48
105.22
107.41
103.76
98.40
92.17
92.01
96.04
101.51
98.11
91.67
92.74
99.51
97.04
89.19
87.37
96.07
100.54
104.88
98.99
89.53
85.56
87.20
94.94
96.00
96.50
92.35
88.55
93.18
95.03
96.46
97.23
94.90
97.51
104.13
100.10
89.91
87.84
89.79