99.54
91.40
96.44
103.31
109.31
109.65
103.57
95.08
97.17
105.37
103.72
100.15
103.34
109.16
112.98
111.90
108.21
103.42
103.66
99.84
88.96
86.76
88.66
91.31
94.91
102.02
104.25
106.60
110.66
110.49
104.40
94.58
89.14
91.91
102.10
104.26
105.83
99.18
95.32
92.77
87.63
90.77
98.86
105.07
106.81
109.64
111.20
110.20
107.28
103.23
100.41
103.49
108.60
112.04
111.86
108.95
103.84
95.48
90.56
90.99
93.97
104.18
112.06
108.24
96.29
95.84
94.00
93.34
101.94
100.99
90.85
90.17
96.09
103.24
110.31
105.37
92.56
91.84
94.90
95.55
90.29
92.19
101.35
103.50
96.23
95.02
99.97
100.88
98.06
93.91
87.94
85.05
85.08
86.14
89.67
100.91
104.51
101.04
99.74
101.68
95.87
92.39
95.24
102.47
106.89
100.84
96.29
99.77
107.44
106.45
94.14
91.72
95.68
104.99
109.56
112.13
108.89
98.62
97.63
105.24
107.08
100.18
100.01
107.96
108.43
107.71
102.21
95.94
93.65
99.69
98.91
92.87
95.10
106.69
107.13
106.54
105.63
96.81
89.12
92.29
100.70
100.02
90.73
85.91