100.11
94.67
91.66
96.27
103.24
109.91
110.75
108.29
107.75
107.21
103.31
96.01
90.79
88.38
91.76
91.01
91.40
89.88
92.23
93.28
90.35
91.96
99.12
102.79
107.70
112.19
108.39
94.39
87.25
88.84
98.32
110.27
110.72
109.73
110.35
109.09
99.61
95.08
94.65
99.60
103.83
103.03
94.73
95.06
96.51
95.07
97.64
104.23
102.34
96.60
97.65
101.95
100.33
103.48
108.50
107.18
97.83
86.40
87.02
95.99
105.84
100.54
95.69
100.22
109.54
105.14
103.05
106.72
109.21
110.91
109.24
100.31
87.67
83.47
88.36
95.79
94.27
92.97
98.42
102.45
103.01
101.27
94.60
91.89
93.94
101.97
109.10
111.45
107.75
105.94
101.15
94.42
96.22
103.49
104.59
97.27
93.31
90.56
93.51
93.92
95.44
99.91
105.78
100.41
98.77
93.90
92.20
93.28
92.35
91.06
88.48
86.09
89.98
101.90
115.35
118.54
116.82
113.60
111.93
104.23
97.18
100.48
109.21
104.36
100.78
102.08
102.23
95.82
90.01
94.61
104.33
110.98
104.59
100.53
100.62
105.60
105.89
104.49
101.10
100.79
104.68
104.27
98.72
91.34