101.50
106.46
107.33
102.06
98.93
101.23
107.59
106.46
100.37
94.10
90.39
88.36
93.63
95.92
102.59
102.86
97.34
100.72
106.52
102.75
96.92
100.66
109.55
105.49
101.72
96.02
97.20
104.61
109.62
102.42
93.82
91.95
99.25
99.14
96.37
94.29
97.54
96.68
96.27
96.55
100.27
99.11
90.59
89.17
89.99
92.84
91.65
91.26
91.22
99.76
104.48
109.70
108.15
108.01
101.56
99.04
98.12
101.75
104.06
98.68
93.60
90.60
95.75
99.67
96.94
93.09
90.80
96.59
108.69
113.49
113.92
114.06
109.36
95.91
87.81
92.73
105.08
103.26
92.16
88.98
96.97
96.88
100.96
109.52
114.11
114.54
110.02
96.86
88.99
92.98
95.24
99.42
101.85
106.48
109.47
108.96
99.78
86.69
87.08
90.43
90.76
94.72
99.96
109.43
115.09
114.38
111.50
109.81
109.26
109.33
108.47
103.96
96.33
97.73
98.31
100.72
101.29
104.05
105.53
96.76
90.50
98.28
106.51
101.99
90.20
84.25
88.61
96.72
96.49
92.87
97.40
100.89
96.53
96.48
96.10
96.21
102.37
106.67
102.31
95.82
96.76
99.72
102.30
105.86