101.90
101.34
104.92
104.90
97.28
96.45
105.27
108.28
105.10
96.67
91.22
94.13
101.18
96.94
98.48
103.99
99.23
98.51
106.30
109.99
111.53
110.17
106.91
106.46
100.40
94.57
92.90
89.61
94.96
107.40
105.39
101.65
106.13
105.54
94.52
92.64
95.76
96.95
91.21
91.44
91.63
91.73
93.44
94.22
101.95
110.93
109.73
105.92
100.88
94.98
98.11
108.17
106.68
101.27
95.04
87.60
85.81
87.98
96.02
100.12
104.50
107.79
109.03
110.81
106.48
95.19
95.66
100.53
102.98
106.78
107.60
98.10
90.30
95.12
99.72
95.92
98.50
101.33
100.15
99.35
94.09
87.47
85.64
86.93
93.90
105.07
106.81
99.06
99.64
96.95
97.12
105.90
106.56
104.65
101.30
102.59
97.05
87.19
84.74
86.27
88.08
91.82
92.00
90.36
90.29
94.46
100.43
98.35
101.84
103.13
106.17
110.37
106.49
101.64
100.56
103.37
109.19
110.81
109.70
99.22
94.02
95.31
91.63
89.24
97.65
106.57
101.93
100.86
108.25
113.22
106.83
96.34
94.74
93.89
88.46
85.85
87.20
89.16
89.13
89.23
93.72
96.55
97.91
98.94