101.26
100.20
108.41
110.31
104.27
94.24
93.34
97.82
94.95
92.29
95.49
102.01
99.17
94.50
89.27
90.39
97.42
105.59
107.05
100.74
98.55
101.15
100.15
95.66
97.30
94.09
98.50
104.09
108.33
110.23
107.56
102.71
104.10
110.24
108.20
102.40
91.39
84.29
85.46
87.09
88.01
87.56
87.14
89.38
95.49
106.96
103.77
93.56
95.56
103.73
99.88
101.23
108.62
106.33
104.74
101.23
103.78
99.45
97.83
94.50
95.06
100.29
96.48
87.94
84.48
84.85
86.34
87.14
93.44
106.17
114.08
111.73
98.66
93.95
97.52
95.31
87.95
87.93
95.60
98.58
98.17
100.45
105.40
108.93
112.54
112.10
101.42
89.59
92.73
99.58
94.64
92.25
93.23
90.61
94.72
106.95
111.54
113.63
111.42
106.40
101.69
98.09
98.23
103.82
102.63
103.51
100.25
92.28
88.65
91.12
96.35
105.42
109.16
104.10
93.59
89.67
91.96
93.08
100.16
99.12
90.37
88.26
91.39
90.68
87.62
85.69
85.49
87.37
93.86
105.81
108.26
111.03
107.49
106.91
102.67
98.81
99.66
101.13
95.61
92.09
90.66
89.22
92.91
103.25