99.13
90.79
89.03
88.41
89.63
89.72
96.55
111.56
115.30
107.90
99.02
94.20
89.11
89.26
89.19
90.49
99.09
98.63
98.57
101.59
108.19
113.47
112.34
109.81
110.12
110.58
109.96
100.05
89.99
91.13
92.87
95.01
93.07
87.76
86.32
87.64
87.71
88.33
95.48
103.30
108.89
112.15
112.72
108.86
99.43
98.32
96.84
91.09
85.84
86.86
88.47
88.32
89.81
89.58
87.63
86.18
90.12
101.04
100.88
96.61
97.46
94.76
93.63
102.02
104.68
100.04
91.83
92.90
94.95
91.75
87.60
91.46
102.00
112.22
114.14
104.86
99.84
102.12
105.19
105.95
107.83
107.94
100.38
98.78
100.22
104.02
101.65
93.25
89.98
87.82
91.04
96.43
101.66
99.43
100.09
106.13
112.42
109.95
97.44
94.74
104.15
106.75
105.26
101.68
98.17
94.90
90.04
87.11
93.09
107.12
114.08
110.49
104.80
106.16
108.12
110.44
108.11
102.61
96.36
99.34
98.97
95.88
91.57
94.36
102.70
107.89
100.50
87.90
90.17
100.57
111.01
107.11
105.10
106.60
106.00
100.65
92.52
96.04
97.09
101.57
103.25
105.12
105.15
99.84