97.45
90.00
97.12
102.86
99.08
97.56
93.75
94.22
103.75
110.18
110.26
110.11
104.69
92.81
89.10
91.21
91.04
93.34
104.22
111.57
104.69
101.82
102.33
100.11
102.22
106.48
104.51
104.37
108.14
110.86
111.36
111.90
112.81
105.66
90.32
86.84
90.73
98.19
96.33
95.38
91.92
89.35
94.55
103.08
111.48
110.57
109.23
110.93
105.71
99.26
90.78
89.15
92.28
97.74
100.04
106.04
112.10
108.98
105.71
98.16
91.11
90.45
97.66
98.71
91.24
89.54
91.04
96.90
97.88
100.42
100.13
105.51
108.92
101.55
92.09
93.61
93.02
89.49
89.93
90.41
88.78
93.13
105.38
115.16
109.58
100.23
98.19
101.53
96.19
87.00
86.57
95.71
105.96
108.15
109.05
103.67
102.12
102.32
94.67
95.73
107.34
109.94
107.73
97.78
86.96
86.94
96.59
102.29
99.54
91.72
85.91
85.08
87.89
89.05
90.13
95.88
100.87
107.56
111.32
113.40
111.65
107.86
106.39
108.03
102.41
92.01
89.96
91.63
89.64
92.78
93.51
90.72
95.68
96.34
100.01
105.34
110.62
110.21
110.15
111.97
108.09
103.11
98.18
91.70