100.05
100.82
103.41
105.29
100.05
99.18
103.97
101.66
96.23
97.00
105.66
104.61
95.65
90.86
87.60
91.85
106.09
113.60
108.55
106.04
106.69
101.48
93.82
94.60
98.95
101.65
101.95
102.36
96.15
89.06
88.75
89.35
95.41
105.89
109.54
104.14
93.76
90.15
88.20
94.71
109.14
114.49
111.54
106.90
99.57
94.25
93.67
96.35
102.67
109.97
106.18
96.07
95.89
101.83
109.09
108.91
98.91
95.70
105.16
110.46
107.27
94.93
91.07
99.64
107.26
107.64
100.32
98.00
102.54
97.74
90.15
94.34
101.44
100.77
94.39
94.55
93.05
99.45
107.99
107.25
102.43
101.35
103.09
101.77
98.78
95.71
91.58
94.90
101.43
109.33
110.77
106.44
101.16
92.88
93.03
93.85
95.88
104.51
105.99
96.20
87.88
92.07
95.58
98.88
105.13
104.84
97.48
92.25
94.87
96.86
98.92
99.83
98.57
97.70
103.43
107.82
104.52
103.22
99.13
98.50
101.31
95.28
91.19
97.30
98.10
92.53
94.02
93.80
93.20
99.06
107.61
104.74
93.64
89.38
88.60
90.06
91.43
90.66
87.84
89.41
94.06
100.08
95.99
95.05