99.99
92.26
93.61
99.44
104.73
104.41
102.43
106.65
107.40
101.56
99.73
98.67
102.03
107.24
105.44
103.19
98.96
89.84
89.42
89.77
97.08
109.67
105.95
96.17
95.70
100.89
104.76
103.24
101.47
97.76
93.79
95.86
100.92
106.72
100.36
90.89
91.08
103.24
112.27
105.46
91.56
90.35
90.24
90.85
99.47
107.59
103.30
102.29
100.22
99.49
103.32
100.83
94.51
87.83
86.96
94.23
95.87
99.33
105.26
104.11
98.18
101.31
103.96
106.44
104.68
94.03
87.15
90.15
99.84
103.29
97.40
97.29
106.00
107.75
102.01
91.90
87.28
89.12
99.69
102.69
94.67
95.48
97.02
97.90
99.32
94.27
89.17
92.92
97.36
99.09
106.14
105.17
103.42
103.68
102.01
103.72
99.84
90.45
85.82
91.88
104.07
109.16
112.25
113.32
106.45
96.03
89.16
90.57
102.28
104.85
97.58
93.70
94.80
99.17
104.77
100.29
98.52
103.66
108.29
111.88
111.44
106.04
92.40
86.56
85.90
85.81
86.11
86.19
87.01
88.88
91.67
92.74
90.08
89.48
89.31
96.19
111.05
116.58
117.12
115.41
112.28
105.63
100.16
103.92