99.89
95.28
102.50
108.04
106.27
106.89
100.36
99.90
100.39
100.68
103.13
100.70
103.78
100.60
101.54
100.31
97.87
99.74
107.44
113.69
113.11
108.58
98.13
91.83
92.29
100.31
105.70
104.98
98.36
90.72
87.98
86.81
89.38
95.13
98.01
98.08
105.06
113.33
115.23
113.94
104.17
87.69
83.88
85.21
90.34
101.90
112.07
111.06
101.65
92.19
86.80
86.03
88.35
89.55
89.83
96.00
100.37
98.28
93.23
88.27
93.83
104.98
112.36
111.04
101.08
88.18
88.85
97.35
109.02
113.60
107.95
104.61
106.93
102.34
99.82
99.09
103.65
102.64
101.25
100.95
103.57
97.20
92.98
92.98
102.15
106.44
110.31
105.39
95.90
87.20
84.95
86.34
89.21
99.67
108.24
103.33
100.55
95.93
94.50
97.57
106.56
108.93
99.17
96.11
102.03
99.90
94.88
92.71
89.27
90.30
91.24
90.48
90.31
91.51
91.93
95.55
98.37
95.31
93.25
96.93
101.95
109.13
110.46
103.24
98.87
101.94
107.66
106.69
103.22
93.24
90.27
90.60
88.12
89.77
90.39
92.80
93.81
91.67
90.83
90.03
89.35
93.89
101.05
101.00