100.68
97.34
98.26
96.28
99.16
95.32
98.21
102.73
106.30
99.66
95.72
97.36
102.11
102.78
103.43
108.81
113.09
111.80
107.39
102.31
94.46
89.22
91.14
89.79
86.22
85.17
86.34
88.43
94.87
106.58
102.69
100.47
102.87
100.77
96.71
101.50
110.51
114.59
114.49
113.78
109.50
100.30
91.47
94.71
93.79
89.79
95.19
104.40
99.37
99.45
102.93
103.30
100.36
94.65
90.39
87.39
92.25
95.90
99.84
96.79
94.86
90.33
87.99
91.56
101.12
105.09
102.71
97.96
90.43
89.04
88.28
86.59
85.97
86.75
89.57
101.98
113.47
110.85
105.46
95.04
92.19
94.60
97.98
96.94
98.80
106.82
103.64
94.72
89.43
92.71
104.45
103.43
98.00
97.70
95.04
95.96
100.70
109.18
106.64
99.81
102.00
99.93
92.25
86.63
86.77
94.15
110.09
116.34
115.96
114.90
112.58
110.15
108.87
104.21
100.52
101.08
100.18
104.01
108.27
110.25
107.01
96.42
95.73
99.37
96.99
100.58
108.56
110.75
110.87
101.72
97.41
104.41
105.88
105.27
101.72
100.70
98.92
97.38
97.89
95.50
88.65
86.44
90.61
98.27