102.85
98.92
95.56
90.54
87.85
89.35
89.59
92.07
91.09
90.87
92.76
94.49
102.18
111.86
110.37
97.67
85.06
85.83
87.66
88.00
87.53
90.86
96.60
100.46
95.83
89.10
90.40
99.96
98.60
90.23
90.19
94.68
101.40
108.12
107.88
105.95
101.27
101.82
96.65
88.59
88.25
89.64
91.27
91.39
91.30
95.86
106.54
104.14
99.24
101.33
98.01
89.81
86.48
92.51
101.33
111.33
111.46
104.99
99.99
92.72
94.61
97.47
96.37
95.53
103.08
107.63
108.31
99.05
89.33
93.25
103.63
103.70
104.96
106.54
106.54
100.29
100.03
104.49
110.07
107.41
99.94
97.34
92.59
92.69
99.78
109.07
114.18
113.35
111.39
107.82
104.16
102.38
101.33
105.46
106.79
109.12
111.03
111.82
112.20
106.76
103.09
99.42
96.64
96.91
99.27
95.98
89.93
86.48
92.46
102.91
110.99
115.26
111.33
106.69
96.36
89.80
87.24
86.14
86.04
86.65
88.08
95.62
112.70
119.17
111.93
105.57
96.72
86.22
86.84
92.88
103.19
101.69
91.33
87.39
87.96
94.91
101.81
106.21
99.22
88.28
87.03
92.01
92.81
92.99