96.44
87.97
89.62
92.96
96.55
99.92
106.49
112.56
108.74
98.33
89.02
85.93
87.24
90.53
96.70
107.36
108.03
108.25
108.88
110.91
108.84
104.53
98.40
98.47
94.83
87.35
91.20
105.48
107.71
103.40
99.00
101.10
105.00
103.56
102.14
104.85
108.92
109.68
106.56
105.98
102.08
102.92
104.39
98.72
89.06
86.65
86.49
86.64
86.09
86.84
87.46
91.22
96.63
94.30
96.85
107.58
113.59
114.65
112.63
102.43
88.75
84.50
86.17
93.12
97.57
93.81
96.34
95.19
101.21
101.44
92.53
91.09
91.18
91.22
98.05
96.71
97.73
105.60
105.93
95.59
86.01
84.27
86.34
93.50
111.61
108.84
94.44
86.43
86.85
93.94
103.68
108.04
108.25
101.53
92.76
95.73
108.01
107.92
107.31
100.50
89.38
86.21
89.22
89.18
87.06
91.38
93.16
93.08
94.23
92.84
89.44
94.85
105.97
109.51
111.71
114.14
113.60
109.90
96.92
92.59
94.69
97.92
98.41
95.26
94.56
96.42
105.12
102.86
99.13
103.80
109.36
113.22
111.19
100.64
90.49
92.26
104.12
103.65
101.09
96.81
96.00
99.88
105.70
106.07