101.60
100.81
110.54
114.30
114.99
115.52
111.69
101.47
92.13
97.30
105.50
110.81
113.96
113.44
102.41
88.44
84.53
89.19
93.07
102.11
104.82
108.98
111.25
105.94
92.76
86.78
86.88
94.71
108.82
111.20
103.05
92.74
96.44
99.50
96.23
96.92
99.20
106.10
102.25
92.45
89.26
90.07
92.47
92.08
92.01
89.78
89.73
89.43
92.06
91.76
98.83
111.37
111.88
100.01
95.41
93.67
93.19
96.26
94.43
94.37
104.07
108.45
106.05
98.58
100.06
98.39
97.76
93.43
93.19
100.74
105.94
101.70
91.86
85.33
86.91
87.90
88.94
98.38
111.23
106.83
98.31
88.71
85.15
88.20
91.94
93.09
90.02
92.08
95.72
104.98
102.44
103.87
109.82
109.71
98.16
89.24
92.14
103.16
107.84
110.57
106.30
101.59
94.57
97.68
95.94
92.69
99.28
109.48
113.74
114.64
108.39
103.46
106.70
110.56
109.32
107.98
107.66
102.95
99.76
92.61
86.47
87.81
92.13
95.31
102.36
108.81
105.63
100.29
95.64
91.25
92.58
99.83
106.26
109.01
101.92
94.73
90.09
87.77
87.66
95.37
96.39
90.02
92.82
95.37