99.67
97.08
99.19
99.97
95.97
99.15
104.76
98.99
88.10
88.29
92.02
98.56
98.80
100.15
97.37
101.52
102.02
102.61
104.74
104.69
100.42
95.00
96.03
105.23
107.19
97.44
86.95
90.42
105.28
111.79
111.12
100.86
87.91
88.53
96.85
106.04
111.04
113.83
107.06
99.20
99.08
95.87
88.38
89.63
101.08
109.58
113.47
106.71
92.02
85.94
88.61
88.76
89.47
97.67
106.32
102.57
101.33
103.95
101.88
92.16
90.53
93.07
91.69
98.48
107.55
104.03
98.69
102.61
107.04
111.12
105.47
93.47
87.35
86.01
90.81
97.00
97.59
101.26
105.78
99.76
99.38
103.11
103.69
107.30
110.18
111.82
105.17
92.60
86.13
90.32
92.13
98.84
97.60
92.73
92.36
96.72
100.07
107.58
112.01
110.86
108.89
102.04
97.48
93.09
97.69
99.43
91.64
86.21
89.78
95.67
106.59
111.41
112.48
107.27
100.45
101.06
97.56
97.33
105.22
106.86
101.57
91.79
85.54
89.82
97.01
101.15
100.56
105.10
100.17
96.75
103.45
111.46
113.11
111.79
107.08
105.21
101.01
90.58
89.75
96.33
105.71
103.37
93.20
89.40