96.45
90.44
92.31
91.39
90.22
88.70
90.93
93.12
91.46
94.80
106.40
110.51
112.04
112.11
111.34
106.01
97.58
99.07
98.06
89.12
85.91
86.69
88.04
87.95
91.68
104.56
109.74
104.99
98.19
100.01
98.50
97.99
97.72
101.67
103.82
96.89
87.99
88.32
96.99
105.83
104.61
105.32
103.26
100.10
99.37
96.34
99.92
109.52
106.96
96.98
87.49
86.57
86.88
87.08
87.95
89.64
97.61
112.04
112.35
101.25
95.37
93.01
95.88
103.30
105.34
103.52
96.98
99.39
106.82
105.84
102.25
99.95
100.20
98.26
95.27
99.62
96.42
87.48
89.26
99.66
100.81
96.11
98.61
105.06
109.86
111.03
110.31
106.97
106.49
101.84
101.86
102.11
100.35
100.88
100.35
105.02
101.86
100.69
100.64
104.68
100.68
96.38
92.74
90.40
92.45
92.37
95.49
98.63
100.13
104.63
110.02
107.39
99.71
99.69
106.77
104.96
94.48
88.08
87.25
92.83
105.68
104.32
92.99
91.06
92.01
92.61
93.30
95.72
95.82
91.71
88.78
86.93
87.27
93.78
106.07
112.04
114.74
111.15
98.13
94.93
99.90
102.89
108.26
110.43