97.38
89.65
88.06
96.09
108.53
107.26
105.31
104.96
106.28
101.99
101.12
106.76
108.58
109.34
109.95
101.22
95.30
95.77
102.18
99.97
93.50
94.61
94.08
94.47
98.77
107.88
106.87
102.09
103.50
107.67
111.58
104.72
98.57
93.12
97.49
102.63
95.77
90.61
89.45
92.65
95.01
99.36
102.45
95.41
88.75
86.89
94.67
105.90
112.20
104.44
93.21
88.16
90.15
100.01
100.81
93.91
94.11
94.38
91.77
88.31
86.29
88.91
94.41
93.94
96.85
103.95
110.71
114.55
115.36
107.09
89.93
83.72
84.86
86.83
87.57
94.52
108.18
114.69
107.63
101.15
105.45
109.27
109.06
110.11
111.88
112.95
107.09
97.83
99.44
97.72
98.12
97.94
101.24
108.47
110.67
101.76
92.93
87.88
87.10
87.93
93.76
98.66
98.71
104.37
100.64
94.05
95.55
97.16
97.99
99.43
99.97
99.29
100.36
101.43
97.27
94.21
99.64
97.48
90.45
90.37
100.96
103.85
104.10
101.24
102.12
98.59
98.13
96.14
94.70
95.10
90.55
92.23
96.29
95.30
89.12
91.04
93.02
92.11
93.34
91.03
89.58
97.63
105.92
101.28