101.38
105.59
115.80
117.11
115.46
108.08
98.14
99.20
103.12
105.72
103.91
101.25
102.93
102.40
95.35
97.68
108.16
110.63
106.40
101.38
104.42
109.78
110.87
107.02
94.83
85.31
88.80
91.11
90.44
93.33
98.13
97.27
98.02
102.01
100.96
96.72
99.54
102.49
94.86
86.96
87.60
98.83
110.47
115.55
116.09
112.15
101.97
91.80
91.02
100.44
105.25
109.15
109.05
107.94
109.18
104.93
100.09
97.53
92.40
92.97
93.48
91.61
93.56
93.93
91.78
90.91
92.79
100.09
106.70
107.07
101.95
97.15
100.36
103.34
99.75
90.40
89.49
93.48
103.06
101.69
95.19
89.14
87.95
87.45
94.02
96.94
98.86
99.89
99.04
95.22
100.04
101.44
102.32
104.24
103.14
102.60
100.87
104.79
104.73
106.63
110.16
107.50
101.99
100.01
94.51
89.48
90.77
94.01
92.67
94.86
102.08
101.48
98.66
92.35
89.39
90.59
99.28
103.93
97.58
95.34
100.74
108.86
110.41
110.75
107.12
97.02
95.76
98.30
97.33
91.95
90.84
97.51
99.22
103.93
103.17
100.67
100.81
102.59
104.12
97.54
91.74
88.51
92.79
101.26