101.97
97.52
99.81
104.80
105.82
96.96
87.07
84.15
85.62
89.16
91.69
94.58
97.41
92.99
92.21
93.38
99.76
102.55
107.57
111.99
110.47
109.57
106.53
94.48
84.19
85.71
95.82
102.37
99.83
96.98
92.95
88.52
87.69
88.17
93.72
101.65
97.77
96.70
99.14
100.22
102.22
96.39
97.90
105.09
105.35
102.04
100.95
103.57
107.06
107.98
105.25
98.43
95.54
94.73
100.99
99.94
101.65
102.79
95.35
87.94
89.34
93.94
97.50
99.78
96.24
90.03
88.07
89.99
93.83
94.83
95.95
103.47
104.46
99.67
90.28
88.71
99.71
111.86
108.41
102.39
93.89
95.07
100.71
105.65
101.70
101.90
96.64
96.04
98.83
93.77
87.41
89.91
96.77
106.42
108.20
108.67
105.96
106.96
108.01
102.43
92.97
90.60
96.15
100.38
105.83
107.48
102.90
99.15
93.45
96.67
102.23
95.90
93.45
95.64
95.69
100.28
108.28
103.74
98.68
91.19
85.94
86.58
87.75
88.92
91.05
93.66
92.56
93.02
94.00
92.23
96.94
109.02
115.52
111.07
98.82
88.45
89.01
96.31
101.12
107.89
112.39
113.92
111.22
103.75