99.28
97.17
102.09
109.79
114.14
108.67
96.57
92.20
96.94
105.82
112.40
111.02
101.82
90.27
93.29
104.22
104.81
106.73
108.58
105.90
106.15
101.33
94.70
96.92
96.43
96.72
98.07
96.35
101.57
98.41
92.57
89.80
94.18
94.08
97.72
100.93
98.42
100.82
108.22
113.21
114.97
113.57
111.14
108.63
97.94
94.02
94.65
91.99
89.12
96.34
109.38
109.79
108.72
102.76
93.01
86.74
86.05
85.83
89.69
91.25
92.34
89.77
87.92
91.47
97.22
102.38
108.96
112.11
104.45
97.83
103.44
108.19
108.92
101.58
88.54
84.61
90.36
99.98
101.72
102.33
97.60
99.90
102.13
105.44
100.66
89.63
88.24
88.89
87.71
90.23
99.63
104.93
103.04
96.57
98.52
103.32
98.60
90.15
91.07
91.38
88.37
89.95
92.67
101.10
101.32
97.94
90.91
88.11
90.90
100.04
99.31
90.78
88.39
89.31
93.07
101.18
106.58
100.51
94.87
92.68
99.22
100.07
103.74
105.91
105.10
100.59
99.78
103.79
105.84
106.03
102.16
100.25
95.95
92.76
98.99
104.53
108.79
106.31
102.06
105.43
101.77
93.62
86.74
84.53