103.07
104.14
104.35
103.34
102.15
101.67
104.50
108.02
110.83
107.87
104.15
99.08
98.81
97.85
96.01
99.13
98.62
92.49
90.32
93.64
94.30
96.90
100.76
102.74
105.42
110.56
112.29
112.24
110.06
105.45
95.44
95.65
100.86
95.82
96.87
104.27
107.86
106.57
106.85
107.46
98.27
94.81
98.95
99.37
103.82
101.13
100.72
97.51
99.51
105.05
99.82
99.73
106.39
106.74
104.08
104.89
109.15
113.00
107.00
100.02
101.66
107.30
102.86
98.22
103.97
111.09
113.41
108.60
101.05
101.08
98.22
95.29
91.16
86.57
89.92
98.66
110.55
116.35
111.61
102.86
93.97
88.40
85.82
87.24
92.26
92.98
89.76
87.09
92.47
99.58
105.58
100.14
93.41
89.53
95.73
96.93
98.33
101.96
107.39
103.43
95.58
93.33
92.01
94.00
97.09
92.94
87.12
90.33
93.65
103.26
112.25
115.93
115.90
114.76
104.96
92.62
96.03
100.81
99.09
96.70
99.99
108.15
108.00
100.22
93.28
89.38
86.55
88.91
93.68
96.99
100.91
104.11
108.76
102.86
91.76
94.29
105.05
110.76
112.59
104.39
94.50
94.99
103.44
100.19