99.15
94.09
102.43
111.34
114.68
115.98
113.41
106.78
101.30
104.31
105.46
101.05
100.34
103.55
101.64
101.88
101.66
94.65
88.77
91.98
94.13
97.67
94.76
88.56
90.82
96.47
96.56
91.02
89.98
93.53
95.20
97.15
98.55
106.45
113.37
115.62
110.80
97.20
84.71
86.11
94.57
103.60
110.73
110.49
99.59
86.83
83.94
89.41
104.82
108.60
102.04
93.25
86.59
84.82
89.38
94.60
97.00
99.43
106.91
104.43
103.50
103.32
106.26
101.29
98.57
92.69
92.80
92.88
89.69
89.56
93.71
101.54
111.12
108.78
107.61
101.68
100.22
106.91
112.09
112.19
111.77
107.22
93.45
86.75
89.60
89.72
88.28
87.19
86.92
89.71
101.03
113.04
117.00
115.77
105.90
92.59
93.71
95.18
90.14
87.67
95.11
100.93
104.95
109.60
111.40
104.38
89.70
83.37
85.04
90.41
103.00
114.09
107.14
97.92
96.84
98.68
92.37
85.93
87.05
92.11
95.93
93.03
90.98
97.48
105.73
107.87
100.85
90.64
90.09
91.56
95.59
98.53
100.49
95.42
88.09
92.77
102.32
110.99
112.56
112.55
105.95
100.17
100.02
104.87