98.01
90.88
89.83
92.23
98.20
101.33
103.43
96.30
94.82
96.32
98.68
94.74
87.82
85.66
87.24
87.51
86.60
87.36
88.38
88.52
93.77
97.15
105.44
112.37
115.46
114.66
105.21
92.19
87.78
90.88
94.35
90.92
87.90
89.79
91.95
89.73
87.36
91.75
93.63
91.28
89.39
92.84
93.62
93.39
98.22
101.47
95.24
89.97
90.46
101.05
103.39
103.54
101.54
103.56
100.64
98.14
104.07
101.00
101.68
107.43
109.12
107.19
105.92
99.96
95.04
98.08
94.87
90.83
89.02
87.66
92.55
105.53
108.73
110.30
113.03
113.77
113.76
111.06
109.48
110.94
104.36
88.14
83.89
86.54
91.92
93.88
94.46
98.24
100.89
101.28
104.14
100.81
99.05
93.86
96.10
106.26
112.01
113.39
107.44
98.41
89.61
92.15
99.17
102.75
95.70
97.38
107.98
114.47
109.74
103.46
94.21
89.99
96.07
101.26
106.25
107.71
101.13
98.78
106.09
105.28
96.25
93.40
98.44
102.79
107.93
107.64
105.26
102.68
101.23
99.05
92.55
94.14
105.26
111.48
104.43
95.20
87.74
88.62
92.24
92.15
90.88
92.19
91.43
93.94