102.68
99.61
106.99
104.80
102.90
101.31
105.32
105.91
101.77
103.41
104.03
104.00
100.21
96.59
93.49
94.50
96.56
91.87
89.24
89.13
87.57
88.02
93.78
109.37
112.01
106.13
94.00
91.60
94.31
91.52
90.07
88.97
89.74
92.74
91.91
88.34
89.47
95.62
108.33
109.96
98.93
89.91
87.92
87.88
92.19
101.26
99.26
101.62
108.70
106.07
95.90
91.41
98.01
101.27
104.24
106.66
106.12
102.28
97.36
99.39
105.63
111.24
105.37
98.64
101.76
109.92
108.81
104.77
105.86
103.03
93.20
93.60
105.08
103.82
96.32
96.18
99.88
103.55
106.55
107.86
107.91
101.81
100.12
105.41
106.16
97.87
86.62
84.13
90.17
100.34
110.54
106.48
100.90
98.47
99.22
93.35
88.44
90.39
91.20
89.69
91.73
103.21
107.92
104.38
98.43
95.06
93.19
88.54
89.51
100.23
109.91
106.34
102.12
101.34
104.00
98.37
92.31
89.94
89.70
89.23
88.09
87.24
88.39
87.98
92.29
104.81
115.73
118.26
112.88
97.89
85.05
84.79
87.23
93.00
102.23
104.82
103.52
95.24
87.97
90.29
91.55
99.58
110.50
105.80