101.88
107.64
108.25
107.77
108.83
109.27
107.49
99.91
90.05
88.72
90.40
95.48
105.55
103.60
93.66
94.05
101.20
97.60
99.69
108.81
113.08
108.28
105.62
108.03
105.13
99.89
98.40
100.94
102.71
100.12
96.06
90.81
89.32
88.26
95.29
108.64
105.59
104.70
108.57
104.64
92.90
89.15
87.85
88.71
93.99
100.33
108.89
112.94
112.31
103.32
93.38
88.43
86.31
88.40
92.06
99.22
110.51
116.42
111.58
106.97
98.33
86.99
85.10
85.66
85.39
85.64
85.87
88.83
91.46
91.99
89.15
86.69
85.68
87.64
93.86
107.09
105.18
95.56
87.61
88.71
99.33
105.12
104.45
104.66
99.32
94.19
90.94
91.53
89.81
90.95
101.07
106.17
100.42
90.82
90.27
93.72
95.12
101.06
110.24
114.46
110.11
103.04
96.23
97.02
105.18
111.88
106.41
100.54
92.92
91.74
100.44
100.53
96.53
89.28
92.01
96.91
101.14
96.07
95.28
94.67
98.27
97.60
97.08
104.06
109.37
112.26
109.77
101.78
89.58
86.33
88.29
91.48
99.70
109.45
114.44
111.76
108.66
106.19
103.03
103.10
106.83
107.66
102.77
97.35