99.32
96.76
107.19
109.35
101.15
100.27
105.45
105.82
105.47
99.22
93.84
95.34
95.63
98.40
95.58
93.93
92.68
96.07
107.11
104.68
104.73
109.55
112.85
107.00
101.56
105.95
105.62
95.24
91.35
101.22
110.23
104.45
97.20
93.52
98.67
106.94
109.90
112.12
104.90
99.34
104.69
103.27
98.14
97.04
99.70
99.73
99.78
98.61
92.04
89.02
96.97
109.33
113.87
106.09
92.54
85.98
88.76
92.93
91.78
93.45
95.52
97.48
97.22
92.36
87.58
88.56
95.62
108.18
111.03
111.93
111.32
106.35
101.15
98.60
97.33
96.72
94.52
88.69
91.58
100.16
102.81
97.83
98.45
97.88
90.90
87.09
88.99
89.57
91.17
90.54
88.32
91.29
95.33
92.77
94.88
95.37
96.83
101.88
101.77
105.01
100.10
96.48
91.97
87.77
85.42
86.53
89.32
96.62
109.70
106.89
99.72
101.72
98.55
88.91
86.86
91.24
101.87
102.67
104.08
101.54
103.37
106.16
106.85
102.49
96.14
93.20
90.61
88.74
96.30
103.89
107.99
108.44
110.08
106.75
102.59
95.73
96.27
99.17
106.38
107.85
108.83
110.52
105.12
99.75