98.31
90.06
88.51
88.21
93.31
101.90
105.18
97.88
89.78
89.43
92.31
91.01
87.94
89.19
92.79
96.13
103.92
99.69
97.59
92.19
89.75
96.92
97.10
94.29
91.14
91.95
94.48
92.21
91.29
95.60
103.45
103.73
103.66
103.44
101.65
102.48
97.05
92.46
96.83
99.45
93.62
88.53
94.46
103.77
103.68
97.27
96.28
104.75
112.43
109.87
96.13
88.88
92.10
100.99
98.34
93.78
94.05
93.33
93.53
98.49
104.62
110.80
110.66
104.12
101.36
107.36
108.97
103.93
93.92
93.14
96.84
93.24
88.63
88.69
89.99
94.50
106.92
107.77
101.45
96.98
101.76
101.75
102.96
109.04
111.25
106.93
104.37
99.41
90.16
87.26
86.41
90.48
98.36
108.05
103.57
95.48
93.06
101.41
104.38
95.02
95.42
101.50
102.36
99.33
93.21
87.66
86.76
87.02
88.98
91.36
95.33
98.44
93.66
88.59
87.88
95.54
101.21
102.73
94.82
90.50
88.14
89.38
91.51
95.95
94.71
95.14
96.56
95.71
94.71
100.79
100.44
104.40
106.55
109.24
109.85
111.10
103.77
90.78
91.97
99.68
97.84
91.86
91.61
91.00