98.98
90.74
92.21
101.24
103.48
100.76
102.28
103.87
104.13
103.24
107.20
111.19
107.73
96.84
92.82
90.16
90.63
89.33
87.70
93.67
97.56
96.64
101.59
106.97
110.86
104.63
91.27
91.63
94.15
94.79
98.73
104.89
100.08
99.25
96.88
96.83
105.23
108.07
107.04
99.36
91.61
87.86
92.24
94.97
91.45
91.87
96.68
94.33
90.16
91.88
100.58
100.20
93.50
93.12
93.49
95.42
92.42
94.01
105.48
107.72
99.77
95.86
96.52
96.73
99.27
94.27
87.75
85.33
86.19
90.34
93.72
91.25
88.15
87.34
89.29
99.53
115.02
110.05
98.73
96.71
96.93
97.91
102.15
106.17
104.47
105.46
107.21
99.68
96.99
95.40
91.62
90.44
88.26
88.84
95.54
108.83
110.18
101.66
92.25
90.74
96.11
99.42
100.58
94.14
95.68
104.41
109.58
102.19
88.11
84.94
86.38
87.47
92.43
93.99
90.99
91.58
97.71
95.57
93.58
99.91
108.47
102.64
97.68
97.21
101.15
97.62
99.96
100.30
99.01
93.94
90.68
91.74
91.73
88.08
88.51
92.48
103.35
109.39
108.18
109.59
111.55
107.04
100.86
95.31