101.34
95.96
92.46
97.14
104.03
109.39
112.85
105.82
97.60
94.31
99.38
104.65
107.83
102.92
98.79
100.53
95.96
87.66
84.45
89.55
92.58
95.52
92.52
91.80
97.23
105.47
106.56
109.50
106.64
101.87
100.78
102.39
102.08
100.78
98.70
102.57
100.92
101.91
99.45
91.06
94.16
99.84
107.48
113.25
113.04
111.82
111.61
111.50
106.56
97.20
97.65
107.90
112.77
113.41
106.12
93.33
91.58
101.19
110.03
112.69
112.55
110.20
108.24
104.94
105.74
105.84
101.23
101.99
107.46
101.32
94.43
97.07
105.22
106.68
96.50
85.53
85.90
90.18
92.14
95.00
101.20
103.95
105.84
106.58
101.34
91.64
94.49
104.47
104.45
100.17
93.21
93.76
101.62
99.23
100.62
107.98
103.68
90.16
88.59
91.65
98.03
105.66
103.24
104.44
106.09
103.08
102.83
103.99
97.58
89.51
92.67
96.83
105.07
112.64
108.91
101.14
92.07
86.93
85.32
86.34
90.79
101.16
102.79
97.68
101.34
105.76
110.53
112.00
108.11
103.46
102.11
99.81
97.65
97.64
92.33
92.28
96.81
100.04
98.33
93.24
93.81
103.11
102.31
100.74