98.03
94.87
101.87
110.66
105.32
93.56
89.52
87.98
87.56
88.40
93.23
107.62
117.33
116.84
112.96
102.79
89.97
86.03
89.99
93.44
98.33
94.69
89.87
93.68
93.82
90.51
87.36
86.49
87.51
92.64
94.84
91.75
96.25
103.08
98.42
89.04
86.86
89.40
92.66
93.50
98.11
109.35
110.56
106.02
98.14
94.33
99.32
102.51
103.64
96.19
88.13
92.98
98.97
106.97
111.83
107.45
99.89
97.32
98.64
101.52
99.55
103.18
104.17
97.42
88.84
92.49
103.77
111.40
108.15
103.84
103.11
104.61
107.46
110.47
106.80
99.60
89.82
87.98
88.46
87.08
86.41
90.72
92.27
94.35
92.54
98.54
101.62
106.32
106.67
97.69
87.90
86.73
91.43
96.58
99.96
96.38
90.31
93.86
101.73
98.73
92.81
98.04
107.03
107.22
98.24
86.77
84.38
85.68
90.73
95.38
97.54
95.94
90.45
90.73
95.23
103.09
107.42
106.88
96.59
87.06
89.18
91.12
98.99
106.45
111.85
105.82
100.73
97.73
102.77
99.40
94.61
100.16
109.31
110.83
106.08
101.43
99.08
98.37
97.76
99.91
106.01
101.38
90.90
84.75