97.10
90.39
89.61
94.38
95.38
101.82
104.54
108.98
113.42
113.47
107.22
101.43
100.96
106.86
106.94
100.71
100.36
102.63
105.29
100.93
95.25
96.45
104.76
110.89
106.62
94.89
91.28
91.26
87.91
92.76
108.46
114.54
111.29
109.72
102.54
95.90
98.27
100.44
105.35
111.70
109.50
101.72
101.20
96.14
96.99
106.22
111.85
109.27
104.62
97.39
93.27
97.40
105.00
108.93
101.35
91.29
88.03
91.09
96.79
99.74
97.01
96.35
94.22
91.08
93.23
103.37
104.72
100.61
95.56
89.93
95.28
107.26
107.06
101.78
98.51
102.42
107.45
102.93
93.37
91.05
90.65
88.69
87.42
87.88
94.94
102.50
102.36
98.23
95.37
98.99
105.33
100.07
91.95
86.38
91.51
102.38
100.08
99.03
93.30
88.77
89.99
93.79
93.59
97.61
101.80
99.91
100.81
101.99
98.96
96.08
98.09
99.37
95.88
99.59
106.91
104.48
95.88
97.80
102.24
99.40
91.87
89.37
91.93
102.48
110.73
104.73
92.13
85.34
84.54
84.83
86.65
89.95
92.41
93.48
93.89
101.42
100.84
100.59
96.94
89.71
86.90
88.49
91.31
92.30