100.37
101.21
108.59
109.29
99.78
91.42
92.17
99.37
105.01
110.28
108.30
96.83
93.14
102.77
105.53
104.86
104.91
105.90
103.31
100.36
103.90
101.90
101.40
97.83
92.88
98.05
109.23
107.57
106.17
100.43
89.36
86.50
88.20
92.64
96.35
104.70
112.74
110.48
106.64
99.45
90.64
87.95
88.56
87.46
90.14
99.84
103.16
99.32
95.91
89.98
94.25
108.24
107.77
103.56
103.80
103.79
102.18
93.77
90.44
95.05
98.42
99.79
101.54
103.92
109.12
109.22
100.00
90.96
90.98
90.40
87.94
87.51
92.91
93.93
94.91
103.52
105.05
100.55
91.64
90.33
95.61
94.55
89.58
92.81
100.29
103.14
96.97
97.85
99.28
98.29
96.55
102.34
110.31
113.50
114.10
113.04
110.62
101.37
92.03
96.59
108.26
113.81
110.88
107.07
104.47
97.03
90.11
92.69
96.03
92.79
95.66
104.18
107.29
107.26
104.18
105.24
100.68
97.55
93.70
95.96
94.01
88.32
89.16
100.58
113.93
114.43
103.91
95.92
90.33
93.09
99.24
102.48
97.55
88.29
89.66
99.55
102.58
94.64
94.63
94.31
93.18
90.41
94.51
95.96