100.13
92.30
97.31
105.85
100.79
101.94
99.64
92.31
87.20
85.94
86.16
86.62
91.30
97.81
99.03
94.12
98.26
103.17
96.65
88.61
91.71
96.88
95.49
100.00
96.81
92.84
96.38
102.11
101.37
101.54
100.26
91.83
88.13
88.24
88.83
87.85
87.06
93.25
105.64
109.69
109.97
107.50
107.09
98.92
86.63
84.25
85.61
87.16
90.67
97.86
107.64
105.83
99.51
97.30
91.68
91.26
94.33
98.35
106.60
109.92
108.47
109.57
109.76
102.39
90.76
84.77
84.88
85.35
85.47
86.11
89.44
98.11
98.34
101.87
106.78
107.76
99.14
94.65
99.18
100.42
104.21
100.61
95.01
95.37
100.33
105.77
107.68
105.43
100.62
99.00
99.86
101.14
93.96
89.16
94.52
95.96
94.25
90.61
87.21
92.73
109.06
112.60
105.18
95.99
99.91
110.80
106.81
100.38
95.57
90.16
93.20
105.13
112.55
108.04
101.66
95.58
88.21
86.18
86.36
88.40
94.18
101.80
99.10
92.38
87.16
92.03
100.46
101.40
100.63
105.35
107.54
107.50
107.80
101.49
89.22
83.61
86.59
89.68
91.43
90.06
94.35
106.96
108.98
98.18