101.61
99.46
95.26
91.44
89.83
96.19
100.67
107.45
101.84
96.03
96.49
99.38
98.06
93.28
87.35
86.77
95.69
101.86
109.24
113.75
115.43
111.24
97.40
91.36
100.62
111.09
113.46
106.78
95.98
89.40
85.90
86.39
90.69
98.35
100.70
98.16
97.52
95.34
89.44
88.22
91.00
101.43
113.08
109.35
106.82
107.00
102.73
96.52
92.72
98.13
103.73
103.95
103.01
98.30
101.41
99.86
92.18
87.94
91.96
105.78
111.07
113.12
111.00
105.89
102.91
104.68
100.63
92.76
96.39
104.67
108.38
111.06
112.53
107.93
98.15
90.94
92.44
94.54
91.57
94.63
100.18
95.76
92.37
100.43
102.96
106.84
102.62
100.90
98.76
102.75
102.80
102.80
95.53
86.95
87.96
98.46
111.55
111.04
105.18
101.38
94.81
92.48
89.00
86.26
85.35
87.07
89.47
90.34
97.37
108.64
110.74
108.94
107.46
101.76
91.91
90.99
101.03
112.43
116.06
110.69
104.41
101.09
97.56
93.24
94.54
94.13
93.89
102.25
102.94
106.11
112.13
110.15
99.12
88.38
87.01
91.81
92.25
93.59
100.63
111.44
109.64
101.65
93.02
94.30