97.22
92.19
100.89
114.67
110.70
107.62
110.48
106.77
100.77
99.15
104.19
108.30
108.69
100.11
96.74
92.87
91.80
89.50
90.02
92.64
99.32
100.02
99.45
105.64
107.75
104.56
102.35
95.88
88.71
86.50
87.64
89.15
95.62
100.05
100.44
97.76
98.74
97.68
98.51
102.61
108.52
110.21
107.85
105.27
100.53
91.90
92.61
97.58
104.28
106.07
102.04
102.13
99.32
92.80
93.73
104.66
102.82
96.76
101.20
101.31
104.42
111.22
107.44
94.91
85.59
87.18
97.40
110.20
109.19
107.86
100.22
90.13
90.13
90.94
98.50
107.03
107.36
102.53
92.57
85.50
84.34
87.66
91.82
91.84
88.55
86.72
92.39
102.54
112.23
111.38
104.09
97.34
92.12
90.79
92.08
91.26
87.97
91.11
93.72
95.16
93.22
100.12
111.02
105.97
96.04
88.51
89.32
89.10
91.44
93.84
103.89
113.98
116.81
111.71
102.80
92.84
89.47
87.84
90.65
97.59
98.93
105.30
106.60
102.80
105.07
108.43
107.02
101.52
91.89
93.55
101.42
103.44
100.87
93.92
93.88
92.81
91.53
100.19
112.14
107.51
100.47
102.96
107.14
107.55