99.45
91.03
90.76
103.51
112.28
114.51
113.53
110.70
107.96
105.31
98.75
92.99
95.40
98.61
104.11
108.68
112.42
106.56
100.10
99.87
97.15
100.04
97.10
92.68
91.58
88.64
90.55
95.39
98.69
103.51
98.93
93.20
98.21
108.74
110.02
101.64
100.01
99.81
97.23
98.51
101.64
104.43
106.20
107.26
109.33
110.37
107.51
96.73
93.38
103.83
111.70
108.56
98.90
89.49
90.98
93.06
89.16
87.49
93.31
98.97
99.80
94.46
92.86
96.99
100.42
97.02
97.40
106.04
104.40
97.77
90.45
89.07
95.35
106.44
105.02
93.24
84.63
85.74
93.92
100.64
103.84
106.85
109.20
101.55
91.45
91.12
100.07
110.02
105.82
97.04
90.68
89.63
90.77
94.42
94.01
93.13
90.39
93.08
105.53
115.64
114.61
105.04
100.04
106.43
108.96
105.36
99.45
96.77
91.14
92.14
101.11
100.05
97.58
97.89
105.82
106.23
106.81
105.63
105.18
101.63
100.98
96.19
88.03
84.80
85.44
86.02
85.93
89.18
103.63
107.66
98.10
89.09
89.12
88.95
88.83
87.54
92.02
94.98
92.63
97.21
101.31
98.45
93.46
89.76