98.80
94.71
101.68
110.59
112.47
108.49
98.74
95.88
92.92
93.02
98.53
95.59
97.48
107.86
113.84
115.30
114.31
106.69
97.36
99.40
102.27
103.00
107.06
110.00
105.27
99.80
98.40
94.49
97.15
102.69
106.10
100.31
97.58
101.35
99.02
96.33
100.04
100.71
95.99
89.65
87.07
87.05
93.02
94.39
90.25
92.37
105.40
105.83
105.83
107.70
109.58
102.77
89.49
89.54
93.97
99.20
101.01
100.60
103.73
99.58
93.56
92.95
99.52
104.49
106.10
102.07
102.48
104.73
108.90
112.45
109.79
101.98
96.80
99.97
103.51
106.80
101.51
92.74
96.00
102.42
108.10
110.81
107.73
100.26
94.65
98.88
108.04
105.91
96.79
96.20
99.43
99.11
91.23
91.98
97.68
101.26
96.74
89.11
89.71
99.69
104.58
102.74
95.36
98.12
100.42
94.11
97.11
102.53
108.47
113.55
108.29
100.59
91.41
85.82
88.46
97.37
104.60
109.60
109.70
109.27
109.24
105.40
95.52
96.44
102.94
109.71
113.74
106.72
99.21
103.59
109.01
111.30
111.44
111.08
101.49
91.65
88.50
86.58
85.93
87.80
92.65
106.63
114.32
116.03