101.96
106.44
109.88
106.00
97.38
95.52
96.42
99.93
106.69
102.62
102.34
102.91
96.92
94.13
97.99
100.53
100.77
104.92
103.17
93.18
86.57
90.40
101.82
111.54
106.89
103.03
102.08
97.89
97.16
93.48
87.93
89.51
102.07
110.07
110.54
109.83
110.83
106.34
96.84
88.00
86.91
96.50
100.76
107.07
111.96
113.62
109.84
103.83
98.17
91.92
96.26
101.39
94.97
89.77
95.88
96.63
100.28
104.77
109.47
111.73
107.61
94.67
86.83
86.76
88.38
92.35
94.39
90.90
86.81
87.65
97.21
111.25
113.50
110.86
100.55
90.05
91.25
97.33
104.21
106.79
99.72
88.44
91.10
102.40
107.60
101.51
92.93
92.80
99.93
104.45
97.47
88.05
90.04
91.74
89.92
87.31
85.69
85.36
88.23
91.71
98.35
109.93
112.27
105.09
101.25
100.16
99.46
97.14
96.41
93.92
94.97
97.38
96.14
92.23
88.33
86.08
88.11
97.45
106.88
111.11
105.02
91.25
90.98
104.82
108.69
105.71
104.40
98.22
88.89
91.54
100.74
103.70
105.34
108.46
107.06
103.69
97.95
92.93
88.81
85.80
87.64
93.56
101.39
98.34