99.25
94.59
93.88
92.22
97.42
108.69
110.61
105.62
101.67
93.96
90.64
87.91
87.46
90.97
103.44
112.65
114.75
115.41
110.38
97.91
91.60
89.25
91.14
101.17
103.63
102.08
102.88
96.47
93.46
99.65
107.02
104.22
92.01
87.26
88.72
88.38
92.14
102.71
103.01
96.72
94.88
102.22
100.12
92.07
92.79
98.82
101.33
100.69
95.58
90.36
89.94
100.08
111.64
106.38
96.22
97.32
105.02
101.90
91.68
93.38
99.51
95.65
97.21
102.47
100.32
96.66
90.21
87.35
91.83
93.07
98.71
97.68
94.94
99.83
106.78
102.65
98.29
99.92
101.65
106.50
110.46
102.70
89.31
90.67
96.49
97.76
102.76
104.76
99.00
89.87
90.24
99.70
97.72
89.33
88.87
90.79
90.10
92.92
101.68
110.57
109.08
103.35
102.41
104.68
106.28
109.59
103.65
88.64
87.44
92.20
95.76
94.97
93.09
95.62
99.66
95.17
92.46
100.28
99.40
91.86
85.91
84.86
87.32
89.75
96.48
103.42
104.94
109.31
112.65
110.65
102.38
96.12
95.60
102.29
101.57
93.44
96.26
106.53
112.54
109.36
104.26
106.36
102.00
101.13