100.18
96.40
106.12
111.07
104.91
94.46
88.21
87.00
87.24
87.72
94.65
110.04
116.40
114.31
106.73
92.84
84.55
84.83
88.57
95.36
99.73
106.24
100.87
96.65
93.98
90.68
94.57
98.58
106.91
114.06
116.78
109.17
94.22
87.89
95.92
99.00
93.85
87.94
91.16
102.53
107.83
109.80
112.35
105.36
93.88
91.74
91.87
88.14
90.98
94.36
104.37
107.48
99.87
90.98
87.61
86.31
91.14
93.00
93.85
94.08
94.64
103.79
104.04
93.68
89.92
95.78
107.34
104.79
101.08
104.75
108.18
105.54
102.95
99.38
90.89
88.82
89.13
97.12
110.27
111.70
109.19
109.51
111.29
110.19
105.26
94.46
90.27
89.46
88.16
88.73
97.13
101.22
96.11
94.40
100.69
102.84
97.27
90.02
91.83
92.93
90.92
91.79
101.11
104.18
95.28
87.73
85.48
88.19
89.80
94.09
100.73
110.24
111.71
112.69
109.85
103.78
103.16
97.25
92.16
89.86
88.26
94.72
98.82
95.08
94.44
90.67
87.62
86.36
85.72
88.28
94.44
106.92
107.56
108.43
112.10
108.68
104.12
102.94
100.22
97.65
98.93
95.89
94.57
98.39