103.31
100.53
100.05
102.02
99.96
91.91
95.11
99.22
103.14
98.07
94.32
95.52
97.89
96.92
95.00
96.02
96.09
96.72
100.04
105.49
104.10
103.88
102.49
100.55
100.09
93.30
94.32
101.80
104.59
108.32
105.09
96.74
88.14
90.78
99.51
102.72
105.63
100.82
101.19
104.19
100.89
102.82
105.18
106.93
106.39
97.47
90.45
91.09
98.82
97.72
101.33
106.02
106.45
109.24
112.57
111.60
109.91
105.87
104.69
102.25
96.33
99.23
102.63
101.12
98.56
95.23
90.04
86.69
90.99
96.08
104.45
103.29
103.97
109.64
105.54
97.40
96.61
94.27
90.51
95.78
98.22
98.42
95.63
95.69
104.90
103.31
97.41
97.50
104.16
100.67
96.03
98.71
99.64
96.92
96.96
104.75
103.18
96.17
94.81
99.76
103.15
104.97
109.70
105.97
94.14
88.38
96.78
100.01
99.87
97.57
95.77
91.67
88.92
89.79
91.24
93.72
100.96
101.65
106.51
109.47
111.50
107.34
93.35
86.63
92.50
107.82
112.33
109.83
105.98
97.30
89.64
85.72
90.30
91.76
91.20
91.75
97.93
110.34
114.27
112.44
105.13
95.75
90.55
88.21