99.91
99.51
107.70
110.83
105.31
99.63
103.59
104.70
103.22
98.33
93.38
93.93
103.71
112.02
110.12
100.31
98.07
100.74
94.88
90.09
94.32
96.85
102.55
110.86
108.57
96.85
95.94
93.99
91.01
90.44
98.89
106.46
102.39
94.93
92.97
90.77
86.79
88.59
100.94
107.27
103.59
101.41
96.95
93.18
90.44
87.34
87.15
90.67
93.07
97.77
95.23
90.06
90.32
100.48
101.12
95.50
95.40
101.16
103.01
100.94
104.86
101.77
99.06
92.48
89.61
93.65
96.41
94.65
89.22
89.69
95.38
98.35
93.54
93.15
101.87
105.40
103.72
105.27
101.67
90.89
91.33
100.85
98.11
96.02
101.40
108.30
105.74
93.75
90.93
98.38
105.65
111.81
109.57
96.96
86.48
85.09
90.54
94.20
96.27
104.71
111.16
104.51
101.88
105.67
103.53
97.51
99.41
107.30
105.97
103.84
104.64
101.19
102.31
106.04
106.74
99.65
90.01
85.70
85.04
85.97
89.97
101.79
109.11
102.73
91.57
88.32
87.79
90.22
98.11
105.86
111.87
114.88
114.68
105.72
97.69
92.56
90.99
98.36
103.79
101.04
101.09
96.76
93.19
88.81