96.84
89.51
97.91
114.39
114.58
102.45
95.13
99.55
98.63
90.57
93.95
105.11
110.19
104.44
103.09
98.70
99.87
98.70
94.48
91.91
93.08
95.37
94.98
97.03
105.07
112.52
113.12
109.73
106.63
108.42
107.63
104.23
94.58
94.99
93.43
87.36
87.37
91.49
96.56
105.67
107.97
109.63
103.84
90.95
85.63
91.48
103.71
110.16
111.23
107.68
96.79
87.26
87.54
89.93
89.22
87.83
86.86
87.68
88.51
89.21
93.46
97.12
104.68
109.51
108.49
108.94
104.26
93.67
87.96
87.94
92.45
97.07
95.87
102.00
110.75
108.30
103.81
94.18
87.18
86.47
94.01
105.82
103.35
103.78
105.47
97.38
87.78
85.46
86.41
86.67
89.66
98.89
112.56
115.83
109.78
100.46
98.58
104.95
110.88
107.94
106.03
108.67
104.89
102.17
100.16
101.78
97.08
98.34
100.55
106.59
109.20
109.68
108.29
104.56
97.92
95.09
100.72
106.00
103.32
93.06
88.26
87.40
88.99
91.56
90.42
95.69
105.37
107.33
107.24
107.60
104.58
95.12
92.73
94.92
101.18
110.19
113.16
105.41
89.16
82.84
83.68
85.02
87.47
96.33