101.41
100.75
98.81
99.81
101.37
106.07
106.49
101.52
92.23
88.88
97.99
110.13
108.58
101.19
93.64
94.39
93.75
89.44
90.52
93.49
100.22
110.43
111.32
101.51
89.46
86.60
86.52
86.62
89.63
97.43
96.67
98.90
100.42
93.63
91.79
98.02
96.61
92.16
87.70
87.96
95.78
105.89
104.09
104.10
109.99
108.58
107.60
106.89
103.95
96.32
87.15
88.68
101.13
104.09
94.83
86.00
85.97
87.98
95.99
112.66
110.48
99.17
92.02
93.84
91.36
91.30
97.29
98.43
92.89
92.56
90.45
96.91
107.49
104.59
98.35
96.97
94.76
97.19
96.55
95.85
102.26
99.04
97.71
101.64
106.24
109.58
102.26
87.96
83.99
89.90
95.63
103.44
102.52
104.56
108.09
103.23
95.67
97.00
101.87
100.96
103.78
104.54
106.04
107.56
108.03
101.86
89.23
86.69
95.11
103.23
99.44
97.30
103.61
109.49
112.99
110.70
98.66
87.73
84.50
85.02
89.76
98.20
104.67
103.81
107.09
108.09
103.19
99.92
102.83
101.43
99.91
98.39
100.77
97.84
90.09
91.05
103.34
111.25
114.24
111.42
108.45
105.74
105.61
98.77