101.25
95.71
102.58
104.52
105.10
100.60
96.00
92.42
94.71
96.15
97.23
101.98
99.65
95.75
92.93
95.83
101.07
100.05
92.55
90.19
90.57
91.61
91.74
90.82
92.78
93.75
93.20
91.93
88.63
90.14
92.60
98.56
107.57
112.54
108.45
97.30
90.50
88.03
90.55
96.08
95.64
93.63
93.75
94.71
95.61
104.22
110.28
108.38
98.31
94.90
96.58
98.25
96.98
91.41
87.74
92.09
93.19
93.95
97.80
96.91
91.44
89.30
89.94
99.07
100.51
94.67
91.79
93.15
99.62
96.60
88.76
87.14
92.18
98.01
104.86
110.52
106.31
105.20
107.39
109.54
104.20
100.53
93.37
86.30
88.86
98.87
98.60
94.34
93.68
96.18
105.62
112.56
111.60
102.33
94.04
88.82
87.76
90.07
91.32
98.83
104.73
100.44
92.82
87.98
85.95
89.93
94.78
94.10
90.18
95.01
108.18
109.22
103.66
93.91
87.12
85.98
87.62
93.24
97.75
107.02
111.98
107.66
100.11
89.95
87.98
91.69
95.30
94.78
97.24
93.32
94.18
93.36
94.80
94.90
91.73
93.43
98.52
100.04
94.37
87.77
85.39
89.32
95.44
105.85