99.17
96.22
106.42
115.82
114.95
104.21
93.18
86.44
86.54
90.64
92.72
91.34
92.68
102.74
107.85
107.70
97.60
87.99
87.87
93.01
98.41
103.11
103.68
98.60
100.87
99.70
94.82
99.54
103.41
107.88
106.26
96.31
95.87
105.95
112.24
110.15
100.24
98.34
95.31
89.35
88.50
90.07
88.84
87.86
92.53
104.53
113.02
115.18
110.53
105.84
102.40
101.82
103.75
99.88
96.43
91.89
88.49
86.97
93.73
100.02
107.78
104.13
100.39
104.79
112.08
114.98
113.10
104.64
93.25
88.53
88.39
94.44
105.68
109.95
105.49
101.84
104.48
110.44
105.38
91.89
91.36
92.53
90.82
91.14
89.14
89.46
94.63
93.95
97.54
107.95
115.42
115.95
114.90
110.86
108.28
105.16
95.03
92.53
102.70
112.34
114.01
107.15
98.32
92.55
92.58
92.86
97.11
94.41
93.91
91.84
89.47
95.68
106.78
110.27
109.11
109.62
111.12
108.53
104.57
98.98
91.04
87.64
90.25
96.32
94.46
88.21
91.29
101.24
107.66
110.77
103.69
94.80
87.99
85.13
84.85
86.38
92.69
103.17
106.47
97.20
88.35
89.27
89.31
95.07