98.58
90.38
93.71
95.86
90.26
89.26
90.74
93.14
96.73
106.28
108.80
100.55
98.87
96.68
91.19
91.65
99.74
103.30
107.03
107.01
106.43
105.89
100.31
90.15
89.59
95.56
100.51
105.56
105.72
99.64
91.98
94.27
99.36
105.77
103.77
98.00
91.81
96.45
95.46
97.69
105.65
106.31
97.02
90.92
97.27
108.81
105.34
99.55
96.90
102.20
100.03
90.82
84.94
84.24
84.83
87.41
94.74
109.76
115.58
108.11
93.49
89.05
88.87
96.65
99.18
92.72
89.05
93.26
102.67
99.33
90.12
85.60
85.62
89.32
96.32
105.43
111.61
110.00
101.94
101.62
103.77
106.53
107.40
101.25
98.25
98.80
105.05
100.47
96.19
90.19
90.05
90.99
90.42
90.02
87.93
86.23
86.32
87.94
91.52
93.24
97.71
95.99
101.59
107.29
102.20
91.97
87.78
86.96
89.22
98.37
101.11
100.70
99.61
97.32
100.26
104.97
110.18
113.24
108.88
98.71
92.33
97.21
106.18
106.75
96.39
94.43
100.80
105.86
102.20
98.71
92.64
96.08
102.78
102.25
94.81
95.47
101.58
107.23
101.10
92.52
88.60
95.03
105.91
109.80