96.54
88.17
93.43
110.54
108.59
100.50
100.01
95.98
95.89
94.00
90.42
88.36
92.92
95.89
101.91
100.94
102.45
97.12
89.78
90.41
94.39
103.53
104.86
100.44
97.17
101.35
100.60
96.62
101.17
104.85
108.38
111.15
110.21
100.35
95.00
99.03
107.32
111.32
110.31
106.94
101.20
93.48
87.58
88.30
90.94
98.51
108.57
110.96
112.20
106.98
102.64
97.85
100.57
100.09
98.85
99.39
100.80
98.40
98.65
101.19
107.18
109.37
109.96
110.06
108.09
101.76
89.87
86.60
92.73
94.69
97.22
99.88
107.44
110.27
110.84
110.15
107.52
103.91
105.50
106.05
101.59
100.82
106.88
102.14
90.47
85.13
91.47
104.48
108.32
101.79
90.03
85.19
84.84
89.22
102.38
112.49
112.79
109.95
108.29
99.74
91.81
89.34
87.29
87.66
88.72
92.47
105.29
106.41
100.72
91.33
90.30
95.62
104.88
105.30
95.49
92.86
97.57
101.34
100.64
105.50
101.99
94.94
90.75
91.04
98.13
97.00
89.86
90.38
91.20
92.59
90.83
95.28
106.38
105.55
95.16
95.75
107.58
114.82
115.19
106.36
88.88
88.29
94.67
101.45