98.07
90.56
97.21
102.25
98.78
91.85
92.79
99.14
97.58
99.85
107.89
113.91
115.89
115.89
113.43
104.89
94.31
91.62
92.88
94.80
91.51
92.89
95.02
98.17
106.75
104.08
99.51
97.15
99.38
97.85
101.55
103.34
102.18
93.25
93.27
95.79
98.33
99.05
104.28
106.83
107.59
103.55
103.78
107.69
108.76
109.33
104.92
92.96
90.28
98.25
96.34
91.07
92.25
101.31
107.71
100.09
89.95
86.02
90.07
91.11
91.28
93.39
96.48
106.67
104.87
96.74
88.53
89.52
100.14
107.46
103.29
91.58
85.85
88.78
100.95
112.98
116.70
115.87
109.36
95.33
91.21
91.29
88.34
85.77
85.46
88.49
96.91
107.70
112.64
110.63
104.92
104.83
108.50
105.37
97.88
99.98
108.98
113.01
110.84
98.91
92.64
90.90
87.07
91.87
104.59
105.04
100.24
103.98
105.31
107.78
110.65
107.80
95.43
87.35
87.24
92.44
102.91
111.14
112.54
107.21
97.44
87.68
86.29
88.30
96.18
110.63
115.48
116.16
115.72
109.40
97.40
93.64
96.08
91.66
86.87
90.38
97.53
96.74
92.98
90.64
88.20
94.01
99.24
105.57