101.74
99.42
104.57
109.41
109.02
103.31
97.61
100.92
97.13
88.92
85.19
86.62
87.01
92.28
100.28
110.15
113.64
110.82
101.12
87.72
88.00
100.16
110.29
109.15
99.64
93.83
97.41
99.97
103.44
98.22
88.90
92.22
97.16
92.55
93.80
92.17
89.27
93.32
103.75
103.54
92.89
86.64
85.88
91.19
95.64
99.03
97.70
102.55
107.14
107.50
107.27
106.73
107.46
100.95
93.22
90.00
88.54
94.13
106.09
108.54
107.20
108.52
112.13
110.36
99.94
91.46
91.77
91.61
91.73
99.47
102.93
96.23
88.94
90.90
103.89
103.31
99.60
102.82
106.28
101.16
92.75
92.99
97.88
105.49
105.51
95.28
89.15
95.23
106.34
111.14
112.55
106.40
92.93
92.20
98.69
99.35
95.79
92.41
89.26
91.21
102.98
112.18
115.42
109.77
98.56
92.18
96.57
95.13
90.98
93.00
104.56
113.51
107.81
100.31
100.92
104.55
105.96
100.74
90.12
92.42
106.61
114.19
113.00
101.55
95.96
94.48
90.40
92.05
95.30
101.03
110.22
109.16
107.45
109.01
109.44
110.77
108.53
106.69
107.03
109.13
108.45
97.72
92.63
92.85