102.79
106.38
110.03
109.54
99.65
89.99
87.89
93.13
97.43
98.00
102.30
103.34
104.67
102.05
98.16
101.51
105.78
106.79
99.86
89.39
88.17
93.47
97.96
105.91
111.04
113.39
108.59
95.20
92.88
92.35
88.32
86.58
93.44
101.39
102.16
94.56
89.22
93.26
98.81
95.65
88.11
87.10
86.94
89.19
100.17
103.68
99.34
99.28
95.54
97.38
98.49
96.38
89.63
90.52
93.34
92.16
92.68
97.38
106.98
113.60
116.14
115.44
111.41
102.40
94.59
92.47
90.11
89.00
90.94
95.30
104.35
102.66
100.85
95.64
93.48
97.18
99.82
94.58
92.68
94.27
100.73
100.10
103.86
102.50
100.81
95.13
96.53
96.59
99.70
102.06
96.75
90.57
90.15
90.72
89.30
94.94
106.46
108.26
103.15
98.53
94.82
93.52
90.40
88.51
87.67
90.45
91.42
99.55
106.68
109.22
103.11
102.96
104.09
97.00
94.44
91.95
89.93
96.30
102.60
102.10
97.90
99.95
106.68
101.98
93.74
90.99
88.26
86.79
90.45
99.30
101.49
93.17
88.49
92.14
105.64
110.27
101.17
88.84
90.81
98.54
95.00
91.19
91.28
100.46