100.90
93.52
91.44
94.26
99.85
100.72
99.32
94.95
89.58
88.94
95.31
96.25
96.15
96.92
96.52
102.56
100.16
102.03
106.23
99.33
89.96
87.81
87.74
91.63
101.97
113.51
116.28
111.31
103.43
95.04
89.37
91.44
103.61
106.40
108.86
105.93
98.82
97.35
94.56
98.93
102.79
99.34
96.98
96.58
99.75
105.39
102.74
93.04
93.31
102.78
107.28
102.87
94.15
92.39
96.54
93.61
92.12
98.15
108.87
113.36
113.99
109.38
104.65
103.91
106.79
110.07
109.73
108.11
98.32
86.36
84.39
88.85
99.18
107.81
108.40
110.69
104.40
91.69
88.61
97.44
107.69
108.43
109.87
111.69
113.26
114.38
112.87
111.63
106.38
101.49
101.59
98.69
93.32
92.78
100.92
108.18
106.95
104.76
107.96
104.43
95.16
94.88
92.55
86.88
90.04
95.63
106.20
109.99
109.44
99.18
88.73
92.85
106.54
111.92
107.22
100.11
91.82
88.59
90.38
101.43
106.20
106.15
100.74
91.72
91.61
90.57
92.99
104.31
102.86
98.61
96.13
94.02
89.42
89.52
97.43
105.76
110.44
113.36
111.74
110.58
101.76
93.18
97.72
104.74