101.81
99.99
103.67
105.67
98.21
87.68
84.41
85.94
89.14
96.99
105.88
108.00
101.94
96.93
97.85
95.93
91.37
93.28
97.15
95.29
92.59
99.05
97.26
100.03
105.32
101.97
95.51
90.86
86.75
87.33
96.48
110.24
111.82
111.90
110.52
105.06
94.97
87.37
90.38
96.03
98.72
99.96
95.34
91.64
92.42
93.28
89.84
86.12
88.66
101.39
112.80
110.00
107.52
109.50
108.94
103.56
101.44
100.43
94.92
89.60
94.39
98.97
94.03
86.97
88.63
94.50
103.77
104.60
104.09
96.66
94.00
99.04
100.42
103.96
102.13
94.48
93.25
103.41
108.63
107.71
97.53
85.75
83.76
87.36
94.58
100.23
99.55
95.01
92.54
99.43
108.21
106.71
97.56
88.50
88.32
96.41
105.12
104.89
107.78
103.02
102.24
104.48
102.40
97.04
94.15
93.52
96.17
101.87
102.28
99.38
100.79
101.60
93.49
90.60
93.48
103.68
113.27
109.68
94.00
83.54
83.99
85.86
86.52
91.30
109.01
114.74
114.85
110.46
98.40
86.57
84.33
90.47
97.69
105.87
111.48
114.89
114.33
113.03
103.65
87.54
88.14
93.18
93.64
97.84