101.30
98.51
103.44
108.48
109.80
109.83
111.42
104.36
90.25
85.10
87.14
96.47
100.53
106.81
108.87
108.06
101.54
89.99
85.94
91.78
92.86
89.43
95.12
104.56
112.59
113.14
105.10
102.14
104.06
104.88
108.41
111.53
112.39
108.69
105.85
99.95
92.55
87.10
87.14
87.85
91.27
91.92
98.34
97.99
98.76
96.63
90.32
94.20
97.85
102.99
101.50
94.97
95.61
96.02
102.07
100.18
96.04
101.18
110.78
106.35
102.58
101.03
94.87
91.48
99.55
105.78
103.82
94.12
88.04
86.69
86.79
87.25
87.87
95.82
98.41
93.15
90.61
88.05
88.56
96.91
101.63
97.24
91.87
98.46
99.24
101.88
97.87
90.04
87.10
92.04
96.87
101.50
108.89
109.20
107.62
107.65
107.18
100.91
98.31
104.01
109.06
105.28
101.52
105.49
108.15
101.59
98.44
104.40
103.45
104.47
101.50
92.23
85.72
88.80
98.01
99.26
96.11
92.77
99.09
107.72
102.82
99.64
106.35
107.17
106.01
100.35
97.51
98.80
93.18
94.67
95.59
96.24
95.56
98.00
94.27
95.66
96.90
104.33
111.80
114.89
113.17
111.27
102.18
90.99