97.03
92.37
104.96
110.12
109.17
108.12
103.30
104.21
105.30
102.37
97.09
98.80
94.83
88.30
90.39
93.65
95.02
96.54
93.67
91.11
88.27
92.35
98.29
107.37
107.76
109.41
109.88
109.79
110.29
107.22
102.60
103.12
108.72
104.18
101.41
95.03
90.37
90.60
89.88
97.39
109.64
114.58
109.72
106.87
103.98
94.09
88.34
91.59
99.06
105.68
108.93
107.58
96.80
95.21
99.62
96.21
92.99
95.82
100.22
95.41
94.61
96.02
95.92
100.09
102.81
102.53
98.12
92.67
88.55
92.04
99.16
105.46
111.85
113.12
108.17
104.83
101.26
94.48
92.34
98.82
101.04
102.20
97.80
93.18
88.56
87.93
90.54
96.99
99.70
102.88
108.65
106.98
107.19
100.35
93.94
100.34
101.73
95.68
91.91
96.37
96.57
92.18
94.62
103.76
110.39
106.54
94.95
87.24
85.53
86.60
93.79
97.55
94.91
98.45
108.24
107.00
106.66
108.12
109.33
107.24
97.02
90.17
97.88
108.92
104.44
92.19
86.82
91.37
105.86
109.45
108.63
98.97
94.76
99.24
103.26
97.90
98.45
101.28
104.49
102.00
95.42
94.50
102.66
108.10