102.22
97.22
94.64
93.03
99.21
105.65
109.27
111.40
112.72
105.38
98.77
94.22
91.38
89.32
93.74
104.06
105.47
100.56
97.84
96.34
96.98
100.33
105.49
110.72
110.12
109.10
106.87
104.77
95.69
93.93
99.03
103.59
99.70
98.22
97.20
93.15
89.86
91.62
101.02
101.66
101.99
107.69
112.30
113.29
110.06
103.54
100.46
103.61
102.39
99.38
97.86
98.08
96.66
96.71
102.71
108.20
104.90
94.34
88.00
93.83
99.87
99.51
98.21
98.38
102.59
99.21
94.11
92.75
92.92
95.44
99.55
98.05
95.63
101.47
111.18
108.47
101.59
91.98
86.19
87.34
88.03
88.65
91.89
92.01
94.60
94.53
101.29
101.00
96.97
96.09
104.58
109.63
104.51
92.94
85.06
86.92
93.79
107.95
114.17
110.11
96.03
84.98
84.70
89.02
98.87
110.27
106.01
99.26
94.34
95.93
96.02
93.70
91.65
92.35
90.79
89.54
95.97
99.78
96.62
94.96
99.61
97.27
97.72
98.24
100.16
102.92
107.03
107.48
100.78
100.72
98.65
99.48
103.90
104.10
101.77
96.72
90.29
89.20
90.02
98.83
112.19
114.92
114.99
107.98