97.75
94.19
101.59
106.39
97.46
88.23
87.56
91.48
91.43
92.25
95.59
104.68
109.23
110.94
108.71
107.38
100.77
90.36
88.34
89.56
87.78
86.59
89.77
94.72
107.03
116.15
114.21
102.26
96.67
97.32
92.37
88.51
92.59
103.03
102.83
98.82
100.20
107.88
107.75
100.03
90.87
91.68
104.30
102.58
97.12
99.81
103.16
106.57
107.60
103.62
96.50
98.54
100.16
102.04
105.44
107.80
110.96
108.68
96.06
91.67
93.33
89.63
91.10
99.96
99.72
97.34
96.87
96.06
92.72
98.78
107.64
111.56
113.07
111.88
104.51
93.71
88.82
90.70
92.97
92.05
91.46
92.12
99.86
107.39
107.03
104.66
105.32
106.09
97.85
90.94
89.44
88.49
87.59
87.33
90.73
97.65
96.60
101.16
108.49
112.92
110.89
109.31
109.40
109.51
105.57
102.02
96.83
97.84
105.71
111.15
108.46
100.69
93.25
94.94
103.08
110.25
111.38
110.32
110.21
105.00
103.24
100.62
101.34
99.93
97.88
96.81
102.42
104.23
104.56
96.58
90.73
90.71
91.37
92.02
91.02
95.22
105.63
108.87
99.71
92.36
97.02
102.71
102.50
104.30