98.59
89.75
86.81
87.82
88.23
89.93
90.16
97.05
110.04
111.81
101.64
94.84
99.52
99.32
92.66
92.59
103.89
107.70
105.36
96.52
88.08
87.16
88.21
90.67
100.63
113.60
117.19
109.37
101.41
100.87
101.16
102.94
101.79
102.61
102.66
100.95
102.81
97.98
97.18
99.17
101.55
106.26
101.34
95.33
100.20
106.33
106.10
96.78
90.91
93.15
101.59
108.12
102.00
97.94
103.08
106.28
106.38
106.48
101.17
90.69
87.59
95.83
107.73
107.95
103.37
102.56
106.92
102.40
98.14
94.55
98.65
103.81
104.34
107.03
101.27
95.81
89.72
91.91
102.32
104.03
106.13
104.53
94.83
90.10
90.99
94.76
98.89
98.95
102.72
105.34
109.91
108.60
98.80
93.03
100.14
100.59
100.32
95.09
95.22
97.41
93.05
87.21
85.95
91.97
103.38
106.55
109.94
110.69
104.00
98.98
92.44
89.70
91.04
90.55
88.91
95.49
110.58
114.06
107.83
99.51
100.47
96.75
92.53
90.16
94.44
105.14
106.66
101.14
93.18
88.79
89.36
92.18
96.20
96.89
99.60
106.79
103.91
97.78
99.26
100.76
94.88
95.88
94.95
91.98