99.57
95.97
106.03
111.25
107.72
107.33
107.81
103.04
96.28
94.69
98.17
99.33
92.94
87.40
86.53
92.48
98.88
105.66
104.31
97.21
98.98
103.85
109.21
106.75
105.64
99.01
96.32
94.72
96.49
101.70
97.57
99.14
100.41
95.92
89.37
89.85
89.77
96.29
107.03
108.56
106.99
97.16
86.11
88.05
89.83
93.57
95.78
97.43
97.85
101.28
96.32
91.46
92.81
100.13
101.40
98.18
91.15
88.55
87.28
89.30
90.10
98.71
102.50
96.66
94.96
91.57
93.75
93.27
94.50
102.66
103.99
106.28
104.50
105.63
104.09
97.50
89.38
86.11
90.26
95.06
100.17
109.19
113.96
113.15
103.99
97.17
97.45
95.57
91.54
88.60
92.88
98.36
101.65
108.58
114.12
116.25
108.49
94.01
84.79
84.43
85.95
87.05
94.29
100.61
108.85
107.82
104.94
102.15
105.67
101.37
99.81
94.24
96.43
94.26
90.20
94.96
102.10
109.01
107.63
107.95
108.35
110.34
106.35
100.26
96.07
97.91
104.88
104.44
99.28
93.53
95.09
100.09
102.79
96.52
87.69
85.32
88.06
97.89
113.27
111.95
105.75
95.62
91.90
96.98