96.87
88.48
88.90
90.04
89.48
87.95
86.78
86.99
88.50
89.65
94.39
106.09
111.80
113.78
106.33
99.27
100.33
97.45
94.28
99.85
107.22
104.82
95.23
86.78
84.94
88.42
92.14
95.76
95.83
91.25
96.21
99.02
103.19
108.26
112.43
111.97
111.21
105.84
102.20
100.22
92.18
86.14
89.92
99.72
105.80
109.59
102.46
91.60
91.63
93.94
94.63
95.14
99.64
101.27
103.62
109.66
113.82
115.51
107.72
98.10
89.78
84.73
87.81
97.59
99.47
101.11
107.90
103.11
94.16
91.23
96.71
106.86
108.38
100.37
90.50
91.55
96.95
105.88
105.62
105.88
102.75
100.74
93.90
96.54
100.45
102.62
97.47
94.17
94.47
90.49
86.38
87.77
91.75
94.32
103.97
102.42
101.27
96.06
96.66
93.55
95.79
104.01
102.95
92.26
85.91
87.62
95.01
96.94
96.97
97.70
95.12
100.69
106.30
110.87
105.04
98.61
91.23
86.80
86.60
89.51
98.72
106.34
102.32
95.56
94.00
90.22
88.15
91.48
93.37
96.73
98.58
99.07
105.52
102.05
101.31
103.47
101.85
99.87
102.29
105.25
109.82
107.76
99.87
97.33