98.29
93.65
97.08
106.46
111.62
112.27
110.96
103.31
96.98
93.87
90.72
97.46
107.49
109.56
110.81
104.80
90.80
83.52
86.44
98.66
106.60
104.79
102.19
105.54
111.47
114.25
108.15
101.98
101.70
102.59
104.11
105.30
107.98
107.31
105.46
99.08
97.92
97.96
95.88
91.00
88.05
93.50
103.79
110.84
114.73
112.45
106.90
95.54
93.90
97.05
94.25
95.71
100.82
99.19
101.81
109.13
111.38
104.96
94.76
96.14
99.31
103.24
97.31
87.23
83.99
87.06
96.59
99.38
98.32
103.04
100.69
91.73
91.97
95.12
92.98
90.29
94.02
99.21
103.97
106.40
102.85
103.81
107.07
110.18
105.47
95.81
87.59
86.63
90.85
102.80
106.56
99.32
97.31
93.26
96.02
103.56
104.15
105.91
103.79
103.00
103.79
102.95
105.80
100.67
88.92
86.23
86.82
88.35
91.45
102.93
113.68
114.08
109.49
99.09
93.24
88.73
85.19
89.24
101.81
114.15
110.45
105.82
105.23
106.89
100.74
96.21
99.93
103.23
107.64
108.70
99.77
92.02
89.50
88.51
86.66
86.07
87.35
87.99
87.83
90.86
91.27
97.57
110.00
111.05