100.30
102.05
112.99
111.35
97.12
86.89
92.16
103.86
103.86
98.00
100.36
101.95
101.30
96.13
90.94
88.94
95.88
109.99
108.15
97.31
94.20
100.69
101.47
95.94
97.08
96.48
90.97
91.36
90.19
92.90
104.33
109.70
105.73
101.17
99.43
101.56
108.33
108.05
97.06
85.23
84.65
87.28
90.57
99.96
101.52
104.29
110.42
111.21
101.22
88.16
89.71
92.15
93.40
90.43
94.41
99.79
99.12
93.73
89.17
87.01
91.81
93.07
98.15
100.91
104.51
103.73
94.36
86.34
90.28
91.98
94.39
104.19
111.49
113.39
110.35
108.33
105.18
101.89
101.60
100.90
99.97
96.53
94.37
102.12
109.13
108.97
105.40
94.31
93.84
93.03
93.98
97.66
105.91
113.06
111.50
108.35
105.17
101.93
101.06
97.03
95.93
100.18
100.29
101.66
103.13
106.59
108.55
104.03
99.54
103.83
101.87
97.38
91.26
89.25
87.64
87.10
94.33
99.19
101.57
108.26
111.49
112.93
114.19
114.42
113.63
112.39
110.38
109.93
109.75
109.56
104.24
99.90
93.90
88.97
89.07
92.41
92.15
89.34
90.37
96.23
100.50
101.09
99.91
95.23