96.66
86.93
87.20
94.25
107.52
109.42
101.99
90.32
86.19
93.08
102.84
108.57
101.47
90.76
90.06
102.28
103.53
102.61
101.48
104.73
111.08
110.68
101.82
97.97
104.81
101.20
92.01
88.52
91.44
101.74
112.66
109.91
101.81
91.76
85.90
84.86
85.59
88.85
92.43
93.40
91.11
97.92
107.12
113.84
116.53
110.63
98.59
95.23
104.89
106.21
97.66
97.80
100.23
94.16
96.78
102.82
103.02
97.67
88.66
90.56
91.68
91.12
90.04
92.93
93.57
91.15
95.65
109.02
108.10
104.33
106.15
110.49
111.59
111.20
110.03
106.50
100.88
90.67
89.34
89.14
86.84
89.91
96.12
97.78
101.62
103.02
106.41
109.56
102.36
96.23
102.14
105.23
104.43
103.62
106.58
105.54
99.08
94.84
96.36
96.58
103.10
112.00
114.90
115.05
114.22
108.74
98.54
87.95
87.72
98.18
106.19
106.16
96.75
92.20
91.80
92.46
95.83
102.36
101.51
104.86
101.14
94.75
93.99
94.60
101.69
103.59
102.70
102.21
106.10
109.81
105.78
94.03
94.12
104.19
108.95
105.74
106.01
105.30
100.46
96.27
89.74
93.02
105.79
113.09