97.95
89.12
86.77
86.72
88.02
93.83
100.68
110.72
109.36
101.37
102.20
107.52
105.81
102.58
99.26
98.66
94.80
88.82
88.98
98.92
108.17
109.81
103.11
102.24
99.44
95.16
88.95
85.86
90.16
103.92
103.63
92.24
85.99
87.00
92.61
103.15
102.63
105.36
100.61
89.18
84.95
88.80
95.59
105.12
105.26
108.16
102.19
95.81
101.18
99.22
93.95
90.21
87.06
85.60
87.06
92.83
101.54
99.91
91.95
86.61
89.50
93.35
95.30
95.61
93.80
100.98
110.10
115.03
113.31
103.68
92.46
91.38
100.30
107.96
110.71
110.34
105.01
95.04
86.23
85.16
90.50
101.48
112.29
107.18
103.27
106.08
111.37
112.73
107.16
103.56
97.57
90.29
85.81
90.71
101.95
110.99
108.25
100.74
99.89
107.38
107.58
95.92
85.32
86.37
95.93
106.31
111.16
106.86
95.67
88.07
88.80
89.00
91.27
94.23
104.44
107.13
105.81
97.17
89.65
92.69
99.16
95.00
89.60
87.56
90.47
94.94
97.43
101.76
97.54
91.18
91.94
91.05
98.13
111.25
113.82
111.01
105.92
102.38
103.16
96.35
93.38
95.87
105.35
112.62