97.69
92.42
93.71
100.72
109.31
114.68
115.20
113.43
110.31
109.82
111.00
108.81
105.28
98.83
95.51
97.05
95.97
95.22
98.62
99.68
98.97
93.52
93.30
96.23
97.47
96.55
98.25
101.18
106.69
102.59
92.59
90.52
92.62
91.21
88.12
92.11
93.46
99.33
103.68
96.63
94.45
102.32
99.45
96.07
96.94
95.48
98.64
100.80
105.52
102.98
95.71
99.07
99.87
104.36
110.25
113.54
106.20
93.46
89.49
90.29
89.65
96.99
109.45
111.08
110.97
110.52
105.21
100.75
98.65
97.34
90.59
94.03
95.08
100.63
108.97
109.66
99.98
94.10
91.47
95.03
94.05
95.21
102.05
101.63
93.50
92.32
101.45
104.44
97.60
95.37
101.50
105.59
98.91
88.23
85.23
90.83
104.77
108.20
105.69
97.34
98.98
104.37
108.04
105.36
98.53
94.14
89.72
88.66
88.89
88.94
96.98
99.62
102.79
106.02
107.96
103.36
94.96
90.96
99.50
111.26
109.37
102.10
102.85
109.35
111.24
101.93
89.11
88.60
101.21
107.39
104.72
98.87
98.15
95.13
90.05
89.50
89.86
88.85
95.83
97.43
95.88
92.36
95.76
99.19