101.07
104.31
103.80
99.67
102.98
105.01
107.64
109.79
111.08
109.79
106.72
98.59
90.15
85.27
88.18
97.28
97.12
89.58
85.28
88.24
101.01
113.93
116.27
112.17
108.85
106.40
99.18
92.19
91.53
91.67
91.09
91.67
99.66
110.37
112.65
105.27
97.73
93.09
96.73
96.44
92.88
87.61
89.93
98.56
100.62
102.54
108.10
108.67
109.01
103.95
96.91
89.88
85.42
86.39
89.41
94.16
94.36
101.89
102.31
105.89
105.25
95.48
86.10
87.09
88.87
90.96
91.01
88.75
90.98
97.07
105.00
107.40
104.31
93.53
88.11
95.33
97.72
97.70
102.41
104.29
96.48
95.42
99.33
94.27
89.71
87.88
87.78
92.10
93.28
99.17
99.30
98.71
100.56
103.70
105.19
109.08
112.89
112.02
107.08
106.26
108.66
101.44
96.47
92.51
87.83
90.89
102.60
109.65
113.37
108.62
98.07
89.67
90.21
97.24
100.81
98.57
99.68
96.71
88.59
84.68
86.12
88.11
90.56
92.28
99.68
108.97
112.25
103.56
100.08
99.08
102.95
101.41
91.14
91.35
96.84
100.07
104.81
108.10
110.25
102.94
88.46
84.40
90.58
97.00