102.71
104.03
112.64
112.32
108.64
97.73
87.56
91.37
106.20
114.35
107.89
93.13
87.34
86.69
92.89
104.63
105.95
108.07
110.58
106.61
104.52
98.32
97.20
99.97
105.97
112.12
113.22
105.36
95.10
94.34
101.36
104.42
101.61
92.51
89.83
92.68
92.78
97.48
108.98
109.13
97.22
91.07
92.87
97.71
106.04
105.16
94.19
86.19
85.58
86.91
87.10
88.21
87.97
87.23
92.24
106.32
111.85
109.73
108.52
110.99
114.00
111.41
101.50
88.09
86.86
87.62
90.96
94.34
105.16
115.17
117.91
112.14
106.44
103.13
100.71
94.55
89.16
87.14
94.63
103.32
104.52
97.77
96.67
99.96
105.60
103.00
101.44
104.09
104.54
100.95
94.00
86.94
85.13
88.87
95.09
97.56
99.34
94.69
88.92
86.64
89.88
102.22
115.72
118.10
110.63
97.57
89.36
88.75
96.18
106.07
106.02
96.65
91.94
97.27
101.33
103.68
96.34
88.27
92.81
95.51
96.53
95.21
92.62
97.59
105.52
110.46
108.26
101.28
99.40
97.05
95.34
95.61
100.91
103.24
103.98
102.01
93.46
86.55
90.88
105.06
112.47
112.41
101.80
94.65