97.57
91.75
103.35
115.29
115.87
109.51
93.80
87.38
94.02
97.18
97.39
99.35
106.47
110.48
108.42
97.04
89.65
88.48
88.79
95.27
109.78
113.44
105.93
95.24
90.03
86.84
86.08
91.63
102.40
103.10
106.73
112.46
108.22
96.39
95.52
100.30
96.10
90.98
92.07
90.67
87.30
87.99
95.39
102.31
107.53
104.89
106.09
102.82
99.36
98.88
99.44
100.50
93.66
88.29
87.85
92.23
102.30
109.62
105.09
97.26
93.19
99.78
109.87
113.22
110.16
102.35
89.73
86.48
86.55
86.49
89.49
101.07
103.08
102.15
101.86
105.42
104.82
106.01
110.41
106.35
91.54
83.49
83.70
84.79
85.01
85.56
89.90
101.07
107.33
107.79
99.60
89.99
92.36
98.60
97.14
89.57
90.00
95.99
102.86
109.83
109.60
109.85
103.30
93.05
87.49
85.34
86.15
90.37
103.49
114.48
117.12
114.85
109.94
96.57
89.19
91.74
94.33
94.94
91.65
88.61
92.01
103.95
114.26
109.72
96.36
86.74
85.31
88.29
89.83
91.03
92.26
102.11
112.87
109.85
101.44
99.87
106.46
105.35
102.57
94.99
95.33
104.55
111.19
114.29