102.89
107.95
105.45
105.28
108.60
110.16
108.49
99.04
91.37
90.66
92.66
96.79
105.04
111.96
108.81
101.82
97.94
93.56
88.19
88.06
95.00
102.51
109.85
105.89
103.55
96.50
94.36
101.50
107.28
104.99
99.02
102.31
104.64
106.23
108.94
102.72
94.35
93.37
90.69
93.01
93.68
88.91
89.20
94.42
97.69
103.05
100.38
101.17
107.26
105.86
95.00
95.16
97.76
93.70
97.69
103.38
107.97
112.10
108.74
98.48
95.61
98.96
102.57
104.91
109.45
112.26
105.77
89.74
83.89
85.30
91.82
101.70
107.03
108.45
109.26
105.92
103.88
98.81
99.49
97.13
101.11
99.25
89.75
88.42
99.74
110.42
113.99
112.61
104.49
101.43
106.82
102.26
98.75
102.89
108.04
103.29
91.48
84.85
89.07
102.04
112.02
107.37
104.75
109.06
113.56
115.24
114.59
113.65
106.73
100.22
101.22
102.66
106.42
101.06
98.82
99.57
96.46
94.20
98.86
100.92
95.35
97.52
100.23
104.01
103.01
95.19
86.35
84.37
84.99
86.14
89.36
96.71
99.05
98.74
99.99
102.82
101.43
104.59
107.68
107.54
100.34
91.43
92.77
104.58