101.13
97.10
99.59
96.16
92.05
94.71
97.61
92.97
91.03
94.05
101.86
108.58
106.38
104.53
102.02
99.49
100.11
94.42
86.42
85.68
86.05
90.60
93.46
98.64
100.48
103.41
99.05
100.56
105.05
101.51
91.37
93.02
94.35
94.79
98.26
99.95
96.84
94.52
90.24
92.86
97.00
98.34
98.10
95.26
100.85
99.87
96.19
96.78
103.16
105.61
101.16
92.66
91.42
99.72
101.02
97.61
96.00
102.97
106.07
104.12
105.50
109.76
111.61
106.87
96.65
94.21
93.44
94.24
95.70
104.22
104.13
102.08
97.61
92.15
87.17
92.26
103.72
110.78
110.62
102.96
96.34
92.32
95.59
99.96
107.64
107.36
96.31
87.26
92.14
102.50
103.40
94.32
90.17
90.06
91.84
98.72
102.69
105.48
102.25
92.30
86.20
89.72
100.41
109.66
112.62
111.57
109.09
99.67
90.31
88.56
89.75
91.94
96.64
103.33
107.77
107.93
104.82
98.24
88.89
85.35
91.12
98.01
97.15
100.30
103.37
101.60
100.70
94.18
96.34
94.45
91.75
99.23
109.97
107.94
106.24
100.96
94.13
95.81
97.72
100.85
96.35
98.26
101.40
107.29