99.50
100.89
102.30
105.38
105.17
103.79
103.78
107.61
103.98
97.03
96.97
103.17
101.24
91.36
91.53
103.10
112.54
108.01
95.99
85.71
86.10
90.05
91.73
92.25
96.89
95.21
93.95
95.11
94.83
97.61
106.45
108.85
110.83
108.55
99.74
90.90
87.32
94.18
97.30
99.82
100.50
101.21
105.33
102.71
100.05
94.80
93.53
98.61
100.83
97.37
101.07
110.01
111.06
107.65
102.51
97.63
101.46
103.40
100.01
96.97
101.53
107.68
107.50
96.76
86.73
90.99
95.46
104.22
106.49
108.30
108.74
101.28
89.56
90.92
105.23
112.31
112.70
105.57
91.00
84.41
84.45
89.62
97.47
106.35
113.11
108.82
98.28
92.74
92.00
100.19
104.59
100.57
97.63
100.62
106.94
107.44
98.84
87.54
85.73
92.77
103.37
108.22
110.25
108.50
100.18
88.52
84.67
91.15
103.83
113.73
107.77
96.17
88.31
88.73
91.72
91.31
94.72
99.99
101.16
101.92
104.75
106.74
107.46
102.05
95.36
90.16
91.62
91.61
92.55
91.83
95.46
100.97
99.77
102.43
107.24
107.34
98.93
90.91
86.24
90.10
100.28
107.62
104.15
98.61