99.95
96.48
98.73
100.39
96.63
93.63
101.58
111.61
106.56
100.08
97.47
100.29
102.30
95.11
91.95
91.95
90.02
89.86
95.80
96.32
93.24
90.22
88.99
95.50
98.41
103.27
105.94
110.13
110.89
106.57
97.98
92.95
93.67
100.04
108.18
103.14
93.14
91.54
96.30
103.92
109.42
107.39
95.73
86.23
84.20
88.52
98.34
108.13
106.20
97.77
89.00
90.72
91.86
97.09
102.66
102.91
95.80
89.96
87.88
90.61
94.39
92.16
91.67
100.35
106.56
107.30
109.43
103.35
99.51
103.17
98.28
89.19
84.75
87.73
97.91
112.51
115.26
109.65
104.43
95.07
90.69
87.99
94.42
107.99
111.89
102.95
94.21
88.46
90.73
98.28
106.68
111.19
112.79
111.88
101.27
87.82
90.58
97.27
97.43
101.11
100.92
103.99
108.35
102.52
89.72
87.27
91.62
95.65
103.69
108.00
102.11
93.05
86.35
86.05
93.26
103.13
106.77
109.81
111.57
104.91
91.35
86.41
94.56
102.47
102.94
96.00
89.91
93.39
96.71
97.79
94.57
95.51
93.31
88.21
87.18
87.30
86.65
89.57
93.00
99.14
107.14
111.29
107.95
96.25