96.88
91.59
94.31
94.89
92.64
92.78
96.57
102.93
108.77
105.91
98.25
90.62
88.00
90.21
91.22
97.18
106.69
105.08
95.20
87.50
86.47
86.29
85.64
85.22
87.59
89.94
98.48
105.84
98.71
90.28
88.83
87.92
90.80
98.87
105.92
100.48
94.33
95.48
98.41
106.54
112.89
115.41
116.01
114.45
112.34
101.65
94.49
89.35
85.21
86.87
87.95
92.90
107.92
106.53
94.24
89.26
95.14
108.45
108.21
98.83
97.89
101.30
107.81
107.60
103.88
103.93
108.82
106.92
97.76
89.72
89.86
89.10
90.04
90.43
97.00
104.48
108.90
110.75
105.63
92.36
91.09
91.61
88.79
94.98
97.49
103.96
107.69
111.19
105.14
99.67
103.71
102.00
93.09
92.27
99.10
107.35
112.48
111.06
110.42
107.92
100.84
88.81
87.79
89.38
87.24
85.70
86.31
90.02
92.93
99.00
99.41
102.75
108.86
108.05
104.30
106.49
108.72
104.39
100.22
103.68
106.28
105.84
105.01
97.35
94.74
101.22
105.28
100.61
94.19
97.78
100.99
106.23
108.19
102.49
95.33
91.38
89.29
89.02
89.08
88.45
88.50
92.66
94.53
94.98