98.80
97.04
99.19
96.27
94.59
93.97
93.04
100.26
111.40
111.75
111.59
106.03
102.03
102.92
108.14
106.61
95.49
86.00
86.28
87.47
88.37
91.73
95.78
92.88
91.40
89.26
91.40
90.45
95.64
96.91
102.37
106.22
104.78
101.75
99.71
94.25
86.89
90.85
99.14
105.87
107.51
106.58
107.50
111.09
112.45
112.84
106.00
92.25
92.24
101.90
105.90
108.06
110.20
110.82
104.61
96.88
98.32
107.14
108.41
98.18
90.58
89.44
97.95
102.54
100.04
101.39
98.69
102.16
110.25
108.02
105.92
107.60
107.87
105.45
104.38
106.40
106.61
106.69
107.41
101.95
93.71
92.15
92.52
89.69
90.91
93.42
102.89
109.03
109.92
104.17
99.21
94.01
91.35
97.87
103.27
108.68
108.75
102.92
95.73
98.14
102.85
101.09
98.33
91.31
89.24
97.91
106.86
106.10
99.81
93.37
87.37
88.40
90.82
93.95
104.35
103.25
97.82
100.61
107.48
108.73
107.78
103.95
104.18
101.62
93.35
87.69
89.71
93.15
100.89
99.41
100.15
98.43
95.94
96.41
95.80
101.74
104.61
102.17
96.52
88.24
84.86
85.54
88.84
97.16