100.09
91.86
89.80
96.55
109.53
106.83
101.93
105.12
111.29
114.03
108.58
96.18
87.08
88.35
90.66
95.72
96.09
90.50
93.39
95.45
96.23
94.15
98.23
106.36
110.76
113.20
109.03
95.04
87.81
91.73
92.59
94.80
92.08
87.75
86.33
89.96
94.47
104.24
108.04
107.61
101.28
89.48
84.34
89.29
97.94
104.26
105.17
104.79
97.09
96.37
97.04
92.30
89.78
92.17
91.60
90.71
99.02
106.91
109.90
104.62
101.73
95.88
96.98
103.23
97.93
94.03
90.84
88.73
95.31
99.67
99.59
96.87
95.10
96.20
98.62
95.29
99.11
104.45
101.76
96.21
90.06
87.44
89.54
96.16
98.45
104.69
103.99
100.50
92.74
85.80
87.98
99.39
109.42
111.04
109.71
105.83
101.20
104.29
107.05
109.55
105.04
95.40
88.64
93.36
107.04
107.44
105.28
101.43
96.98
95.38
93.54
100.12
109.57
106.51
105.43
108.35
109.06
109.48
109.14
102.80
90.30
84.41
85.38
89.84
99.22
99.99
94.17
87.95
88.64
93.84
103.04
109.36
108.71
106.07
97.16
92.98
94.07
98.18
103.22
102.73
104.67
109.87
112.51
113.75