102.63
102.62
98.20
98.48
100.63
102.33
98.10
98.66
97.30
96.91
94.03
91.06
92.05
102.25
104.64
95.94
93.36
95.97
93.07
91.69
90.45
94.43
101.42
109.63
114.02
112.15
103.91
99.63
101.67
103.70
97.67
90.04
87.37
86.52
86.85
93.60
97.55
93.49
97.54
102.85
100.63
100.68
107.11
111.68
111.43
102.04
93.62
95.84
103.27
104.09
99.12
101.96
100.01
99.03
94.29
87.15
84.98
86.31
86.46
86.21
88.06
96.26
105.54
101.62
92.26
90.66
96.23
106.00
103.87
99.14
103.26
111.16
111.26
103.43
89.17
85.06
87.90
93.62
99.15
94.55
89.64
94.75
97.25
98.11
94.22
88.68
89.75
97.32
107.88
107.82
102.13
93.00
87.66
85.55
89.42
99.42
99.77
99.06
106.46
107.80
101.29
92.86
97.14
99.95
96.33
94.50
96.33
94.26
98.32
103.27
106.34
110.17
109.09
97.18
91.26
99.39
109.40
110.11
103.49
96.72
90.93
85.99
87.69
95.21
110.08
109.47
103.53
92.15
85.87
91.50
98.97
100.80
94.51
93.89
101.61
105.53
97.19
90.67
88.67
92.06
91.42
94.85
97.20
97.88