102.51
99.48
100.50
104.50
109.81
106.63
98.73
98.45
94.69
90.47
91.77
90.64
96.77
104.22
103.32
94.09
88.74
91.63
90.97
96.88
108.03
112.58
113.67
111.01
104.78
98.12
101.62
109.34
106.81
105.60
99.88
97.02
103.67
100.20
97.17
92.04
88.86
95.53
100.25
105.69
110.67
106.14
93.18
85.04
84.25
88.82
95.05
94.92
99.93
102.22
99.67
101.26
101.85
97.89
94.13
95.03
94.18
90.15
93.70
98.64
96.55
100.83
104.18
106.30
110.39
110.03
99.73
96.52
95.55
89.69
85.69
86.92
87.30
87.25
89.43
94.64
94.23
90.75
93.66
104.19
113.30
107.09
94.89
87.00
86.84
87.63
89.53
91.76
102.57
110.22
111.73
102.78
99.56
100.71
93.60
92.09
90.71
89.15
96.07
109.44
114.99
107.12
89.98
88.50
95.55
103.52
107.72
109.58
104.15
100.95
93.63
86.30
87.60
92.30
98.64
108.61
104.42
95.72
87.58
85.57
88.74
89.77
94.71
98.86
106.01
101.17
94.61
88.27
90.14
98.98
97.23
89.83
87.29
90.99
103.79
108.04
99.28
98.26
96.75
91.13
88.71
88.29
94.98
104.10