102.55
96.73
101.06
111.45
110.06
103.54
101.78
101.19
93.63
88.83
91.67
93.79
91.08
91.72
93.47
91.81
87.90
87.11
91.10
91.72
89.84
91.26
99.24
110.40
113.86
112.00
101.90
93.50
97.70
96.76
91.55
95.89
98.32
99.27
97.42
91.51
86.76
89.01
100.15
100.62
93.82
87.45
86.38
86.74
86.78
92.42
101.85
111.16
110.34
103.01
101.24
106.35
100.94
88.79
83.93
84.79
86.10
89.96
92.93
91.87
94.80
92.89
88.34
88.95
97.13
106.50
112.92
112.29
110.39
108.54
102.15
98.65
99.28
104.61
108.45
111.73
108.93
96.19
87.44
85.16
86.63
95.28
112.96
112.96
110.70
107.23
100.80
95.54
94.55
90.92
89.95
93.89
99.07
95.69
93.53
101.45
102.53
106.06
106.98
103.34
103.17
96.95
94.14
92.69
91.57
95.37
104.98
107.65
106.21
107.00
100.19
92.96
96.70
99.73
94.33
87.79
85.57
86.61
93.72
96.33
102.70
99.28
95.81
93.31
97.08
102.37
108.93
106.95
102.47
99.84
98.26
96.27
93.20
90.88
93.98
92.58
89.18
87.38
86.29
86.05
85.94
86.35
86.49
88.24