101.54
102.16
105.58
107.10
109.18
104.97
103.72
104.66
105.32
107.54
102.77
100.76
105.12
110.21
106.52
100.93
97.90
93.74
87.59
86.57
92.54
101.22
100.62
94.03
94.59
94.56
91.82
93.74
94.19
97.49
97.40
103.13
111.23
114.14
114.17
112.98
110.16
107.82
105.94
95.99
84.77
85.94
90.62
101.03
104.18
103.31
106.41
110.85
105.93
100.04
93.95
88.02
86.94
87.50
89.58
92.76
95.22
97.82
103.72
99.67
96.57
91.93
95.85
107.32
106.33
103.88
102.51
96.22
90.82
88.03
94.23
100.66
98.46
99.53
95.88
90.16
92.37
102.43
108.73
104.81
94.48
92.41
93.53
91.04
88.78
92.23
98.64
109.51
110.34
99.71
92.55
91.90
94.32
101.89
109.02
106.76
98.60
95.76
95.33
97.52
95.88
96.78
101.97
97.20
96.18
93.50
89.82
89.81
92.69
101.58
108.22
107.04
106.56
102.80
95.70
90.15
86.47
87.39
89.95
93.31
101.68
99.62
100.46
107.23
111.90
108.38
106.69
107.09
106.72
97.59
86.46
88.63
90.61
92.93
93.35
96.59
95.75
94.98
101.70
98.53
96.54
94.70
91.02
97.52