98.57
89.97
92.55
95.35
94.81
95.94
92.58
95.47
104.46
103.35
96.50
95.79
103.69
102.27
103.20
104.10
103.13
106.45
110.62
111.18
101.87
87.35
85.39
89.95
97.27
107.05
114.35
109.58
99.21
93.43
91.21
88.17
89.41
94.36
98.82
99.50
97.02
98.50
96.01
95.64
92.16
97.42
101.16
104.25
102.98
104.04
98.39
90.72
93.09
101.60
106.65
100.07
97.36
105.39
110.28
108.53
103.32
103.99
102.05
92.02
89.89
89.24
90.01
99.66
105.66
107.59
99.24
98.58
104.88
109.32
110.65
105.98
95.13
86.04
86.16
89.04
88.62
87.09
90.65
93.33
91.44
89.98
91.42
99.93
100.33
95.12
92.52
90.14
94.58
102.68
108.23
102.58
90.23
92.01
100.92
106.77
104.56
104.06
105.64
107.56
99.99
91.89
97.46
99.19
96.30
92.23
94.63
102.35
99.66
99.55
100.95
105.83
104.11
94.16
87.84
85.97
91.18
99.80
107.26
107.80
98.91
87.55
86.59
93.05
99.16
99.54
96.46
99.16
95.31
91.39
88.41
91.93
105.20
115.70
118.00
115.46
108.16
100.72
93.12
91.21
98.51
107.08
106.85
105.29