97.80
89.31
93.95
98.55
104.70
110.28
110.64
107.46
107.90
107.50
104.89
104.18
100.72
94.52
93.42
91.04
86.58
88.36
100.40
104.04
105.26
105.66
109.37
111.95
110.34
100.91
89.44
92.96
104.62
108.65
108.48
101.21
94.99
91.43
92.27
100.82
106.05
104.65
98.88
92.02
86.27
85.58
88.35
91.92
103.23
113.87
110.61
103.13
92.42
89.95
89.78
95.57
108.48
105.19
91.32
85.76
91.02
95.33
100.41
97.40
90.03
93.68
103.79
104.28
96.84
97.27
104.69
112.22
114.70
109.09
100.68
99.47
102.85
108.75
103.81
96.08
97.68
101.33
105.64
102.01
90.54
91.64
96.21
100.98
96.69
89.76
87.97
93.11
103.67
104.31
103.82
108.33
108.37
109.19
109.94
108.44
98.95
94.57
98.08
106.47
102.36
96.48
97.82
99.39
93.76
87.89
86.57
87.03
91.10
102.89
112.30
111.39
99.50
86.80
88.08
99.01
107.48
113.11
113.98
110.28
99.47
88.15
87.40
89.08
94.17
103.43
110.88
105.66
93.33
94.08
101.39
103.10
100.88
93.29
94.58
96.86
99.52
94.74
93.05
93.62
96.42
102.33
103.11
95.56