96.85
88.47
90.46
96.28
100.41
96.91
96.61
95.02
100.00
98.12
99.66
95.51
95.70
104.89
113.67
109.39
103.69
101.41
101.04
98.00
99.72
106.54
109.15
104.90
96.35
93.41
96.57
95.89
94.19
91.36
95.29
105.29
111.16
109.29
101.04
96.79
102.34
107.01
108.42
110.65
108.98
97.75
90.52
95.83
100.34
103.22
106.53
108.25
109.08
106.76
106.69
109.29
107.93
101.00
94.41
96.95
97.24
95.69
90.97
92.78
99.10
105.57
102.90
104.56
105.51
104.55
103.89
105.92
104.29
97.09
87.28
90.56
93.91
89.58
89.09
93.62
103.26
105.52
106.78
101.04
96.73
91.01
89.05
94.49
104.61
106.68
102.01
96.62
93.27
97.58
95.82
96.93
98.72
92.81
94.86
95.94
90.15
87.71
89.74
95.54
108.21
112.98
114.15
111.86
105.83
99.28
102.07
103.14
99.08
94.57
91.99
96.30
100.12
101.43
96.54
97.13
103.52
101.43
95.95
94.32
102.39
107.49
107.87
102.22
100.13
100.40
105.19
110.55
113.38
113.36
107.70
100.23
95.02
97.36
94.83
97.58
106.36
107.43
98.95
98.70
99.90
104.29
108.58
108.66