101.77
94.97
92.38
97.11
107.76
109.26
103.48
102.21
103.16
106.47
106.82
97.57
87.99
85.70
86.73
88.21
94.61
108.17
108.83
106.73
108.56
108.41
107.98
102.97
97.24
98.22
101.88
95.97
95.20
98.00
100.18
101.68
97.14
93.12
90.40
93.51
103.85
107.40
106.06
96.45
87.25
86.28
92.26
101.98
108.47
101.46
100.47
101.71
102.59
96.62
90.07
90.37
92.76
95.34
94.71
93.33
92.93
91.80
89.42
93.30
103.94
108.32
110.01
108.26
97.26
86.06
85.34
88.77
92.06
92.53
89.52
93.16
93.00
90.52
89.15
96.08
96.76
99.83
102.83
106.41
99.80
89.00
85.27
85.19
86.43
88.52
96.30
102.78
102.40
100.98
96.27
97.29
99.82
95.53
93.41
94.05
90.04
90.94
100.50
102.66
97.37
91.85
93.24
94.32
90.07
90.19
89.67
96.83
108.97
107.41
99.55
89.87
85.30
84.98
89.92
99.84
111.57
108.20
96.45
94.62
99.27
98.55
98.48
100.01
101.29
104.06
98.40
98.88
99.98
103.86
105.35
98.93
89.50
85.85
88.23
88.41
92.58
103.37
112.83
115.82
116.09
115.28
113.33
110.74