101.25
99.02
106.98
112.32
114.36
109.42
94.94
83.97
84.16
86.20
87.34
89.70
93.80
95.04
100.80
99.12
91.14
89.68
98.08
99.84
91.79
88.80
89.54
94.15
102.06
104.53
98.59
96.33
100.43
106.79
109.25
101.29
87.90
84.84
89.70
98.28
109.29
113.84
110.41
106.32
100.86
94.47
88.81
87.53
95.31
97.81
100.64
107.07
108.32
104.03
98.85
96.76
93.35
99.06
99.69
96.50
97.31
101.79
100.21
101.67
104.20
96.69
88.49
92.41
100.93
97.80
100.53
99.68
97.56
100.44
107.54
111.59
113.94
113.44
112.84
106.35
99.42
94.88
89.95
85.66
85.38
87.89
91.22
94.01
99.43
105.10
109.79
103.73
97.87
100.66
104.78
107.56
108.66
101.63
88.13
89.27
102.82
112.72
113.85
104.24
98.21
92.00
95.13
106.21
110.65
102.47
88.54
89.84
97.03
105.08
104.74
104.42
99.48
98.34
98.89
101.15
98.80
97.20
101.45
105.91
101.92
100.99
105.02
109.90
106.74
97.47
94.76
103.55
103.17
95.72
90.76
92.40
102.67
101.87
97.63
90.90
90.52
100.26
109.68
110.23
106.51
103.97
106.62
101.09