97.56
90.73
95.00
103.21
110.08
110.99
105.87
95.28
95.78
98.07
94.67
94.17
100.41
110.49
110.68
100.13
88.39
91.03
94.89
92.66
93.35
101.77
102.72
97.52
91.77
89.93
89.01
94.50
107.34
113.62
110.47
96.76
88.07
85.95
86.12
89.25
90.43
96.68
109.25
110.59
101.79
94.76
97.29
99.33
94.88
93.94
91.98
96.01
106.77
113.31
111.84
109.29
108.88
107.72
104.81
96.02
92.38
89.98
95.08
104.27
102.61
96.03
98.86
104.45
107.46
110.50
106.38
104.08
107.40
110.26
110.37
110.07
105.35
98.89
100.59
104.51
98.65
97.97
98.88
96.29
92.14
90.74
96.29
103.73
104.83
100.80
99.70
105.18
107.35
109.95
106.74
99.81
101.08
107.94
112.22
108.95
97.05
88.95
93.96
93.93
87.81
91.32
106.08
111.24
109.71
107.10
105.57
107.69
111.55
109.52
103.00
93.89
93.51
103.36
106.07
108.34
101.10
97.21
104.84
109.56
106.23
95.86
87.11
90.28
102.34
108.30
106.28
107.76
107.01
98.40
98.10
98.54
93.53
89.17
93.57
106.12
105.06
92.65
84.90
85.27
90.95
100.92
105.95
105.71