101.12
101.91
105.54
110.25
105.70
103.53
97.22
89.28
88.21
94.87
107.40
112.98
105.85
91.00
83.73
85.55
92.08
97.76
107.57
110.25
100.48
91.49
89.66
98.98
108.12
105.30
94.65
90.66
100.51
111.54
106.22
90.93
85.11
91.79
104.72
110.30
105.01
94.75
89.53
89.47
97.82
108.81
107.44
102.86
102.22
97.42
88.39
86.62
88.49
90.23
92.70
93.35
94.13
97.43
102.21
108.97
107.99
106.95
109.74
109.28
104.00
103.06
102.17
105.40
111.03
107.13
103.60
105.24
106.28
107.52
101.21
97.29
91.55
91.45
97.40
98.04
103.20
107.34
109.40
106.49
104.27
99.07
91.80
92.93
100.65
104.93
103.35
98.01
92.02
88.88
92.30
104.58
107.97
100.73
90.60
86.33
86.36
92.78
100.39
110.11
112.92
103.65
90.48
89.93
102.37
110.27
113.22
114.91
112.20
109.93
108.22
108.40
100.31
92.32
98.01
104.81
101.06
93.14
91.11
96.44
95.96
88.92
89.66
91.83
97.17
107.63
106.96
99.59
95.32
97.75
95.37
88.85
87.13
87.24
91.94
104.19
107.84
101.36
92.20
90.63
94.92
104.10
108.46
100.40