101.15
99.49
105.43
112.77
114.45
108.14
102.73
106.50
103.98
95.04
91.08
91.74
89.45
90.13
90.05
90.65
97.50
108.86
112.50
107.90
102.56
96.86
97.22
99.83
102.76
106.92
100.23
93.36
95.61
100.01
94.03
93.22
97.52
100.70
106.80
107.26
101.16
90.14
91.23
104.53
107.21
100.36
95.68
99.51
102.11
106.87
101.29
98.40
98.49
101.82
104.90
100.68
100.28
104.18
106.47
102.88
97.24
100.17
107.62
106.10
98.90
89.23
86.13
86.66
92.44
97.13
95.43
89.93
92.38
92.93
100.00
106.80
105.93
106.38
105.46
107.12
109.58
105.14
91.74
87.34
88.74
94.85
94.03
95.59
100.25
99.55
104.33
105.90
106.36
107.24
103.81
103.96
98.91
93.49
98.63
106.58
112.50
108.61
99.08
97.00
95.34
97.41
106.36
111.07
113.27
114.02
107.71
92.17
85.48
86.86
92.50
100.45
103.73
96.33
90.11
88.22
89.17
88.56
89.41
92.22
98.05
99.55
101.75
104.24
99.98
91.81
89.25
98.63
101.22
99.93
102.85
109.72
114.55
113.20
103.42
88.43
86.54
98.66
112.41
111.14
109.07
105.37
105.29
101.50