97.02
87.80
90.52
107.21
116.89
111.35
107.19
107.10
99.11
96.19
92.66
89.66
95.55
107.48
108.47
109.39
112.59
115.08
108.25
93.05
85.59
88.14
88.93
90.77
93.50
93.96
94.40
91.72
88.12
86.22
87.62
93.66
101.93
108.85
105.75
98.57
90.05
88.16
97.10
108.13
112.56
110.99
109.24
103.73
95.29
88.03
92.55
102.77
105.71
102.75
101.41
103.97
103.70
95.06
95.81
106.42
110.29
104.44
100.38
102.29
106.57
103.41
100.44
94.72
93.14
99.24
104.62
104.29
96.84
94.81
101.37
100.82
102.93
98.33
94.21
97.56
107.25
110.80
108.81
106.53
98.78
90.15
85.61
85.61
86.26
88.51
92.14
96.35
97.84
97.64
104.65
102.29
103.53
110.16
114.15
111.63
107.24
106.43
104.91
100.85
96.72
90.08
85.04
84.15
85.87
91.92
102.22
103.04
107.29
108.66
106.74
104.74
103.44
99.82
94.94
96.73
96.39
92.82
88.73
90.34
94.56
92.52
87.44
91.67
102.55
109.99
110.63
110.24
109.17
105.20
105.07
108.22
109.61
106.59
104.18
105.84
105.52
98.28
92.83
97.36
96.59
93.09
94.30
92.80