102.26
98.77
98.33
97.70
99.52
95.18
89.44
92.97
97.76
106.28
103.30
91.41
90.04
90.14
88.22
88.61
88.35
86.91
87.99
88.39
89.10
93.00
94.09
90.08
89.72
94.81
95.86
90.55
89.09
88.02
86.84
87.12
94.51
106.69
111.43
110.90
106.10
105.24
101.76
102.15
105.62
99.86
89.86
88.19
95.33
103.60
103.82
105.08
109.15
108.15
100.03
98.84
105.54
107.76
108.25
110.68
106.99
95.10
85.52
85.71
94.51
109.65
115.41
113.63
112.43
111.18
100.40
85.68
84.93
90.97
99.51
99.55
96.18
91.72
87.10
87.56
96.59
111.27
116.40
116.35
108.24
96.01
97.10
95.53
89.62
89.79
98.60
105.35
100.16
91.15
95.11
100.85
100.54
97.27
99.86
108.45
112.96
113.30
113.20
110.98
106.66
101.33
92.81
93.43
92.73
88.44
89.05
99.52
101.53
94.07
86.43
85.71
86.93
92.91
94.70
90.27
91.65
100.24
98.82
97.16
104.41
107.54
108.40
107.91
110.06
109.69
98.97
92.96
90.05
90.90
91.42
93.21
90.88
90.96
91.62
92.77
96.40
93.33
96.69
108.22
106.37
98.32
89.57
88.37