98.25
93.23
97.65
101.68
99.25
96.22
101.24
110.41
107.73
100.13
101.33
102.72
97.93
99.53
98.09
100.58
96.98
88.02
87.05
93.15
99.60
101.65
105.60
105.19
103.78
103.34
104.39
102.28
105.26
107.01
102.26
91.44
89.12
90.93
89.48
94.64
108.24
112.74
111.05
105.54
94.47
88.85
88.34
92.48
96.42
93.96
94.22
99.58
103.31
98.27
89.66
87.88
94.30
107.96
116.16
114.48
101.82
88.37
85.17
89.34
91.12
94.13
93.37
89.00
86.01
88.36
91.39
99.36
110.55
105.57
100.67
105.74
105.36
93.77
86.91
89.57
101.78
101.12
102.94
105.11
102.92
99.35
100.22
98.48
91.46
89.56
95.64
98.44
94.97
91.94
89.01
89.46
90.56
91.25
93.06
103.49
111.07
112.00
106.24
94.22
87.04
92.54
107.69
106.31
103.73
105.71
110.76
110.64
108.72
105.54
101.50
96.62
94.18
99.50
98.37
92.35
86.77
88.79
95.64
95.98
95.41
96.89
104.83
102.82
99.77
94.55
96.59
105.32
105.44
103.95
99.02
91.31
88.11
94.28
99.42
106.93
110.60
109.82
109.29
110.33
106.99
94.45
88.64
88.90