102.82
100.92
108.73
108.74
101.67
97.85
103.72
104.91
106.43
107.38
99.55
92.95
90.75
88.42
87.20
91.27
103.45
114.90
112.51
106.84
96.40
88.08
86.64
92.24
95.33
98.15
95.36
95.73
98.94
94.73
96.14
102.23
98.42
100.08
101.39
94.95
91.30
91.09
100.25
108.13
102.66
100.27
101.48
101.02
98.80
95.75
101.16
108.14
107.98
106.69
100.97
90.15
84.80
85.66
90.96
103.16
106.02
97.39
95.17
99.47
107.00
103.27
101.35
98.76
99.45
104.56
106.54
99.18
97.02
95.56
89.23
85.33
86.09
90.31
102.77
111.82
115.05
111.18
101.15
92.54
93.43
100.99
105.72
110.28
104.55
97.01
94.10
97.40
104.55
107.10
99.85
93.80
96.41
105.24
108.51
107.95
108.39
107.88
109.51
108.23
107.89
107.94
99.04
87.51
88.69
101.19
105.47
103.49
95.02
96.54
103.90
109.47
112.01
109.51
106.46
102.23
103.32
105.75
107.58
107.27
104.79
101.49
102.02
106.36
104.39
101.60
99.09
91.13
93.20
98.41
97.74
91.12
95.10
103.97
100.14
96.86
104.17
111.61
105.40
92.88
94.74
104.78
100.12
91.23