96.97
89.76
92.45
105.42
115.78
117.29
108.15
99.94
104.26
111.68
107.80
104.47
108.28
110.97
110.82
101.27
90.42
92.20
101.93
111.24
107.63
105.73
107.02
110.31
110.41
110.40
102.76
92.26
94.61
99.95
104.21
107.76
110.69
111.14
108.31
105.14
101.58
100.93
96.26
87.47
86.17
90.28
93.46
103.34
108.24
111.90
113.64
111.80
110.44
105.79
104.42
101.98
96.82
88.31
87.52
87.73
86.76
87.94
94.55
106.36
112.96
113.24
108.74
95.54
90.83
91.90
91.42
88.59
88.01
88.62
87.49
87.15
86.77
90.11
102.65
103.53
98.57
93.12
92.84
102.26
113.05
113.40
107.65
99.56
95.27
89.98
91.20
101.30
110.41
108.15
103.10
98.01
98.79
103.78
107.02
100.79
99.29
103.14
108.70
106.57
97.19
97.61
101.02
98.78
101.63
97.12
92.43
92.26
99.98
108.91
113.19
105.67
101.14
94.50
94.31
102.66
105.83
102.28
91.82
86.63
89.31
97.92
102.28
97.36
99.14
104.63
105.19
103.99
105.38
102.75
96.74
96.98
93.43
88.28
86.91
90.04
93.69
103.24
112.14
107.64
103.43
96.13
97.18
100.31