100.24
103.24
112.95
109.88
99.21
88.74
90.44
98.10
105.45
106.08
97.53
89.54
86.81
87.99
89.56
92.17
91.70
88.42
92.54
107.22
111.35
108.56
99.95
92.98
88.24
89.13
89.33
88.49
91.67
99.34
102.15
96.64
100.13
99.16
100.80
108.12
112.32
110.86
103.80
99.15
93.39
96.62
105.54
105.64
105.82
109.21
102.67
94.07
98.21
108.92
114.16
113.88
109.60
97.39
88.65
87.68
91.66
96.37
93.53
89.97
91.28
95.74
99.65
107.37
103.72
93.39
86.10
88.45
93.07
93.75
91.31
93.02
103.77
102.44
94.21
87.28
85.20
89.70
91.78
92.56
92.56
90.65
90.75
90.64
91.27
95.19
103.07
104.67
106.98
101.14
93.83
87.56
89.21
98.25
109.09
108.35
103.21
92.47
93.82
100.13
96.61
89.87
91.40
93.43
91.24
89.75
96.15
110.15
111.88
108.77
108.13
110.35
108.76
99.74
94.78
95.09
100.07
103.68
107.66
107.04
104.14
96.26
88.26
90.14
103.62
110.93
110.38
111.08
104.35
91.18
86.75
89.13
91.15
99.23
109.87
106.28
92.79
87.27
91.01
98.17
104.37
110.80
113.87
112.21