98.43
93.71
93.30
92.28
91.38
97.90
96.52
98.57
106.75
104.58
92.08
84.43
84.09
87.31
89.89
94.86
105.64
111.88
105.73
96.89
89.15
93.35
97.93
97.96
95.12
94.37
91.07
97.11
104.96
102.61
91.65
90.26
100.92
107.86
111.99
108.96
102.22
101.19
106.69
108.63
108.65
104.51
92.67
89.22
95.76
99.77
100.37
97.44
95.83
90.43
94.21
101.59
110.21
111.24
110.88
106.94
100.97
100.27
101.75
105.48
103.49
92.27
85.92
86.35
90.54
99.56
107.35
110.00
110.60
107.68
107.23
99.53
91.53
90.77
99.47
101.28
94.79
89.12
88.11
92.84
102.32
99.21
95.30
101.87
100.38
101.46
103.66
98.34
94.36
89.36
88.57
98.01
110.37
104.97
99.20
92.52
88.57
86.56
91.48
104.53
106.81
107.71
101.73
93.34
93.16
91.66
92.80
101.45
104.90
104.27
106.26
110.94
112.64
112.01
103.57
94.27
87.50
86.73
91.14
97.89
106.63
111.74
114.16
115.33
114.07
109.50
100.57
90.38
85.33
87.55
89.79
91.58
95.51
93.27
91.62
90.81
95.61
108.58
112.69
111.17
104.87
98.49
94.28
90.76