100.51
94.52
95.19
101.65
101.69
92.61
87.07
92.57
107.77
107.31
107.41
101.24
100.94
98.40
95.25
97.94
96.01
94.63
90.37
90.47
92.40
92.20
99.52
105.30
108.39
112.10
109.31
98.31
92.44
91.46
90.67
88.46
88.53
95.69
108.75
110.84
102.38
95.62
94.93
99.69
96.05
92.82
100.55
110.74
106.05
93.76
87.15
87.74
90.34
89.93
87.68
91.84
103.10
105.64
108.05
101.55
98.45
96.26
89.82
91.31
93.47
98.45
102.19
107.22
112.21
112.24
109.05
103.06
100.40
102.49
105.21
103.98
104.06
107.30
105.56
97.55
98.64
103.27
99.31
90.34
85.19
86.90
88.60
94.52
105.57
106.19
97.75
91.84
89.95
92.63
91.18
90.19
99.29
101.74
104.67
110.36
112.31
112.55
106.94
96.89
94.40
101.37
98.93
93.01
88.79
88.57
96.27
105.38
109.76
110.08
108.75
100.67
95.75
97.02
100.61
96.16
98.12
95.23
90.96
90.44
93.89
98.03
106.30
103.76
92.17
85.00
85.48
86.65
89.82
91.13
91.02
94.87
106.70
107.77
104.45
96.02
96.92
97.87
95.29
95.43
94.31
94.28
102.15
110.53