101.83
102.75
109.95
107.22
103.66
101.04
98.88
99.52
99.76
104.98
111.70
108.98
97.77
85.99
88.98
102.86
112.72
112.74
109.69
102.09
98.69
96.36
93.77
95.08
99.54
101.81
94.53
86.49
85.72
93.46
97.56
95.51
100.22
110.32
116.02
114.73
108.39
97.37
89.55
89.29
95.88
100.12
101.67
107.34
111.67
109.06
97.66
94.08
93.93
89.93
92.09
103.46
107.15
97.68
91.46
90.14
95.70
105.41
110.03
107.15
96.45
89.46
91.74
103.86
102.02
97.34
97.17
95.74
95.95
97.86
104.56
111.48
113.96
106.79
90.49
85.33
87.65
91.66
93.32
94.19
95.68
92.37
96.70
95.88
93.63
92.09
94.39
92.19
93.38
97.95
98.41
95.14
97.83
95.86
89.41
90.06
90.29
98.21
101.54
107.17
105.79
101.68
97.74
92.72
96.55
96.15
91.75
93.95
99.78
108.02
107.35
97.97
90.73
92.49
103.66
101.20
93.12
92.22
98.28
107.51
105.96
95.71
86.34
85.97
90.96
104.68
106.55
105.05
96.92
95.87
95.92
97.38
96.14
93.96
89.40
92.40
97.30
94.84
98.57
100.00
94.99
87.55
89.51
97.38