98.37
89.70
90.07
93.06
99.45
100.91
101.12
106.41
105.34
98.22
94.61
93.75
96.93
98.36
101.00
99.17
97.40
98.28
99.60
93.94
87.95
89.84
95.47
105.81
103.39
95.68
99.23
102.76
95.02
92.05
98.89
108.14
105.62
99.05
95.17
96.09
104.37
101.38
89.43
84.15
89.35
97.87
104.41
100.90
96.62
92.96
90.46
96.51
98.94
98.19
101.28
101.16
104.76
110.49
106.06
94.98
89.72
91.54
91.24
88.86
90.78
92.65
94.89
104.37
106.93
98.15
93.22
94.73
103.40
110.55
107.04
105.54
108.50
106.19
99.57
99.74
97.86
89.09
90.01
102.72
106.36
99.91
93.13
90.56
87.89
87.36
93.80
94.89
92.20
98.54
98.74
103.08
109.19
106.16
97.54
96.65
95.97
94.46
99.84
109.05
112.72
112.65
106.96
100.55
95.86
94.89
91.48
89.31
91.60
99.74
109.28
112.29
111.89
102.55
88.35
84.94
85.87
88.33
98.05
99.74
97.82
97.85
99.13
97.53
90.86
87.78
89.62
94.13
103.44
112.57
113.64
105.59
101.50
94.64
93.09
90.24
86.58
85.19
86.63
88.14
88.95
94.42
98.86
98.39