100.19
96.52
106.64
109.20
108.98
108.30
100.77
89.12
84.45
86.98
91.32
100.95
104.54
96.01
90.58
93.03
102.84
108.17
106.03
102.54
100.03
98.59
92.63
93.30
93.18
90.25
88.06
93.24
99.74
98.14
94.52
91.60
99.24
102.11
101.34
97.84
99.23
99.82
100.83
94.13
89.06
95.51
96.94
101.16
107.90
102.35
97.09
98.57
105.33
112.02
111.55
107.61
105.43
96.59
89.59
89.56
96.25
103.08
105.48
100.02
95.69
93.26
98.01
108.75
107.23
98.08
89.18
93.80
106.36
104.88
102.90
102.32
95.28
87.05
84.78
85.62
89.85
99.37
113.39
112.41
111.54
104.14
96.70
94.89
97.51
104.69
110.28
112.49
106.61
96.73
98.12
101.96
101.28
96.67
95.34
92.07
96.06
105.75
111.95
112.66
106.75
98.94
101.29
98.38
96.91
103.82
100.33
92.02
93.50
101.98
108.82
105.24
99.45
102.31
107.57
108.41
98.38
91.07
87.11
89.16
99.81
112.62
114.20
110.18
103.90
100.77
103.11
109.38
105.00
90.70
89.08
90.13
87.49
89.00
91.02
93.94
92.12
89.42
91.10
92.46
93.39
98.61
101.75
104.68